	Target (OIS)	Target (LIBOR)	Caplet Vola Analytic Single-Curve	Caplet Vola Monte-Carlo Single-Curve	Caplet Vola Analytic Multi-Curve Fenton-Wilkinson	Caplet Vola Analytic Multi-Curve Ju	Caplet Vola Analytic Multi-Curve Ho	Caplet Vola Analytic Multi-Curve Drift-Freeze	Caplet Vola Analytic Multi-Curve Integrated-Expectation	Caplet Vola Monte-Carlo Multi-Curve	Caplet Value Analytic Single-Curve	Caplet Value Monte-Carlo Single-Curve	Caplet Value Analytic Multi-Curve Fenton-Wilkinson	Caplet Value Analytic Multi-Curve Ju	Caplet Value Analytic Multi-Curve Ho	Caplet Value Analytic Multi-Curve Drift-Freeze	Caplet Value Analytic Multi-Curve Integrated-Expectation	Caplet Value Monte-Carlo Multi-Curve	Swaption Vola Analytic Single-Curve	Swaption Vola Monte-Carlo Single-Curve	Swaption Vola Analytic Multi-Curve Drift-Freeze	Swaption Vola Analytic Multi-Curve Integrated-Expectation	Swaption Vola Monte-Carlo Multi-Curve	Swaption Value Analytic Single-Curve	Swaption Value Monte-Carlo Single-Curve	Swaption Value Analytic Multi-Curve Drift-Freeze	Swaption Value Analytic Multi-Curve Integrated-Expectation	Swaption Value Monte-Carlo Multi-Curve	Swaption Exercise Date	Swaption Number Of Periods	Numeraire Single-Curve	Discount Single-Curve	OIS Spot Rate Single-Curve	Numeraire Multi-Curve	OIS Spot Rate Multi-Curve	LIBOR Spot Rate Multi-Curve	OIS Forward Rate Multi-Curve	LIBOR Forward Rate Multi-Curve	Time
Target (OIS)	0.0000000000E00	3.4648610645E-02	5.9467859796E-01	5.8028107043E-01	5.7375915329E-01	5.5980730999E-01	4.7346760998E-01	4.6539171079E-01	4.6539171079E-01	5.2158901346E-01	1.9668852308E00	1.9677932947E00	1.9336071811E00	1.9361236422E00	1.9631686806E00	1.9450345305E00	1.9450345305E00	1.9389404224E00	5.3914634740E-01	5.1628880313E-01	3.9434075538E-01	3.9206027000E-01	4.3747024920E-01	1.4551913680E00	1.4656609826E00	1.3145044894E00	1.3180106305E00	1.2944363013E00	1.3358902230E00	7.5841943116E-01	1.2489746267E01	1.0892445293E00	1.6805833679E00	1.2489746136E01	1.6803899106E00	1.5028041248E00	1.6788792393E00	1.5015351634E00	1.0513856161E00	
Target (LIBOR)	3.4648610645E-02	0.0000000000E00	5.6886172419E-01	5.5445356012E-01	5.4913154324E-01	5.3580853074E-01	4.5235215892E-01	4.4308471319E-01	4.4308471319E-01	4.9776813045E-01	1.9694077452E00	1.9702869414E00	1.9371841719E00	1.9396215887E00	1.9658130581E00	1.9482529117E00	1.9482529117E00	1.9423503950E00	5.1178215560E-01	4.8898307664E-01	3.7153149880E-01	3.6945935922E-01	4.1387955684E-01	1.4711149426E00	1.4813824343E00	1.3331209864E00	1.3365908432E00	1.3133288531E00	1.3528383888E00	7.7836890160E-01	1.2489746267E01	1.0646990659E00	1.6914850825E00	1.2489746136E01	1.6912966420E00	1.5182973403E00	1.6898247682E00	1.5170565983E00	1.0709593006E00	
Caplet Vola Analytic Single-Curve	5.9467859796E-01	5.6886172419E-01	0.0000000000E00	1.6587736719E-02	5.0301108762E-02	7.8592500826E-02	1.8459319518E-01	1.7491827303E-01	1.7491827303E-01	1.0551635383E-01	1.9706563928E00	1.9712850630E00	1.9497745631E00	1.9513519655E00	1.9695595091E00	1.9573771672E00	1.9573771672E00	1.9533388929E00	1.1519093632E-01	1.2601949316E-01	2.4423487404E-01	2.5022442429E-01	2.0386169863E-01	1.6153226765E00	1.6234241349E00	1.5136405653E00	1.5168072124E00	1.4963560720E00	1.4751881691E00	1.1021146796E00	1.2489746267E01	7.3266263673E-01	1.7787517990E00	1.2489746136E01	1.7786061202E00	1.6642149572E00	1.7774480720E00	1.6631884894E00	1.2211016549E00	
Caplet Vola Monte-Carlo Single-Curve	5.8028107043E-01	5.5445356012E-01	1.6587736719E-02	0.0000000000E00	4.3466864610E-02	6.9306154242E-02	1.7162192838E-01	1.6078988887E-01	1.6078988887E-01	9.2589032990E-02	1.9682618584E00	1.9688958847E00	1.9471380707E00	1.9487322888E00	1.9671302575E00	1.9548180007E00	1.9548180007E00	1.9507386217E00	1.0798562837E-01	1.1627710661E-01	2.2974994591E-01	2.3573607329E-01	1.9005363764E-01	1.6095203586E00	1.6176823279E00	1.5069420208E00	1.5101201813E00	1.4895625161E00	1.4684459265E00	1.0917426464E00	1.2489746267E01	7.4148409139E-01	1.7742816473E00	1.2489746136E01	1.7741358330E00	1.6584542426E00	1.7729695501E00	1.6574210833E00	1.2128914202E00	
Caplet Vola Analytic Multi-Curve Fenton-Wilkinson	5.7375915329E-01	5.4913154324E-01	5.0301108762E-02	4.3466864610E-02	0.0000000000E00	3.1942422465E-02	1.3965894986E-01	1.3346182781E-01	1.3346182781E-01	6.2047447275E-02	1.9725773154E00	1.9732392449E00	1.9507694551E00	1.9524132861E00	1.9715345794E00	1.9587386018E00	1.9587386018E00	1.9545069410E00	1.2441131801E-01	1.2746881551E-01	2.1180662806E-01	2.1790969770E-01	1.7195626292E-01	1.6021547391E00	1.6105711468E00	1.4972190811E00	1.5005072121E00	1.4792605183E00	1.4534487854E00	1.0832292166E00	1.2489746267E01	7.7484538562E-01	1.7718264265E00	1.2489746136E01	1.7716733473E00	1.6531951829E00	1.7704576339E00	1.6521202224E00	1.1905602010E00	
Caplet Vola Analytic Multi-Curve Ju	5.5980730999E-01	5.3580853074E-01	7.8592500826E-02	6.9306154242E-02	3.1942422465E-02	0.0000000000E00	1.1566578799E-01	1.0873219720E-01	1.0873219720E-01	4.2294436774E-02	1.9718129326E00	1.9724898126E00	1.9495650763E00	1.9512319416E00	1.9708133319E00	1.9577000491E00	1.9577000491E00	1.9533833166E00	1.2979993885E-01	1.2861680808E-01	1.9104646310E-01	1.9689859618E-01	1.5166106030E-01	1.5943732997E00	1.6029237804E00	1.4880934536E00	1.4914172913E00	1.4698593570E00	1.4394701478E00	1.0724766376E00	1.2489746267E01	7.9599334663E-01	1.7664241952E00	1.2489746136E01	1.7662692012E00	1.6457498871E00	1.7650274065E00	1.6446507924E00	1.1726242934E00	
Caplet Vola Analytic Multi-Curve Ho	4.7346760998E-01	4.5235215892E-01	1.8459319518E-01	1.7162192838E-01	1.3965894986E-01	1.1566578799E-01	0.0000000000E00	3.0726468286E-02	3.0726468286E-02	8.0112287345E-02	1.9619952332E00	1.9627473346E00	1.9371998273E00	1.9390612162E00	1.9608140114E00	1.9462472779E00	1.9462472779E00	1.9414440127E00	1.9417452483E-01	1.7824597915E-01	1.1768454968E-01	1.2328951742E-01	1.0228554338E-01	1.5470499431E00	1.5563203302E00	1.4318466472E00	1.4354037620E00	1.4122658423E00	1.3822175089E00	9.9828546396E-01	1.2489746267E01	8.8144412263E-01	1.7348337371E00	1.2489746136E01	1.7346635078E00	1.6021297007E00	1.7333016268E00	1.6009333295E00	1.0976417669E00	
Caplet Vola Analytic Multi-Curve Drift-Freeze	4.6539171079E-01	4.4308471319E-01	1.7491827303E-01	1.6078988887E-01	1.3346182781E-01	1.0873219720E-01	3.0726468286E-02	0.0000000000E00	0.0000000000E00	7.2235690656E-02	1.9569269688E00	1.9576605339E00	1.9325797886E00	1.9343992643E00	1.9557102015E00	1.9414296944E00	1.9414296944E00	1.9367328851E00	1.7352752651E-01	1.5644159887E-01	1.0268232228E-01	1.0855032719E-01	8.3766286135E-02	1.5494174627E00	1.5585161564E00	1.4358185944E00	1.4392879334E00	1.4166331972E00	1.3872443922E00	9.9916299893E-01	1.2489746267E01	8.6610264707E-01	1.7336144420E00	1.2489746136E01	1.7334497849E00	1.6024880324E00	1.7321203207E00	1.6013179395E00	1.1074711804E00	
Caplet Vola Analytic Multi-Curve Integrated-Expectation	4.6539171079E-01	4.4308471319E-01	1.7491827303E-01	1.6078988887E-01	1.3346182781E-01	1.0873219720E-01	3.0726468286E-02	0.0000000000E00	0.0000000000E00	7.2235690656E-02	1.9569269688E00	1.9576605339E00	1.9325797886E00	1.9343992643E00	1.9557102015E00	1.9414296944E00	1.9414296944E00	1.9367328851E00	1.7352752651E-01	1.5644159887E-01	1.0268232228E-01	1.0855032719E-01	8.3766286135E-02	1.5494174627E00	1.5585161564E00	1.4358185944E00	1.4392879334E00	1.4166331972E00	1.3872443922E00	9.9916299893E-01	1.2489746267E01	8.6610264707E-01	1.7336144420E00	1.2489746136E01	1.7334497849E00	1.6024880324E00	1.7321203207E00	1.6013179395E00	1.1074711804E00	
Caplet Vola Monte-Carlo Multi-Curve	5.2158901346E-01	4.9776813045E-01	1.0551635383E-01	9.2589032990E-02	6.2047447275E-02	4.2294436774E-02	8.0112287345E-02	7.2235690656E-02	7.2235690656E-02	0.0000000000E00	1.9649463320E00	1.9656409727E00	1.9419670719E00	1.9436949958E00	1.9638099140E00	1.9503428344E00	1.9503428344E00	1.9458948681E00	1.3501288630E-01	1.2629741800E-01	1.5736061506E-01	1.6366653417E-01	1.2252342517E-01	1.5772558149E00	1.5859958297E00	1.4681600199E00	1.4715409171E00	1.4496110209E00	1.4231965409E00	1.0427605311E00	1.2489746267E01	8.1708315824E-01	1.7539515745E00	1.2489746136E01	1.7537921618E00	1.6295149067E00	1.7525251423E00	1.6283988880E00	1.1522793995E00	
Caplet Value Analytic Single-Curve	1.9668852308E00	1.9694077452E00	1.9706563928E00	1.9682618584E00	1.9725773154E00	1.9718129326E00	1.9619952332E00	1.9569269688E00	1.9569269688E00	1.9649463320E00	0.0000000000E00	1.6336402503E-02	3.7535828200E-01	3.4734748209E-01	1.7587039638E-01	2.5860560572E-01	2.5860560572E-01	3.2263664312E-01	1.9574666889E00	1.9553748292E00	1.9460050923E00	1.9463822901E00	1.9514688162E00	1.9630769978E00	1.9529261706E00	2.0124766344E00	2.0061593504E00	2.0252692176E00	2.1079256152E00	2.2738648367E00	1.2489746267E01	1.9977071916E00	1.3993165805E00	1.2489746136E01	1.3997534773E00	1.5656375683E00	1.4035778783E00	1.5671668490E00	2.0766378429E00	
Caplet Value Monte-Carlo Single-Curve	1.9677932947E00	1.9702869414E00	1.9712850630E00	1.9688958847E00	1.9732392449E00	1.9724898126E00	1.9627473346E00	1.9576605339E00	1.9576605339E00	1.9656409727E00	1.6336402503E-02	0.0000000000E00	3.8823364172E-01	3.6028314452E-01	1.7384546079E-01	2.7024857128E-01	2.7024857128E-01	3.3510335417E-01	1.9580880984E00	1.9560089873E00	1.9467510194E00	1.9471303624E00	1.9521914026E00	1.9680899331E00	1.9580240159E00	2.0164751883E00	2.0101763128E00	2.0291593099E00	2.1118668260E00	2.2755738853E00	1.2489746267E01	1.9979947092E00	1.4068435356E00	1.2489746136E01	1.4072815598E00	1.5708892316E00	1.4110917132E00	1.5724115191E00	2.0792755210E00	
Caplet Value Analytic Multi-Curve Fenton-Wilkinson	1.9336071811E00	1.9371841719E00	1.9497745631E00	1.9471380707E00	1.9507694551E00	1.9495650763E00	1.9371998273E00	1.9325797886E00	1.9325797886E00	1.9419670719E00	3.7535828200E-01	3.8823364172E-01	0.0000000000E00	3.1057741748E-02	3.5830474019E-01	1.2927655523E-01	1.2927655523E-01	5.8378682238E-02	1.9364994782E00	1.9339343906E00	1.9208909033E00	1.9211790006E00	1.9272929137E00	1.8083424079E00	1.7956198791E00	1.8853443646E00	1.8783266809E00	1.9019890198E00	1.9957096853E00	2.2117230115E00	1.2489746267E01	1.9873934685E00	1.1780799340E00	1.2489746136E01	1.1785728807E00	1.3968373033E00	1.1830324647E00	1.3987425515E00	1.9991248616E00	
Caplet Value Analytic Multi-Curve Ju	1.9361236422E00	1.9396215887E00	1.9513519655E00	1.9487322888E00	1.9524132861E00	1.9512319416E00	1.9390612162E00	1.9343992643E00	1.9343992643E00	1.9436949958E00	3.4734748209E-01	3.6028314452E-01	3.1057741748E-02	0.0000000000E00	3.3615820420E-01	1.0340848297E-01	1.0340848297E-01	3.6788397614E-02	1.9380662095E00	1.9355368127E00	1.9227593182E00	1.9230517415E00	1.9290909895E00	1.8201221719E00	1.8075849107E00	1.8951839227E00	1.8882158391E00	1.9115326696E00	2.0031930455E00	2.2165156862E00	1.2489746267E01	1.9881791422E00	1.1934503596E00	1.2489746136E01	1.1939440849E00	1.4092806328E00	1.1983703587E00	1.4111569436E00	2.0045995422E00	
Caplet Value Analytic Multi-Curve Ho	1.9631686806E00	1.9658130581E00	1.9695595091E00	1.9671302575E00	1.9715345794E00	1.9708133319E00	1.9608140114E00	1.9557102015E00	1.9557102015E00	1.9638099140E00	1.7587039638E-01	1.7384546079E-01	3.5830474019E-01	3.3615820420E-01	0.0000000000E00	2.3553498034E-01	2.3553498034E-01	3.0198650607E-01	1.9562075451E00	1.9540613929E00	1.9445455705E00	1.9449211528E00	1.9501465717E00	1.9550444803E00	1.9447103451E00	2.0042793753E00	1.9978637315E00	2.0176198806E00	2.1142671523E00	2.2663675260E00	1.2489746267E01	1.9967021271E00	1.3965403107E00	1.2489746136E01	1.3969821497E00	1.5550740919E00	1.4009127707E00	1.5567103759E00	2.0787643187E00	
Caplet Value Analytic Multi-Curve Drift-Freeze	1.9450345305E00	1.9482529117E00	1.9573771672E00	1.9548180007E00	1.9587386018E00	1.9577000491E00	1.9462472779E00	1.9414296944E00	1.9414296944E00	1.9503428344E00	2.5860560572E-01	2.7024857128E-01	1.2927655523E-01	1.0340848297E-01	2.3553498034E-01	0.0000000000E00	0.0000000000E00	7.1588142260E-02	1.9440500889E00	1.9416465648E00	1.9299346157E00	1.9302516495E00	1.9360279635E00	1.8643149246E00	1.8524721029E00	1.9311662251E00	1.9243705600E00	1.9465484263E00	2.0387495290E00	2.2329734861E00	1.2489746267E01	1.9910021977E00	1.2580955636E00	1.2489746136E01	1.2585806781E00	1.4564899548E00	1.2628720272E00	1.4582938832E00	2.0287205166E00	
Caplet Value Analytic Multi-Curve Integrated-Expectation	1.9450345305E00	1.9482529117E00	1.9573771672E00	1.9548180007E00	1.9587386018E00	1.9577000491E00	1.9462472779E00	1.9414296944E00	1.9414296944E00	1.9503428344E00	2.5860560572E-01	2.7024857128E-01	1.2927655523E-01	1.0340848297E-01	2.3553498034E-01	0.0000000000E00	0.0000000000E00	7.1588142260E-02	1.9440500889E00	1.9416465648E00	1.9299346157E00	1.9302516495E00	1.9360279635E00	1.8643149246E00	1.8524721029E00	1.9311662251E00	1.9243705600E00	1.9465484263E00	2.0387495290E00	2.2329734861E00	1.2489746267E01	1.9910021977E00	1.2580955636E00	1.2489746136E01	1.2585806781E00	1.4564899548E00	1.2628720272E00	1.4582938832E00	2.0287205166E00	
Caplet Value Monte-Carlo Multi-Curve	1.9389404224E00	1.9423503950E00	1.9533388929E00	1.9507386217E00	1.9545069410E00	1.9533833166E00	1.9414440127E00	1.9367328851E00	1.9367328851E00	1.9458948681E00	3.2263664312E-01	3.3510335417E-01	5.8378682238E-02	3.6788397614E-02	3.0198650607E-01	7.1588142260E-02	7.1588142260E-02	0.0000000000E00	1.9400429694E00	1.9375530171E00	1.9251355293E00	1.9254379080E00	1.9313942641E00	1.8341879021E00	1.8218649814E00	1.9065192593E00	1.8996033963E00	1.9225904168E00	2.0160581232E00	2.2215813917E00	1.2489746267E01	1.9890809500E00	1.2152952511E00	1.2489746136E01	1.2157814538E00	1.4245103576E00	1.2201680983E00	1.4263743708E00	2.0130788749E00	
Swaption Vola Analytic Single-Curve	5.3914634740E-01	5.1178215560E-01	1.1519093632E-01	1.0798562837E-01	1.2441131801E-01	1.2979993885E-01	1.9417452483E-01	1.7352752651E-01	1.7352752651E-01	1.3501288630E-01	1.9574666889E00	1.9580880984E00	1.9364994782E00	1.9380662095E00	1.9562075451E00	1.9440500889E00	1.9440500889E00	1.9400429694E00	0.0000000000E00	2.5551833433E-02	1.9247863376E-01	1.9700570945E-01	1.5210516081E-01	1.6083206981E00	1.6162053920E00	1.5073248804E00	1.5102861015E00	1.4905656008E00	1.4640417885E00	1.0913684879E00	1.2489746267E01	7.3263559719E-01	1.7648683061E00	1.2489746136E01	1.7647267325E00	1.6485444417E00	1.7635871197E00	1.6475322716E00	1.2155079118E00	
Swaption Vola Monte-Carlo Single-Curve	5.1628880313E-01	4.8898307664E-01	1.2601949316E-01	1.1627710661E-01	1.2746881551E-01	1.2861680808E-01	1.7824597915E-01	1.5644159887E-01	1.5644159887E-01	1.2629741800E-01	1.9553748292E00	1.9560089873E00	1.9339343906E00	1.9355368127E00	1.9540613929E00	1.9416465648E00	1.9416465648E00	1.9375530171E00	2.5551833433E-02	0.0000000000E00	1.6888316565E-01	1.7357886114E-01	1.2984671242E-01	1.5993953234E00	1.6074056807E00	1.4966750856E00	1.4996759599E00	1.4796784001E00	1.4536550627E00	1.0759890085E00	1.2489746267E01	7.5087096563E-01	1.7587787344E00	1.2489746136E01	1.7586346221E00	1.6400488617E00	1.7574751149E00	1.6390210970E00	1.2020636915E00	
Swaption Vola Analytic Multi-Curve Drift-Freeze	3.9434075538E-01	3.7153149880E-01	2.4423487404E-01	2.2974994591E-01	2.1180662806E-01	1.9104646310E-01	1.1768454968E-01	1.0268232228E-01	1.0268232228E-01	1.5736061506E-01	1.9460050923E00	1.9467510194E00	1.9208909033E00	1.9227593182E00	1.9445455705E00	1.9299346157E00	1.9299346157E00	1.9251355293E00	1.9247863376E-01	1.6888316565E-01	0.0000000000E00	1.0335904813E-02	4.7281402049E-02	1.5365934942E00	1.5456199535E00	1.4217788888E00	1.4250914411E00	1.4028667924E00	1.3684204375E00	9.8229656740E-01	1.2489746267E01	8.8890801534E-01	1.7167320154E00	1.2489746136E01	1.7165669042E00	1.5807829989E00	1.7152267578E00	1.5796055816E00	1.0912982423E00	
Swaption Vola Analytic Multi-Curve Integrated-Expectation	3.9206027000E-01	3.6945935922E-01	2.5022442429E-01	2.3573607329E-01	2.1790969770E-01	1.9689859618E-01	1.2328951742E-01	1.0855032719E-01	1.0855032719E-01	1.6366653417E-01	1.9463822901E00	1.9471303624E00	1.9211790006E00	1.9230517415E00	1.9449211528E00	1.9302516495E00	1.9302516495E00	1.9254379080E00	1.9700570945E-01	1.7357886114E-01	1.0335904813E-02	0.0000000000E00	5.2249845297E-02	1.5363514989E00	1.5453833479E00	1.4214014570E00	1.4246985319E00	1.4024979650E00	1.3663589294E00	9.8178571156E-01	1.2489746267E01	8.9258509904E-01	1.7162197140E00	1.2489746136E01	1.7160546593E00	1.5798347357E00	1.7147114951E00	1.5786540670E00	1.0890071603E00	
Swaption Vola Monte-Carlo Multi-Curve	4.3747024920E-01	4.1387955684E-01	2.0386169863E-01	1.9005363764E-01	1.7195626292E-01	1.5166106030E-01	1.0228554338E-01	8.3766286135E-02	8.3766286135E-02	1.2252342517E-01	1.9514688162E00	1.9521914026E00	1.9272929137E00	1.9290909895E00	1.9501465717E00	1.9360279635E00	1.9360279635E00	1.9313942641E00	1.5210516081E-01	1.2984671242E-01	4.7281402049E-02	5.2249845297E-02	0.0000000000E00	1.5552775704E00	1.5640736610E00	1.4437004986E00	1.4469529049E00	1.4251409590E00	1.3879652444E00	1.0144679043E00	1.2489746267E01	8.5978689981E-01	1.7298548036E00	1.2489746136E01	1.7296936800E00	1.5986247146E00	1.7283867779E00	1.5974721546E00	1.1153242526E00	
Swaption Value Analytic Single-Curve	1.4551913680E00	1.4711149426E00	1.6153226765E00	1.6095203586E00	1.6021547391E00	1.5943732997E00	1.5470499431E00	1.5494174627E00	1.5494174627E00	1.5772558149E00	1.9630769978E00	1.9680899331E00	1.8083424079E00	1.8201221719E00	1.9550444803E00	1.8643149246E00	1.8643149246E00	1.8341879021E00	1.6083206981E00	1.5993953234E00	1.5365934942E00	1.5363514989E00	1.5552775704E00	0.0000000000E00	2.8091759251E-02	2.9302619709E-01	2.8363974298E-01	3.3543501890E-01	9.7434357667E-01	1.2861413082E00	1.2489746267E01	1.8175469015E00	9.3921639676E-01	1.2489746136E01	9.3839115293E-01	6.3937180753E-01	9.3407511501E-01	6.3750016301E-01	1.0463074771E00	
Swaption Value Monte-Carlo Single-Curve	1.4656609826E00	1.4813824343E00	1.6234241349E00	1.6176823279E00	1.6105711468E00	1.6029237804E00	1.5563203302E00	1.5585161564E00	1.5585161564E00	1.5859958297E00	1.9529261706E00	1.9580240159E00	1.7956198791E00	1.8075849107E00	1.9447103451E00	1.8524721029E00	1.8524721029E00	1.8218649814E00	1.6162053920E00	1.6074056807E00	1.5456199535E00	1.5453833479E00	1.5640736610E00	2.8091759251E-02	0.0000000000E00	3.1879651443E-01	3.0920786788E-01	3.6147135043E-01	9.8451973458E-01	1.3042204182E00	1.2489746267E01	1.8218070016E00	9.2000901496E-01	1.2489746136E01	9.1918017954E-01	6.2586258111E-01	9.1489424662E-01	6.2409419011E-01	1.0629008496E00	
Swaption Value Analytic Multi-Curve Drift-Freeze	1.3145044894E00	1.3331209864E00	1.5136405653E00	1.5069420208E00	1.4972190811E00	1.4880934536E00	1.4318466472E00	1.4358185944E00	1.4358185944E00	1.4681600199E00	2.0124766344E00	2.0164751883E00	1.8853443646E00	1.8951839227E00	2.0042793753E00	1.9311662251E00	1.9311662251E00	1.9065192593E00	1.5073248804E00	1.4966750856E00	1.4217788888E00	1.4214014570E00	1.4437004986E00	2.9302619709E-01	3.1879651443E-01	0.0000000000E00	1.2515324570E-02	4.8618295781E-02	9.1781510314E-01	1.0622522001E00	1.2489746267E01	1.7605329577E00	1.1169400822E00	1.2489746136E01	1.1162082286E00	7.7464179377E-01	1.1120548279E00	7.7225259460E-01	8.9134917141E-01	
Swaption Value Analytic Multi-Curve Integrated-Expectation	1.3180106305E00	1.3365908432E00	1.5168072124E00	1.5101201813E00	1.5005072121E00	1.4914172913E00	1.4354037620E00	1.4392879334E00	1.4392879334E00	1.4715409171E00	2.0061593504E00	2.0101763128E00	1.8783266809E00	1.8882158391E00	1.9978637315E00	1.9243705600E00	1.9243705600E00	1.8996033963E00	1.5102861015E00	1.4996759599E00	1.4250914411E00	1.4246985319E00	1.4469529049E00	2.8363974298E-01	3.0920786788E-01	1.2515324570E-02	0.0000000000E00	5.9679614568E-02	9.1727162129E-01	1.0684087100E00	1.2489746267E01	1.7622211523E00	1.1073820285E00	1.2489746136E01	1.1066501835E00	7.6491624650E-01	1.1025014609E00	7.6254404561E-01	8.9556652642E-01	
Swaption Value Monte-Carlo Multi-Curve	1.2944363013E00	1.3133288531E00	1.4963560720E00	1.4895625161E00	1.4792605183E00	1.4698593570E00	1.4122658423E00	1.4166331972E00	1.4166331972E00	1.4496110209E00	2.0252692176E00	2.0291593099E00	1.9019890198E00	1.9115326696E00	2.0176198806E00	1.9465484263E00	1.9465484263E00	1.9225904168E00	1.4905656008E00	1.4796784001E00	1.4028667924E00	1.4024979650E00	1.4251409590E00	3.3543501890E-01	3.6147135043E-01	4.8618295781E-02	5.9679614568E-02	0.0000000000E00	9.0579340020E-01	1.0340357755E00	1.2489746267E01	1.7513806445E00	1.1466769548E00	1.2489746136E01	1.1459463062E00	8.0484895535E-01	1.1417848530E00	8.0237523037E-01	8.6197403576E-01	
Swaption Exercise Date	1.3358902230E00	1.3528383888E00	1.4751881691E00	1.4684459265E00	1.4534487854E00	1.4394701478E00	1.3822175089E00	1.3872443922E00	1.3872443922E00	1.4231965409E00	2.1079256152E00	2.1118668260E00	1.9957096853E00	2.0031930455E00	2.1142671523E00	2.0387495290E00	2.0387495290E00	2.0160581232E00	1.4640417885E00	1.4536550627E00	1.3684204375E00	1.3663589294E00	1.3879652444E00	9.7434357667E-01	9.8451973458E-01	9.1781510314E-01	9.1727162129E-01	9.0579340020E-01	0.0000000000E00	1.4001936390E00	1.2489746267E01	1.7561081990E00	1.1854933765E00	1.2489746136E01	1.1850391324E00	9.1634248755E-01	1.1802397276E00	9.1292019257E-01	4.9749066255E-01	
Swaption Number Of Periods	7.5841943116E-01	7.7836890160E-01	1.1021146796E00	1.0917426464E00	1.0832292166E00	1.0724766376E00	9.9828546396E-01	9.9916299893E-01	9.9916299893E-01	1.0427605311E00	2.2738648367E00	2.2755738853E00	2.2117230115E00	2.2165156862E00	2.2663675260E00	2.2329734861E00	2.2329734861E00	2.2215813917E00	1.0913684879E00	1.0759890085E00	9.8229656740E-01	9.8178571156E-01	1.0144679043E00	1.2861413082E00	1.3042204182E00	1.0622522001E00	1.0684087100E00	1.0340357755E00	1.4001936390E00	0.0000000000E00	1.2489746267E01	1.4705259795E00	1.7839038699E00	1.2489746136E01	1.7835547299E00	1.5088280835E00	1.7811580415E00	1.5070680027E00	1.0671823216E00	
Numeraire Single-Curve	1.2489746267E01	1.2489746267E01	1.2489746267E01	1.2489746267E01	1.2489746267E01	1.2489746267E01	1.2489746267E01	1.2489746267E01	1.2489746267E01	1.2489746267E01	1.2489746267E01	1.2489746267E01	1.2489746267E01	1.2489746267E01	1.2489746267E01	1.2489746267E01	1.2489746267E01	1.2489746267E01	1.2489746267E01	1.2489746267E01	1.2489746267E01	1.2489746267E01	1.2489746267E01	1.2489746267E01	1.2489746267E01	1.2489746267E01	1.2489746267E01	1.2489746267E01	1.2489746267E01	1.2489746267E01	0.0000000000E00	1.2489746267E01	1.2489746267E01	1.2033255573E01	1.2489746267E01	1.2489746267E01	1.2489746267E01	1.2489746267E01	1.2489746267E01	
Discount Single-Curve	1.0892445293E00	1.0646990659E00	7.3266263673E-01	7.4148409139E-01	7.7484538562E-01	7.9599334663E-01	8.8144412263E-01	8.6610264707E-01	8.6610264707E-01	8.1708315824E-01	1.9977071916E00	1.9979947092E00	1.9873934685E00	1.9881791422E00	1.9967021271E00	1.9910021977E00	1.9910021977E00	1.9890809500E00	7.3263559719E-01	7.5087096563E-01	8.8890801534E-01	8.9258509904E-01	8.5978689981E-01	1.8175469015E00	1.8218070016E00	1.7605329577E00	1.7622211523E00	1.7513806445E00	1.7561081990E00	1.4705259795E00	1.2489746267E01	0.0000000000E00	1.9034180292E00	1.2489746136E01	1.9033476805E00	1.8409953661E00	1.9027993126E00	1.8404984441E00	1.6150865428E00	
OIS Spot Rate Single-Curve	1.6805833679E00	1.6914850825E00	1.7787517990E00	1.7742816473E00	1.7718264265E00	1.7664241952E00	1.7348337371E00	1.7336144420E00	1.7336144420E00	1.7539515745E00	1.3993165805E00	1.4068435356E00	1.1780799340E00	1.1934503596E00	1.3965403107E00	1.2580955636E00	1.2580955636E00	1.2152952511E00	1.7648683061E00	1.7587787344E00	1.7167320154E00	1.7162197140E00	1.7298548036E00	9.3921639676E-01	9.2000901496E-01	1.1169400822E00	1.1073820285E00	1.1466769548E00	1.1854933765E00	1.7839038699E00	1.2489746267E01	1.9034180292E00	0.0000000000E00	1.2489746136E01	2.3976447434E-03	4.3903875130E-01	7.7002754621E-03	4.4131154566E-01	1.4039290061E00	
Numeraire Multi-Curve	1.2489746136E01	1.2489746136E01	1.2489746136E01	1.2489746136E01	1.2489746136E01	1.2489746136E01	1.2489746136E01	1.2489746136E01	1.2489746136E01	1.2489746136E01	1.2489746136E01	1.2489746136E01	1.2489746136E01	1.2489746136E01	1.2489746136E01	1.2489746136E01	1.2489746136E01	1.2489746136E01	1.2489746136E01	1.2489746136E01	1.2489746136E01	1.2489746136E01	1.2489746136E01	1.2489746136E01	1.2489746136E01	1.2489746136E01	1.2489746136E01	1.2489746136E01	1.2489746136E01	1.2489746136E01	1.2033255573E01	1.2489746136E01	1.2489746136E01	0.0000000000E00	1.2489746136E01	1.2489746136E01	1.2489746136E01	1.2489746136E01	1.2489746136E01	
OIS Spot Rate Multi-Curve	1.6803899106E00	1.6912966420E00	1.7786061202E00	1.7741358330E00	1.7716733473E00	1.7662692012E00	1.7346635078E00	1.7334497849E00	1.7334497849E00	1.7537921618E00	1.3997534773E00	1.4072815598E00	1.1785728807E00	1.1939440849E00	1.3969821497E00	1.2585806781E00	1.2585806781E00	1.2157814538E00	1.7647267325E00	1.7586346221E00	1.7165669042E00	1.7160546593E00	1.7296936800E00	9.3839115293E-01	9.1918017954E-01	1.1162082286E00	1.1066501835E00	1.1459463062E00	1.1850391324E00	1.7835547299E00	1.2489746267E01	1.9033476805E00	2.3976447434E-03	1.2489746136E01	0.0000000000E00	4.3843700693E-01	6.6995303932E-03	4.4071119795E-01	1.4034831575E00	
LIBOR Spot Rate Multi-Curve	1.5028041248E00	1.5182973403E00	1.6642149572E00	1.6584542426E00	1.6531951829E00	1.6457498871E00	1.6021297007E00	1.6024880324E00	1.6024880324E00	1.6295149067E00	1.5656375683E00	1.5708892316E00	1.3968373033E00	1.4092806328E00	1.5550740919E00	1.4564899548E00	1.4564899548E00	1.4245103576E00	1.6485444417E00	1.6400488617E00	1.5807829989E00	1.5798347357E00	1.5986247146E00	6.3937180753E-01	6.2586258111E-01	7.7464179377E-01	7.6491624650E-01	8.0484895535E-01	9.1634248755E-01	1.5088280835E00	1.2489746267E01	1.8409953661E00	4.3903875130E-01	1.2489746136E01	4.3843700693E-01	0.0000000000E00	4.3424620426E-01	4.5606979739E-03	1.1323808430E00	
OIS Forward Rate Multi-Curve	1.6788792393E00	1.6898247682E00	1.7774480720E00	1.7729695501E00	1.7704576339E00	1.7650274065E00	1.7333016268E00	1.7321203207E00	1.7321203207E00	1.7525251423E00	1.4035778783E00	1.4110917132E00	1.1830324647E00	1.1983703587E00	1.4009127707E00	1.2628720272E00	1.2628720272E00	1.2201680983E00	1.7635871197E00	1.7574751149E00	1.7152267578E00	1.7147114951E00	1.7283867779E00	9.3407511501E-01	9.1489424662E-01	1.1120548279E00	1.1025014609E00	1.1417848530E00	1.1802397276E00	1.7811580415E00	1.2489746267E01	1.9027993126E00	7.7002754621E-03	1.2489746136E01	6.6995303932E-03	4.3424620426E-01	0.0000000000E00	4.3648499821E-01	1.3996202600E00	
LIBOR Forward Rate Multi-Curve	1.5015351634E00	1.5170565983E00	1.6631884894E00	1.6574210833E00	1.6521202224E00	1.6446507924E00	1.6009333295E00	1.6013179395E00	1.6013179395E00	1.6283988880E00	1.5671668490E00	1.5724115191E00	1.3987425515E00	1.4111569436E00	1.5567103759E00	1.4582938832E00	1.4582938832E00	1.4263743708E00	1.6475322716E00	1.6390210970E00	1.5796055816E00	1.5786540670E00	1.5974721546E00	6.3750016301E-01	6.2409419011E-01	7.7225259460E-01	7.6254404561E-01	8.0237523037E-01	9.1292019257E-01	1.5070680027E00	1.2489746267E01	1.8404984441E00	4.4131154566E-01	1.2489746136E01	4.4071119795E-01	4.5606979739E-03	4.3648499821E-01	0.0000000000E00	1.1293221145E00	
Time	1.0513856161E00	1.0709593006E00	1.2211016549E00	1.2128914202E00	1.1905602010E00	1.1726242934E00	1.0976417669E00	1.1074711804E00	1.1074711804E00	1.1522793995E00	2.0766378429E00	2.0792755210E00	1.9991248616E00	2.0045995422E00	2.0787643187E00	2.0287205166E00	2.0287205166E00	2.0130788749E00	1.2155079118E00	1.2020636915E00	1.0912982423E00	1.0890071603E00	1.1153242526E00	1.0463074771E00	1.0629008496E00	8.9134917141E-01	8.9556652642E-01	8.6197403576E-01	4.9749066255E-01	1.0671823216E00	1.2489746267E01	1.6150865428E00	1.4039290061E00	1.2489746136E01	1.4034831575E00	1.1323808430E00	1.3996202600E00	1.1293221145E00	0.0000000000E00	
