	Target (OIS)	Target (LIBOR)	Caplet Vola Analytic Single-Curve	Caplet Vola Monte-Carlo Single-Curve	Caplet Vola Analytic Multi-Curve Fenton-Wilkinson	Caplet Vola Analytic Multi-Curve Ju	Caplet Vola Analytic Multi-Curve Ho	Caplet Vola Analytic Multi-Curve Drift-Freeze	Caplet Vola Analytic Multi-Curve Integrated-Expectation	Caplet Vola Monte-Carlo Multi-Curve	Caplet Value Analytic Single-Curve	Caplet Value Monte-Carlo Single-Curve	Caplet Value Analytic Multi-Curve Fenton-Wilkinson	Caplet Value Analytic Multi-Curve Ju	Caplet Value Analytic Multi-Curve Ho	Caplet Value Analytic Multi-Curve Drift-Freeze	Caplet Value Analytic Multi-Curve Integrated-Expectation	Caplet Value Monte-Carlo Multi-Curve	Swaption Vola Analytic Single-Curve	Swaption Vola Monte-Carlo Single-Curve	Swaption Vola Analytic Multi-Curve Drift-Freeze	Swaption Vola Analytic Multi-Curve Integrated-Expectation	Swaption Vola Monte-Carlo Multi-Curve	Swaption Value Analytic Single-Curve	Swaption Value Monte-Carlo Single-Curve	Swaption Value Analytic Multi-Curve Drift-Freeze	Swaption Value Analytic Multi-Curve Integrated-Expectation	Swaption Value Monte-Carlo Multi-Curve	Swaption Exercise Date	Swaption Number Of Periods	Numeraire Single-Curve	Discount Single-Curve	OIS Spot Rate Single-Curve	Numeraire Multi-Curve	OIS Spot Rate Multi-Curve	LIBOR Spot Rate Multi-Curve	OIS Forward Rate Multi-Curve	LIBOR Forward Rate Multi-Curve	Time
Target (OIS)	0.0000000000E00	1.1065306597E-02	2.7759109865E-01	2.7868442257E-01	2.7021223430E-01	2.7654373100E-01	2.2255064483E-01	2.3463626103E-01	2.3463626103E-01	2.5339776677E-01	3.1974406545E-01	3.1974225182E-01	3.1849347077E-01	3.1853354570E-01	3.1887501763E-01	3.1858056477E-01	3.1858056477E-01	3.1854110440E-01	2.8887305926E-01	2.7039407811E-01	2.2350488814E-01	2.3558654275E-01	2.3954624316E-01	3.0670384732E-01	3.0675052726E-01	3.0226587634E-01	3.0227329192E-01	3.0225544795E-01	3.1089389132E-01	2.8502755691E-01	5.1734524017E84	6.9556228128E-01	3.0894843377E-01	9.6302764290E82	3.0894568459E-01	2.9494385214E-01	3.0895353202E-01	2.9495353202E-01	3.0186982720E-01	
Target (LIBOR)	1.1065306597E-02	0.0000000000E00	2.7170045454E-01	2.7279377846E-01	2.6432159020E-01	2.7065308690E-01	2.1666000073E-01	2.2874561692E-01	2.2874561692E-01	2.4750712267E-01	3.3080937205E-01	3.3080755842E-01	3.2955877737E-01	3.2959885230E-01	3.2994032423E-01	3.2964587137E-01	3.2964587137E-01	3.2960641099E-01	2.8291111607E-01	2.6443213492E-01	2.1754294495E-01	2.2962459956E-01	2.3358429997E-01	3.1759284768E-01	3.1767707303E-01	3.1299699161E-01	3.1300440720E-01	3.1298656322E-01	3.2195919791E-01	2.9554574853E-01	5.1734524017E84	6.8513325677E-01	3.1998131418E-01	9.6302764290E82	3.1997856500E-01	3.0597673255E-01	3.1998641243E-01	3.0598641243E-01	3.1279637296E-01	
Caplet Vola Analytic Single-Curve	2.7759109865E-01	2.7170045454E-01	0.0000000000E00	1.1072413432E-02	3.2182666164E-02	4.4194075498E-02	8.0075781347E-02	8.3714599437E-02	8.3714599437E-02	5.1414305184E-02	4.4872036887E-01	4.4886049879E-01	4.4643507806E-01	4.4657094816E-01	4.4941109423E-01	4.4754467078E-01	4.4754467078E-01	4.4698958580E-01	1.0008926693E-01	9.6593786272E-02	1.4684532315E-01	1.5223998763E-01	1.3616175503E-01	4.4265561774E-01	4.4304721945E-01	4.3891681286E-01	4.3887062516E-01	4.3783041904E-01	3.9512736725E-01	4.3594545530E-01	5.1734524017E84	7.5531957834E-01	4.2317469624E-01	9.6302764290E82	4.2297238006E-01	4.1178921114E-01	4.2283593140E-01	4.1139896864E-01	3.4512736725E-01	
Caplet Vola Monte-Carlo Single-Curve	2.7868442257E-01	2.7279377846E-01	1.1072413432E-02	0.0000000000E00	3.0871736499E-02	4.2275197031E-02	7.7743752924E-02	7.5660345498E-02	7.5660345498E-02	4.7557498821E-02	4.4234416365E-01	4.4233189653E-01	4.4143217911E-01	4.4134899463E-01	4.4379124032E-01	4.4192074173E-01	4.4192074173E-01	4.4165972645E-01	9.9565311213E-02	9.6058218197E-02	1.3702963657E-01	1.4242430105E-01	1.2634606844E-01	4.3220785374E-01	4.3256310074E-01	4.2962129206E-01	4.2920757687E-01	4.2907506730E-01	3.9009024563E-01	4.2659443956E-01	5.1734524017E84	7.5506682879E-01	4.1438834299E-01	9.6302764290E82	4.1455108566E-01	4.0950509842E-01	4.1446399443E-01	4.0953185157E-01	3.4152170379E-01	
Caplet Vola Analytic Multi-Curve Fenton-Wilkinson	2.7021223430E-01	2.6432159020E-01	3.2182666164E-02	3.0871736499E-02	0.0000000000E00	2.0108726827E-02	6.2558953658E-02	6.8769441808E-02	6.8769441808E-02	3.2884693395E-02	4.3782195786E-01	4.3795631808E-01	4.3596131238E-01	4.3598264900E-01	4.3880460726E-01	4.3689672900E-01	4.3689672900E-01	4.3646503862E-01	1.2118009211E-01	1.1640515783E-01	1.3221199676E-01	1.3878322529E-01	1.2140137673E-01	4.3205413018E-01	4.3244573188E-01	4.2831532529E-01	4.2826913759E-01	4.2722893148E-01	3.7717512509E-01	4.2534396774E-01	5.1734524017E84	7.6353012660E-01	4.1179422435E-01	9.6302764290E82	4.1163422647E-01	4.0220130997E-01	4.1144516421E-01	4.0185886376E-01	3.2158880479E-01	
Caplet Vola Analytic Multi-Curve Ju	2.7654373100E-01	2.7065308690E-01	4.4194075498E-02	4.2275197031E-02	2.0108726827E-02	0.0000000000E00	5.6048454690E-02	5.4452398708E-02	5.4452398708E-02	3.0710663062E-02	4.4040472010E-01	4.4044265909E-01	4.3934583904E-01	4.3926955549E-01	4.4180667828E-01	4.3991095404E-01	4.3991095404E-01	4.3965271382E-01	1.2491655311E-01	1.2014161882E-01	1.2422702715E-01	1.3079825568E-01	1.0980226644E-01	4.3251117242E-01	4.3297201770E-01	4.3067276842E-01	4.3025905323E-01	4.3012654366E-01	3.5805430356E-01	4.2764591593E-01	5.1734524017E84	7.6432466456E-01	4.1269722753E-01	9.6302764290E82	4.1264320470E-01	4.0736440685E-01	4.1260623339E-01	4.0739116000E-01	3.0214824153E-01	
Caplet Vola Analytic Multi-Curve Ho	2.2255064483E-01	2.1666000073E-01	8.0075781347E-02	7.7743752924E-02	6.2558953658E-02	5.6048454690E-02	0.0000000000E00	2.1007224839E-02	2.1007224839E-02	3.4744596526E-02	3.8621038591E-01	3.8619811879E-01	3.8529840138E-01	3.8521521690E-01	3.8765746259E-01	3.8578696399E-01	3.8578696399E-01	3.8552594871E-01	1.4875965343E-01	1.4398471915E-01	7.8418605572E-02	7.9351337070E-02	8.1343765860E-02	3.7732527522E-01	3.7778612049E-01	3.7548687122E-01	3.7507315603E-01	3.7494064646E-01	3.1520257564E-01	3.7246001872E-01	5.1734524017E84	7.8046071258E-01	3.5825456526E-01	9.6302764290E82	3.5841730793E-01	3.5337132069E-01	3.5833021670E-01	3.5339807384E-01	2.6520257564E-01	
Caplet Vola Analytic Multi-Curve Drift-Freeze	2.3463626103E-01	2.2874561692E-01	8.3714599437E-02	7.5660345498E-02	6.8769441808E-02	5.4452398708E-02	2.1007224839E-02	0.0000000000E00	0.0000000000E00	3.9980071741E-02	3.9829600211E-01	3.9828373499E-01	3.9738401757E-01	3.9730083309E-01	3.9974307878E-01	3.9787258019E-01	3.9787258019E-01	3.9761156491E-01	1.2890048528E-01	1.2412555099E-01	6.9774628446E-02	7.6345856967E-02	6.2667616314E-02	3.8715387558E-01	3.8761472086E-01	3.8531547159E-01	3.8490175639E-01	3.8476924682E-01	3.1451603541E-01	3.8228861909E-01	5.1734524017E84	7.6481358081E-01	3.7034018145E-01	9.6302764290E82	3.7050292412E-01	3.6545693688E-01	3.7041583289E-01	3.6548369003E-01	2.6887961715E-01	
Caplet Vola Analytic Multi-Curve Integrated-Expectation	2.3463626103E-01	2.2874561692E-01	8.3714599437E-02	7.5660345498E-02	6.8769441808E-02	5.4452398708E-02	2.1007224839E-02	0.0000000000E00	0.0000000000E00	3.9980071741E-02	3.9829600211E-01	3.9828373499E-01	3.9738401757E-01	3.9730083309E-01	3.9974307878E-01	3.9787258019E-01	3.9787258019E-01	3.9761156491E-01	1.2890048528E-01	1.2412555099E-01	6.9774628446E-02	7.6345856967E-02	6.2667616314E-02	3.8715387558E-01	3.8761472086E-01	3.8531547159E-01	3.8490175639E-01	3.8476924682E-01	3.1451603541E-01	3.8228861909E-01	5.1734524017E84	7.6481358081E-01	3.7034018145E-01	9.6302764290E82	3.7050292412E-01	3.6545693688E-01	3.7041583289E-01	3.6548369003E-01	2.6887961715E-01	
Caplet Vola Monte-Carlo Multi-Curve	2.5339776677E-01	2.4750712267E-01	5.1414305184E-02	4.7557498821E-02	3.2884693395E-02	3.0710663062E-02	3.4744596526E-02	3.9980071741E-02	3.9980071741E-02	0.0000000000E00	4.1705750785E-01	4.1704524073E-01	4.1614552332E-01	4.1606233884E-01	4.1850458453E-01	4.1663408593E-01	4.1663408593E-01	4.1637307065E-01	1.2562358487E-01	1.2084865058E-01	1.0158863271E-01	1.0698329719E-01	9.0905064580E-02	4.0499135021E-01	4.0545219548E-01	4.0315294621E-01	4.0273923102E-01	4.0260672145E-01	3.4667881294E-01	4.0012609371E-01	5.1734524017E84	7.6443155776E-01	3.8910168720E-01	9.6302764290E82	3.8926442987E-01	3.8421844263E-01	3.8917733864E-01	3.8424519578E-01	2.9397802761E-01	
Caplet Value Analytic Single-Curve	3.1974406545E-01	3.3080937205E-01	4.4872036887E-01	4.4234416365E-01	4.3782195786E-01	4.4040472010E-01	3.8621038591E-01	3.9829600211E-01	3.9829600211E-01	4.1705750785E-01	0.0000000000E00	1.4012991514E-04	3.1384377623E-03	2.7831578029E-03	1.4470766753E-03	2.2184642269E-03	2.2184642269E-03	2.6874705082E-03	4.5623385819E-01	4.3802297785E-01	3.8916004482E-01	4.0124169943E-01	4.0850995090E-01	9.9400891975E-02	9.6886148847E-02	1.2307732192E-01	1.2088264470E-01	1.2740722937E-01	1.5283106207E-01	3.3748057416E-01	5.1734524017E84	9.9779834868E-01	2.7955820655E-02	9.6302764290E82	2.7793077987E-02	3.9293781951E-02	2.7880169216E-02	3.9393841720E-02	1.8783106207E-01	
Caplet Value Monte-Carlo Single-Curve	3.1974225182E-01	3.3080755842E-01	4.4886049879E-01	4.4233189653E-01	4.3795631808E-01	4.4044265909E-01	3.8619811879E-01	3.9828373499E-01	3.9828373499E-01	4.1704524073E-01	1.4012991514E-04	0.0000000000E00	3.2432195775E-03	2.8594510641E-03	1.4593437950E-03	2.2378314078E-03	2.2378314078E-03	2.7068376891E-03	4.5633417255E-01	4.3812329221E-01	3.8919798382E-01	4.0127963842E-01	4.0861026526E-01	9.9530657166E-02	9.7015914037E-02	1.2319876030E-01	1.2100408308E-01	1.2752866775E-01	1.5281879495E-01	3.3748580919E-01	5.1734524017E84	9.9779813505E-01	2.7943553535E-02	9.6302764290E82	2.7799454389E-02	3.9320875888E-02	2.7867902097E-02	3.9480997725E-02	1.8781879495E-01	
Caplet Value Analytic Multi-Curve Fenton-Wilkinson	3.1849347077E-01	3.2955877737E-01	4.4643507806E-01	4.4143217911E-01	4.3596131238E-01	4.3934583904E-01	3.8529840138E-01	3.9738401757E-01	3.9738401757E-01	4.1614552332E-01	3.1384377623E-03	3.2432195775E-03	0.0000000000E00	3.8376851336E-04	3.0420700249E-03	1.3255686398E-03	1.3255686398E-03	5.9568435897E-04	4.5474513055E-01	4.3653425021E-01	3.8810116376E-01	4.0018281837E-01	4.0702122325E-01	9.7167542328E-02	9.4652799200E-02	1.2004743897E-01	1.1785276176E-01	1.2437734643E-01	1.5191907754E-01	3.3538171624E-01	5.1734524017E84	9.9752508333E-01	2.7043836122E-02	9.6302764290E82	2.6881093453E-02	3.6209048226E-02	2.6968184683E-02	3.6315132170E-02	1.8691907754E-01	
Caplet Value Analytic Multi-Curve Ju	3.1853354570E-01	3.2959885230E-01	4.4657094816E-01	4.4134899463E-01	4.3598264900E-01	4.3926955549E-01	3.8521521690E-01	3.9730083309E-01	3.9730083309E-01	4.1606233884E-01	2.7831578029E-03	2.8594510641E-03	3.8376851336E-04	0.0000000000E00	2.8401460690E-03	1.0033899402E-03	1.0033899402E-03	4.8238962383E-04	4.5471797072E-01	4.3650709038E-01	3.8802488022E-01	4.0010653482E-01	4.0699406342E-01	9.7303412429E-02	9.4788669300E-02	1.2040651837E-01	1.1821184115E-01	1.2473642583E-01	1.5183589306E-01	3.3549946437E-01	5.1734524017E84	9.9752670246E-01	2.6960651640E-02	9.6302764290E82	2.6797908971E-02	3.6513533132E-02	2.6885000201E-02	3.6634496198E-02	1.8683589306E-01	
Caplet Value Analytic Multi-Curve Ho	3.1887501763E-01	3.2994032423E-01	4.4941109423E-01	4.4379124032E-01	4.3880460726E-01	4.4180667828E-01	3.8765746259E-01	3.9974307878E-01	3.9974307878E-01	4.1850458453E-01	1.4470766753E-03	1.4593437950E-03	3.0420700249E-03	2.8401460690E-03	0.0000000000E00	1.9302270725E-03	1.9302270725E-03	2.5582794282E-03	4.5745634608E-01	4.3924546573E-01	3.9056200300E-01	4.0264365761E-01	4.0973243878E-01	1.0014355850E-01	9.7628815369E-02	1.2299799229E-01	1.2080331508E-01	1.2732789975E-01	1.5427813875E-01	3.3634303029E-01	5.1734524017E84	9.9756648292E-01	2.9402897330E-02	9.6302764290E82	2.9240154662E-02	3.8976838046E-02	2.9327245892E-02	3.9103057651E-02	1.8927813875E-01	
Caplet Value Analytic Multi-Curve Drift-Freeze	3.1858056477E-01	3.2964587137E-01	4.4754467078E-01	4.4192074173E-01	4.3689672900E-01	4.3991095404E-01	3.8578696399E-01	3.9787258019E-01	3.9787258019E-01	4.1663408593E-01	2.2184642269E-03	2.2378314078E-03	1.3255686398E-03	1.0033899402E-03	1.9302270725E-03	0.0000000000E00	0.0000000000E00	7.5693947049E-04	4.5552611900E-01	4.3731523866E-01	3.8866627876E-01	4.0074793337E-01	4.0780221171E-01	9.8277135050E-02	9.5762391922E-02	1.2137300761E-01	1.1917833040E-01	1.2570291507E-01	1.5240764015E-01	3.3571880135E-01	5.1734524017E84	9.9752769881E-01	2.7532398736E-02	9.6302764290E82	2.7369656068E-02	3.7368309326E-02	2.7456747298E-02	3.7538107581E-02	1.8740764015E-01	
Caplet Value Analytic Multi-Curve Integrated-Expectation	3.1858056477E-01	3.2964587137E-01	4.4754467078E-01	4.4192074173E-01	4.3689672900E-01	4.3991095404E-01	3.8578696399E-01	3.9787258019E-01	3.9787258019E-01	4.1663408593E-01	2.2184642269E-03	2.2378314078E-03	1.3255686398E-03	1.0033899402E-03	1.9302270725E-03	0.0000000000E00	0.0000000000E00	7.5693947049E-04	4.5552611900E-01	4.3731523866E-01	3.8866627876E-01	4.0074793337E-01	4.0780221171E-01	9.8277135050E-02	9.5762391922E-02	1.2137300761E-01	1.1917833040E-01	1.2570291507E-01	1.5240764015E-01	3.3571880135E-01	5.1734524017E84	9.9752769881E-01	2.7532398736E-02	9.6302764290E82	2.7369656068E-02	3.7368309326E-02	2.7456747298E-02	3.7538107581E-02	1.8740764015E-01	
Caplet Value Monte-Carlo Multi-Curve	3.1854110440E-01	3.2960641099E-01	4.4698958580E-01	4.4165972645E-01	4.3646503862E-01	4.3965271382E-01	3.8552594871E-01	3.9761156491E-01	3.9761156491E-01	4.1637307065E-01	2.6874705082E-03	2.7068376891E-03	5.9568435897E-04	4.8238962383E-04	2.5582794282E-03	7.5693947049E-04	7.5693947049E-04	0.0000000000E00	4.5518952513E-01	4.3697864478E-01	3.8840803855E-01	4.0048969315E-01	4.0746561783E-01	9.7722050072E-02	9.5207306943E-02	1.2062442728E-01	1.1842975006E-01	1.2495433473E-01	1.5214662487E-01	3.3553370646E-01	5.1734524017E84	9.9752692035E-01	2.7271383456E-02	9.6302764290E82	2.7108640788E-02	3.6643048809E-02	2.7195732017E-02	3.6834871499E-02	1.8714662487E-01	
Swaption Vola Analytic Single-Curve	2.8887305926E-01	2.8291111607E-01	1.0008926693E-01	9.9565311213E-02	1.2118009211E-01	1.2491655311E-01	1.4875965343E-01	1.2890048528E-01	1.2890048528E-01	1.2562358487E-01	4.5623385819E-01	4.5633417255E-01	4.5474513055E-01	4.5471797072E-01	4.5745634608E-01	4.5552611900E-01	4.5552611900E-01	4.5518952513E-01	0.0000000000E00	1.8478981157E-02	8.2862271817E-02	8.5300337130E-02	7.4824607261E-02	4.4908544204E-01	4.4953925761E-01	4.4618479658E-01	4.4591729025E-01	4.4502294288E-01	3.9087096730E-01	4.4366655744E-01	5.1734524017E84	7.1489487239E-01	4.2895434703E-01	9.6302764290E82	4.2898190155E-01	4.2140676600E-01	4.2868772146E-01	4.2109533769E-01	3.7868081002E-01	
Swaption Vola Monte-Carlo Single-Curve	2.7039407811E-01	2.6443213492E-01	9.6593786272E-02	9.6058218197E-02	1.1640515783E-01	1.2014161882E-01	1.4398471915E-01	1.2412555099E-01	1.2412555099E-01	1.2084865058E-01	4.3802297785E-01	4.3812329221E-01	4.3653425021E-01	4.3650709038E-01	4.3924546573E-01	4.3731523866E-01	4.3731523866E-01	4.3697864478E-01	1.8478981157E-02	0.0000000000E00	7.3700382111E-02	7.3861890366E-02	6.8689503020E-02	4.3087456170E-01	4.3132837727E-01	4.2797391624E-01	4.2770640991E-01	4.2681206254E-01	3.8477494505E-01	4.2545567710E-01	5.1734524017E84	7.1598333648E-01	4.1074346669E-01	9.6302764290E82	4.1077102121E-01	4.0319588565E-01	4.1047684112E-01	4.0285343944E-01	3.7390587573E-01	
Swaption Vola Analytic Multi-Curve Drift-Freeze	2.2350488814E-01	2.1754294495E-01	1.4684532315E-01	1.3702963657E-01	1.3221199676E-01	1.2422702715E-01	7.8418605572E-02	6.9774628446E-02	6.9774628446E-02	1.0158863271E-01	3.8916004482E-01	3.8919798382E-01	3.8810116376E-01	3.8802488022E-01	3.9056200300E-01	3.8866627876E-01	3.8866627876E-01	3.8840803855E-01	8.2862271817E-02	7.3700382111E-02	0.0000000000E00	1.2081654607E-02	3.0954515613E-02	3.8126649715E-01	3.8172734242E-01	3.7942809315E-01	3.7901437795E-01	3.7888186838E-01	3.1461898268E-01	3.7640124065E-01	5.1734524017E84	7.3516918567E-01	3.6142292392E-01	9.6302764290E82	3.6139852943E-01	3.5583090842E-01	3.6136155811E-01	3.5572716658E-01	3.0461898268E-01	
Swaption Vola Analytic Multi-Curve Integrated-Expectation	2.3558654275E-01	2.2962459956E-01	1.5223998763E-01	1.4242430105E-01	1.3878322529E-01	1.3079825568E-01	7.9351337070E-02	7.6345856967E-02	7.6345856967E-02	1.0698329719E-01	4.0124169943E-01	4.0127963842E-01	4.0018281837E-01	4.0010653482E-01	4.0264365761E-01	4.0074793337E-01	4.0074793337E-01	4.0048969315E-01	8.5300337130E-02	7.3861890366E-02	1.2081654607E-02	0.0000000000E00	3.1254526119E-02	3.9334815175E-01	3.9380899703E-01	3.9150974776E-01	3.9109603256E-01	3.9096352299E-01	3.1438437048E-01	3.8848289526E-01	5.1734524017E84	7.3553374556E-01	3.7350457853E-01	9.6302764290E82	3.7348018403E-01	3.6791256302E-01	3.7344321272E-01	3.6780882118E-01	3.0438437048E-01	
Swaption Vola Monte-Carlo Multi-Curve	2.3954624316E-01	2.3358429997E-01	1.3616175503E-01	1.2634606844E-01	1.2140137673E-01	1.0980226644E-01	8.1343765860E-02	6.2667616314E-02	6.2667616314E-02	9.0905064580E-02	4.0850995090E-01	4.0861026526E-01	4.0702122325E-01	4.0699406342E-01	4.0973243878E-01	4.0780221171E-01	4.0780221171E-01	4.0746561783E-01	7.4824607261E-02	6.8689503020E-02	3.0954515613E-02	3.1254526119E-02	0.0000000000E00	4.0136153475E-01	4.0181535031E-01	3.9846088928E-01	3.9819338296E-01	3.9729903558E-01	3.1897070000E-01	3.9594265014E-01	5.1734524017E84	7.3634050839E-01	3.8123043973E-01	9.6302764290E82	3.8125799425E-01	3.7368285870E-01	3.8096381416E-01	3.7334041249E-01	3.0897070000E-01	
Swaption Value Analytic Single-Curve	3.0670384732E-01	3.1759284768E-01	4.4265561774E-01	4.3220785374E-01	4.3205413018E-01	4.3251117242E-01	3.7732527522E-01	3.8715387558E-01	3.8715387558E-01	4.0499135021E-01	9.9400891975E-02	9.9530657166E-02	9.7167542328E-02	9.7303412429E-02	1.0014355850E-01	9.8277135050E-02	9.8277135050E-02	9.7722050072E-02	4.4908544204E-01	4.3087456170E-01	3.8126649715E-01	3.9334815175E-01	4.0136153475E-01	0.0000000000E00	2.7996068295E-03	2.5190561346E-02	2.3982728017E-02	2.9520468801E-02	1.4486525650E-01	2.9224370464E-01	5.1734524017E84	9.9703113963E-01	7.3985722078E-02	9.6302764290E82	7.3965273708E-02	6.2173982500E-02	7.3708831918E-02	6.1867887131E-02	1.7486525650E-01	
Swaption Value Monte-Carlo Single-Curve	3.0675052726E-01	3.1767707303E-01	4.4304721945E-01	4.3256310074E-01	4.3244573188E-01	4.3297201770E-01	3.7778612049E-01	3.8761472086E-01	3.8761472086E-01	4.0545219548E-01	9.6886148847E-02	9.7015914037E-02	9.4652799200E-02	9.4788669300E-02	9.7628815369E-02	9.5762391922E-02	9.5762391922E-02	9.5207306943E-02	4.4953925761E-01	4.3132837727E-01	3.8172734242E-01	3.9380899703E-01	4.0181535031E-01	2.7996068295E-03	0.0000000000E00	2.7990168176E-02	2.6111715567E-02	3.2320075631E-02	1.4532610177E-01	2.9339591792E-01	5.1734524017E84	9.9703485545E-01	7.1186115249E-02	9.6302764290E82	7.1165666879E-02	5.9659239371E-02	7.0909225089E-02	5.9353144002E-02	1.7532610177E-01	
Swaption Value Analytic Multi-Curve Drift-Freeze	3.0226587634E-01	3.1299699161E-01	4.3891681286E-01	4.2962129206E-01	4.2831532529E-01	4.3067276842E-01	3.7548687122E-01	3.8531547159E-01	3.8531547159E-01	4.0315294621E-01	1.2307732192E-01	1.2319876030E-01	1.2004743897E-01	1.2040651837E-01	1.2299799229E-01	1.2137300761E-01	1.2137300761E-01	1.2062442728E-01	4.4618479658E-01	4.2797391624E-01	3.7942809315E-01	3.9150974776E-01	3.9846088928E-01	2.5190561346E-02	2.7990168176E-02	0.0000000000E00	2.4956777822E-03	5.7283401975E-03	1.4302685250E-01	2.7694842282E-01	5.1734524017E84	9.9587434512E-01	9.9176283424E-02	9.6302764290E82	9.9155835054E-02	8.4021154249E-02	9.8899393264E-02	8.3899393264E-02	1.7302685250E-01	
Swaption Value Analytic Multi-Curve Integrated-Expectation	3.0227329192E-01	3.1300440720E-01	4.3887062516E-01	4.2920757687E-01	4.2826913759E-01	4.3025905323E-01	3.7507315603E-01	3.8490175639E-01	3.8490175639E-01	4.0273923102E-01	1.2088264470E-01	1.2100408308E-01	1.1785276176E-01	1.1821184115E-01	1.2080331508E-01	1.1917833040E-01	1.1917833040E-01	1.1842975006E-01	4.4591729025E-01	4.2770640991E-01	3.7901437795E-01	3.9109603256E-01	3.9819338296E-01	2.3982728017E-02	2.6111715567E-02	2.4956777822E-03	0.0000000000E00	7.9350684846E-03	1.4261313730E-01	2.7701584524E-01	5.1734524017E84	9.9587728207E-01	9.6981606207E-02	9.6302764290E82	9.6961157837E-02	8.1826477032E-02	9.6704716047E-02	8.1704716047E-02	1.7261313730E-01	
Swaption Value Monte-Carlo Multi-Curve	3.0225544795E-01	3.1298656322E-01	4.3783041904E-01	4.2907506730E-01	4.2722893148E-01	4.3012654366E-01	3.7494064646E-01	3.8476924682E-01	3.8476924682E-01	4.0260672145E-01	1.2740722937E-01	1.2752866775E-01	1.2437734643E-01	1.2473642583E-01	1.2732789975E-01	1.2570291507E-01	1.2570291507E-01	1.2495433473E-01	4.4502294288E-01	4.2681206254E-01	3.7888186838E-01	3.9096352299E-01	3.9729903558E-01	2.9520468801E-02	3.2320075631E-02	5.7283401975E-03	7.9350684846E-03	0.0000000000E00	1.4248062774E-01	2.7624032143E-01	5.1734524017E84	9.9588378205E-01	1.0350619088E-01	9.6302764290E82	1.0348574251E-01	8.8351061704E-02	1.0322930072E-01	8.8229300720E-02	1.7248062774E-01	
Swaption Exercise Date	3.1089389132E-01	3.2195919791E-01	3.9512736725E-01	3.9009024563E-01	3.7717512509E-01	3.5805430356E-01	3.1520257564E-01	3.1451603541E-01	3.1451603541E-01	3.4667881294E-01	1.5283106207E-01	1.5281879495E-01	1.5191907754E-01	1.5183589306E-01	1.5427813875E-01	1.5240764015E-01	1.5240764015E-01	1.5214662487E-01	3.9087096730E-01	3.8477494505E-01	3.1461898268E-01	3.1438437048E-01	3.1897070000E-01	1.4486525650E-01	1.4532610177E-01	1.4302685250E-01	1.4261313730E-01	1.4248062774E-01	0.0000000000E00	3.3000000000E-01	5.1734524017E84	9.8800399202E-01	1.2502168327E-01	9.6302764290E82	1.2503798409E-01	1.1999199685E-01	1.2496031746E-01	1.2001875000E-01	6.5000000000E-02	
Swaption Number Of Periods	2.8502755691E-01	2.9554574853E-01	4.3594545530E-01	4.2659443956E-01	4.2534396774E-01	4.2764591593E-01	3.7246001872E-01	3.8228861909E-01	3.8228861909E-01	4.0012609371E-01	3.3748057416E-01	3.3748580919E-01	3.3538171624E-01	3.3549946437E-01	3.3634303029E-01	3.3571880135E-01	3.3571880135E-01	3.3553370646E-01	4.4366655744E-01	4.2545567710E-01	3.7640124065E-01	3.8848289526E-01	3.9594265014E-01	2.9224370464E-01	2.9339591792E-01	2.7694842282E-01	2.7701584524E-01	2.7624032143E-01	3.3000000000E-01	0.0000000000E00	5.1734524017E84	9.7800399202E-01	3.2246319331E-01	9.6302764290E82	3.2245168409E-01	3.0498578239E-01	3.2246250000E-01	3.0500000000E-01	2.9500000000E-01	
Numeraire Single-Curve	5.1734524017E84	5.1734524017E84	5.1734524017E84	5.1734524017E84	5.1734524017E84	5.1734524017E84	5.1734524017E84	5.1734524017E84	5.1734524017E84	5.1734524017E84	5.1734524017E84	5.1734524017E84	5.1734524017E84	5.1734524017E84	5.1734524017E84	5.1734524017E84	5.1734524017E84	5.1734524017E84	5.1734524017E84	5.1734524017E84	5.1734524017E84	5.1734524017E84	5.1734524017E84	5.1734524017E84	5.1734524017E84	5.1734524017E84	5.1734524017E84	5.1734524017E84	5.1734524017E84	5.1734524017E84	0.0000000000E00	5.1734524017E84	5.1734524017E84	5.0771496374E84	5.1734524017E84	5.1734524017E84	5.1734524017E84	5.1734524017E84	5.1734524017E84	
Discount Single-Curve	6.9556228128E-01	6.8513325677E-01	7.5531957834E-01	7.5506682879E-01	7.6353012660E-01	7.6432466456E-01	7.8046071258E-01	7.6481358081E-01	7.6481358081E-01	7.6443155776E-01	9.9779834868E-01	9.9779813505E-01	9.9752508333E-01	9.9752670246E-01	9.9756648292E-01	9.9752769881E-01	9.9752769881E-01	9.9752692035E-01	7.1489487239E-01	7.1598333648E-01	7.3516918567E-01	7.3553374556E-01	7.3634050839E-01	9.9703113963E-01	9.9703485545E-01	9.9587434512E-01	9.9587728207E-01	9.9588378205E-01	9.8800399202E-01	9.7800399202E-01	5.1734524017E84	0.0000000000E00	9.9195768644E-01	9.6302764290E82	9.9195720689E-01	9.8343182105E-01	9.9195867952E-01	9.8343367952E-01	9.9300399202E-01	
OIS Spot Rate Single-Curve	3.0894843377E-01	3.1998131418E-01	4.2317469624E-01	4.1438834299E-01	4.1179422435E-01	4.1269722753E-01	3.5825456526E-01	3.7034018145E-01	3.7034018145E-01	3.8910168720E-01	2.7955820655E-02	2.7943553535E-02	2.7043836122E-02	2.6960651640E-02	2.9402897330E-02	2.7532398736E-02	2.7532398736E-02	2.7271383456E-02	4.2895434703E-01	4.1074346669E-01	3.6142292392E-01	3.7350457853E-01	3.8123043973E-01	7.3985722078E-02	7.1186115249E-02	9.9176283424E-02	9.6981606207E-02	1.0350619088E-01	1.2502168327E-01	3.2246319331E-01	5.1734524017E84	9.9195768644E-01	0.0000000000E00	9.6302764290E82	2.0231618257E-04	1.9394797247E-02	3.4906014266E-04	1.9416993791E-02	1.5987524142E-01	
Numeraire Multi-Curve	9.6302764290E82	9.6302764290E82	9.6302764290E82	9.6302764290E82	9.6302764290E82	9.6302764290E82	9.6302764290E82	9.6302764290E82	9.6302764290E82	9.6302764290E82	9.6302764290E82	9.6302764290E82	9.6302764290E82	9.6302764290E82	9.6302764290E82	9.6302764290E82	9.6302764290E82	9.6302764290E82	9.6302764290E82	9.6302764290E82	9.6302764290E82	9.6302764290E82	9.6302764290E82	9.6302764290E82	9.6302764290E82	9.6302764290E82	9.6302764290E82	9.6302764290E82	9.6302764290E82	9.6302764290E82	5.0771496374E84	9.6302764290E82	9.6302764290E82	0.0000000000E00	9.6302764290E82	9.6302764290E82	9.6302764290E82	9.6302764290E82	9.6302764290E82	
OIS Spot Rate Multi-Curve	3.0894568459E-01	3.1997856500E-01	4.2297238006E-01	4.1455108566E-01	4.1163422647E-01	4.1264320470E-01	3.5841730793E-01	3.7050292412E-01	3.7050292412E-01	3.8926442987E-01	2.7793077987E-02	2.7799454389E-02	2.6881093453E-02	2.6797908971E-02	2.9240154662E-02	2.7369656068E-02	2.7369656068E-02	2.7108640788E-02	4.2898190155E-01	4.1077102121E-01	3.6139852943E-01	3.7348018403E-01	3.8125799425E-01	7.3965273708E-02	7.1165666879E-02	9.9155835054E-02	9.6961157837E-02	1.0348574251E-01	1.2503798409E-01	3.2245168409E-01	5.1734524017E84	9.9195720689E-01	2.0231618257E-04	9.6302764290E82	0.0000000000E00	1.9405130713E-02	3.4628258293E-04	1.9427327256E-02	1.6003798409E-01	
LIBOR Spot Rate Multi-Curve	2.9494385214E-01	3.0597673255E-01	4.1178921114E-01	4.0950509842E-01	4.0220130997E-01	4.0736440685E-01	3.5337132069E-01	3.6545693688E-01	3.6545693688E-01	3.8421844263E-01	3.9293781951E-02	3.9320875888E-02	3.6209048226E-02	3.6513533132E-02	3.8976838046E-02	3.7368309326E-02	3.7368309326E-02	3.6643048809E-02	4.2140676600E-01	4.0319588565E-01	3.5583090842E-01	3.6791256302E-01	3.7368285870E-01	6.2173982500E-02	5.9659239371E-02	8.4021154249E-02	8.1826477032E-02	8.8351061704E-02	1.1999199685E-01	3.0498578239E-01	5.1734524017E84	9.8343182105E-01	1.9394797247E-02	9.6302764290E82	1.9405130713E-02	0.0000000000E00	1.9382896049E-02	4.1608944294E-04	1.5499199685E-01	
OIS Forward Rate Multi-Curve	3.0895353202E-01	3.1998641243E-01	4.2283593140E-01	4.1446399443E-01	4.1144516421E-01	4.1260623339E-01	3.5833021670E-01	3.7041583289E-01	3.7041583289E-01	3.8917733864E-01	2.7880169216E-02	2.7867902097E-02	2.6968184683E-02	2.6885000201E-02	2.9327245892E-02	2.7456747298E-02	2.7456747298E-02	2.7195732017E-02	4.2868772146E-01	4.1047684112E-01	3.6136155811E-01	3.7344321272E-01	3.8096381416E-01	7.3708831918E-02	7.0909225089E-02	9.8899393264E-02	9.6704716047E-02	1.0322930072E-01	1.2496031746E-01	3.2246250000E-01	5.1734524017E84	9.9195867952E-01	3.4906014266E-04	9.6302764290E82	3.4628258293E-04	1.9382896049E-02	0.0000000000E00	1.9405092593E-02	1.5995089286E-01	
LIBOR Forward Rate Multi-Curve	2.9495353202E-01	3.0598641243E-01	4.1139896864E-01	4.0953185157E-01	4.0185886376E-01	4.0739116000E-01	3.5339807384E-01	3.6548369003E-01	3.6548369003E-01	3.8424519578E-01	3.9393841720E-02	3.9480997725E-02	3.6315132170E-02	3.6634496198E-02	3.9103057651E-02	3.7538107581E-02	3.7538107581E-02	3.6834871499E-02	4.2109533769E-01	4.0285343944E-01	3.5572716658E-01	3.6780882118E-01	3.7334041249E-01	6.1867887131E-02	5.9353144002E-02	8.3899393264E-02	8.1704716047E-02	8.8229300720E-02	1.2001875000E-01	3.0500000000E-01	5.1734524017E84	9.8343367952E-01	1.9416993791E-02	9.6302764290E82	1.9427327256E-02	4.1608944294E-04	1.9405092593E-02	0.0000000000E00	1.5501875000E-01	
Time	3.0186982720E-01	3.1279637296E-01	3.4512736725E-01	3.4152170379E-01	3.2158880479E-01	3.0214824153E-01	2.6520257564E-01	2.6887961715E-01	2.6887961715E-01	2.9397802761E-01	1.8783106207E-01	1.8781879495E-01	1.8691907754E-01	1.8683589306E-01	1.8927813875E-01	1.8740764015E-01	1.8740764015E-01	1.8714662487E-01	3.7868081002E-01	3.7390587573E-01	3.0461898268E-01	3.0438437048E-01	3.0897070000E-01	1.7486525650E-01	1.7532610177E-01	1.7302685250E-01	1.7261313730E-01	1.7248062774E-01	6.5000000000E-02	2.9500000000E-01	5.1734524017E84	9.9300399202E-01	1.5987524142E-01	9.6302764290E82	1.6003798409E-01	1.5499199685E-01	1.5995089286E-01	1.5501875000E-01	0.0000000000E00	
