Component1	Component2	Correlation
0	0	1.0000000000000007
0	1	0.9997679102910988
0	2	0.997098387285902
0	3	0.9864393846695865
0	4	0.9597634392601682
0	5	0.910181825797834
0	6	0.8377517560079593
0	7	0.7520297234588342
0	8	0.6671633411246936
0	9	0.5944908197328103
0	10	0.5392650072439883
0	11	0.501372451658576
0	12	0.4772169348132568
0	13	0.46180836283822163
0	14	0.45100540195984756
0	15	0.44270438678605906
0	16	0.43595270015511073
0	17	0.4291125112542362
0	18	0.4188042863221943
0	19	0.4007155357299794
0	20	0.37274126567748683
0	21	0.3381659735598066
0	22	0.30447578806839265
0	23	0.27863062098238556
0	24	0.2638633554554445
0	25	0.2591342157166291
0	26	0.2602178441154251
0	27	0.26291397314717596
0	28	0.2659678884230357
0	29	0.2692879515531178
0	30	0.26946682324912885
0	31	0.25851716709604544
0	32	0.23316447116494218
0	33	0.20548602636789232
0	34	0.19143803528072256
0	35	0.19406355323701563
0	36	0.19778564770589963
0	37	0.19852946035940636
0	38	0.2048428005554823
0	39	0.126037573575964
0	40	0.8000000000000005
0	41	0.7998143282328791
0	42	0.7976787098287218
0	43	0.7891515077356689
0	44	0.7678107514081346
0	45	0.7281454606382672
0	46	0.6702014048063673
0	47	0.6016237787670674
0	48	0.5337306728997551
0	49	0.4755926557862481
0	50	0.43141200579519073
0	51	0.40109796132686076
0	52	0.3817735478506053
0	53	0.36944669027057725
0	54	0.360804321567878
0	55	0.3541635094288473
0	56	0.3487621601240886
0	57	0.34329000900338896
0	58	0.33504342905775547
0	59	0.32057242858398366
0	60	0.29819301254198943
0	61	0.2705327788478453
0	62	0.24358063045471412
0	63	0.22290449678590848
0	64	0.2110906843643556
0	65	0.2073073725733033
0	66	0.20817427529234006
0	67	0.2103311785177407
0	68	0.21277431073842865
0	69	0.21543036124249426
0	70	0.21557345859930313
0	71	0.2068137336768364
0	72	0.18653157693195369
0	73	0.16438882109431385
0	74	0.15315042822457806
0	75	0.15525084258961255
0	76	0.15822851816471978
0	77	0.1588235682875251
0	78	0.16387424044438584
0	79	0.10083005886077123
1	0	0.9997679102910988
1	1	1.0000000000000004
1	2	0.9984806852419288
1	3	0.9896370670105072
1	4	0.965338508783918
1	5	0.9184386577921719
1	6	0.848597782025792
1	7	0.7649825024000049
1	8	0.6815056815220375
1	9	0.6094268260119708
1	10	0.5539784101155822
1	11	0.5150238100989756
1	12	0.48898098593852596
1	13	0.4710216825978523
1	14	0.4573658701308352
1	15	0.44635739694091653
1	16	0.4374019062695524
1	17	0.42906518736754373
1	18	0.4180522247466035
1	19	0.4000359371621591
1	20	0.3727577226639438
1	21	0.3391954261074558
1	22	0.30647238755654
1	23	0.2812458208834641
1	24	0.266530647316264
1	25	0.26115461225158626
1	26	0.2609351269918235
1	27	0.2619797371535199
1	28	0.26346854298005573
1	29	0.26565409967216974
1	30	0.26538291494720784
1	31	0.2548614942177983
1	32	0.23066975835845088
1	33	0.204235214965924
1	34	0.19081427188531097
1	35	0.1929590215290897
1	36	0.19517268794918327
1	37	0.19439018854854206
1	38	0.20021975321167113
1	39	0.12467319170240591
1	40	0.7998143282328791
1	41	0.8000000000000007
1	42	0.7987845481935432
1	43	0.7917096536084058
1	44	0.7722708070271345
1	45	0.7347509262337377
1	46	0.6788782256206338
1	47	0.6119860019200037
1	48	0.5452045452176301
1	49	0.48754146080957683
1	50	0.4431827280924658
1	51	0.4120190480791807
1	52	0.3911847887508208
1	53	0.37681734607828193
1	54	0.3658926961046683
1	55	0.35708591755273333
1	56	0.34992152501564194
1	57	0.3432521498940349
1	58	0.3344417797972828
1	59	0.3200287497297274
1	60	0.2982061781311551
1	61	0.27135634088596455
1	62	0.245177910045232
1	63	0.22499665670677135
1	64	0.21322451785301122
1	65	0.20892368980126907
1	66	0.20874810159345877
1	67	0.20958378972281597
1	68	0.21077483438404468
1	69	0.2125232797377357
1	70	0.21230633195776633
1	71	0.2038891953742386
1	72	0.1845358066867607
1	73	0.16338817197273922
1	74	0.15265141750824876
1	75	0.15436721722327176
1	76	0.15613815035934672
1	77	0.15551215083883357
1	78	0.1601758025693369
1	79	0.09973855336192472
2	0	0.997098387285902
2	1	0.9984806852419288
2	2	0.9999999999999993
2	3	0.9960402277185452
2	4	0.9782224661594319
2	5	0.9387410202864094
2	6	0.8762063856511236
2	7	0.7987274641894844
2	8	0.7195622760446186
2	9	0.6497421748124023
2	10	0.5944410161117889
2	11	0.5534549400811832
2	12	0.5232129795624468
2	13	0.4992654169441392
2	14	0.47874185874480196
2	15	0.4611610556313059
2	16	0.4469055268481328
2	17	0.43511411600807126
2	18	0.42271930389277435
2	19	0.40531606279950316
2	20	0.3801883004561249
2	21	0.3495046968968397
2	22	0.31950811647917476
2	23	0.2961555299240701
2	24	0.2819295031615964
2	25	0.2752491128190849
2	26	0.27191122210573965
2	27	0.2687667137989341
2	28	0.26624171731901075
2	29	0.26565202282016315
2	30	0.26452660277698653
2	31	0.2553548312667248
2	32	0.23410423857293014
2	33	0.21071396806524617
2	34	0.1990333229056842
2	35	0.20023419052557834
2	36	0.19819055985707437
2	37	0.19283394669829396
2	38	0.19781602335584736
2	39	0.12833085835089497
2	40	0.7976787098287218
2	41	0.7987845481935432
2	42	0.7999999999999995
2	43	0.7968321821748362
2	44	0.7825779729275455
2	45	0.7509928162291275
2	46	0.7009651085208989
2	47	0.6389819713515876
2	48	0.5756498208356948
2	49	0.5197937398499218
2	50	0.47555281288943113
2	51	0.44276395206494656
2	52	0.4185703836499576
2	53	0.39941233355531125
2	54	0.38299348699584157
2	55	0.36892884450504476
2	56	0.35752442147850616
2	57	0.34809129280645695
2	58	0.33817544311421943
2	59	0.3242528502396026
2	60	0.30415064036489997
2	61	0.27960375751747174
2	62	0.25560649318333983
2	63	0.2369244239392562
2	64	0.22554360252927727
2	65	0.22019929025526794
2	66	0.21752897768459178
2	67	0.21501337103914725
2	68	0.2129933738552085
2	69	0.2125216182561306
2	70	0.2116212822215893
2	71	0.20428386501337994
2	72	0.18728339085834417
2	73	0.1685711744521969
2	74	0.15922665832454733
2	75	0.16018735242046264
2	76	0.1585524478856595
2	77	0.1542671573586352
2	78	0.15825281868467792
2	79	0.10266468668071595
3	0	0.9864393846695865
3	1	0.9896370670105072
3	2	0.9960402277185452
3	3	0.9999999999999996
3	4	0.9927961671140633
3	5	0.9656167799641627
3	6	0.9153934773821373
3	7	0.8484794678642462
3	8	0.7769929900972498
3	9	0.7115293969878292
3	10	0.6571365365216405
3	11	0.6134968815598347
3	12	0.5770573669994377
3	13	0.543968947703636
3	14	0.5128099022172067
3	15	0.48498204088472235
3	16	0.4624484362687271
3	17	0.44528952270843375
3	18	0.43082375085941166
3	19	0.4145346959002139
3	20	0.39297919978312074
3	21	0.3670345051631506
3	22	0.3415428284189466
3	23	0.32135156533537074
3	24	0.30809480644809656
3	25	0.2995218732279799
3	26	0.2913624949600455
3	27	0.2816340716589007
3	28	0.27277449532959236
3	29	0.26783922502034074
3	30	0.26545970957610177
3	31	0.25853234981487216
3	32	0.24199567017874557
3	33	0.22346243794968082
3	34	0.21463819943536697
3	35	0.21446690388010436
3	36	0.2055962226978955
3	37	0.19282669867715904
3	38	0.1966111216637718
3	39	0.13616738324832672
3	40	0.7891515077356689
3	41	0.7917096536084058
3	42	0.7968321821748362
3	43	0.7999999999999996
3	44	0.7942369336912506
3	45	0.7724934239713301
3	46	0.7323147819057098
3	47	0.678783574291397
3	48	0.6215943920777998
3	49	0.5692235175902635
3	50	0.5257092292173126
3	51	0.4907975052478675
3	52	0.4616458935995504
3	53	0.4351751581629089
3	54	0.4102479217737654
3	55	0.38798563270777797
3	56	0.3699587490149817
3	57	0.356231618166747
3	58	0.3446590006875294
3	59	0.33162775672017114
3	60	0.3143833598264967
3	61	0.2936276041305205
3	62	0.2732342627351573
3	63	0.25708125226829653
3	64	0.24647584515847723
3	65	0.23961749858238396
3	66	0.2330899959680364
3	67	0.22530725732712048
3	68	0.21821959626367393
3	69	0.2142713800162726
3	70	0.21236776766088147
3	71	0.2068258798518977
3	72	0.1935965361429965
3	73	0.1787699503597446
3	74	0.1717105595482936
3	75	0.17157352310408347
3	76	0.16447697815831636
3	77	0.15426135894172724
3	78	0.15728889733101742
3	79	0.10893390659866135
4	0	0.9597634392601682
4	1	0.965338508783918
4	2	0.9782224661594319
4	3	0.9927961671140633
4	4	1.0000000000000002
4	5	0.989794438898493
4	6	0.9569069196117577
4	7	0.9052605570673676
4	8	0.8452953049482264
4	9	0.7868916464710736
4	10	0.7348640428754809
4	11	0.6887302426703186
4	12	0.6449626295083509
4	13	0.6004991942314901
4	14	0.5558164440726453
4	15	0.5147967019329049
4	16	0.4815050302720895
4	17	0.4572981854571379
4	18	0.4400489341579592
4	19	0.42514750961925285
4	20	0.4082460270115615
4	21	0.38855468447930686
4	22	0.36907580423301445
4	23	0.3531846782461922
4	24	0.3413900789741048
4	25	0.3305559581726996
4	26	0.316308190653995
4	27	0.29816058815080576
4	28	0.2811557380627113
4	29	0.2706171122398909
4	30	0.2666262621730859
4	31	0.26262923012261047
4	32	0.2522458166699335
4	33	0.24007528475182244
4	34	0.23504182364317774
4	35	0.233192168450637
4	36	0.21554403442512884
4	37	0.1932039957412801
4	38	0.1955060010480739
4	39	0.1467071448879677
4	40	0.7678107514081346
4	41	0.7722708070271345
4	42	0.7825779729275455
4	43	0.7942369336912505
4	44	0.8000000000000003
4	45	0.7918355511187944
4	46	0.7655255356894063
4	47	0.7242084456538942
4	48	0.6762362439585813
4	49	0.629513317176859
4	50	0.5878912343003849
4	51	0.5509841941362548
4	52	0.5159701036066807
4	53	0.4803993553851921
4	54	0.44465315525811633
4	55	0.41183736154632394
4	56	0.38520402421767186
4	57	0.3658385483657104
4	58	0.3520391473263674
4	59	0.3401180076954024
4	60	0.3265968216092492
4	61	0.3108437475834456
4	62	0.2952606433864116
4	63	0.2825477425969539
4	64	0.2731120631792839
4	65	0.26444476653815974
4	66	0.25304655252319597
4	67	0.2385284705206446
4	68	0.22492459045016913
4	69	0.21649368979191275
4	70	0.2133010097384686
4	71	0.2101033840980884
4	72	0.20179665333594682
4	73	0.19206022780145793
4	74	0.18803345891454226
4	75	0.1865537347605096
4	76	0.17243522754010313
4	77	0.15456319659302412
4	78	0.15640480083845912
4	79	0.11736571591037417
5	0	0.910181825797834
5	1	0.9184386577921719
5	2	0.9387410202864094
5	3	0.9656167799641627
5	4	0.989794438898493
5	5	1.0
5	6	0.9884826213456648
5	7	0.9562393986475506
5	8	0.9115422269754895
5	9	0.8632477326941742
5	10	0.8158005529446686
5	11	0.7685008325404732
5	12	0.7178357314747953
5	13	0.6616034257225093
5	14	0.6023905091884662
5	15	0.5468738191401362
5	16	0.5015247737675629
5	17	0.46920015169758006
5	18	0.44847319567747584
5	19	0.43472342125738117
5	20	0.4226922422825081
5	21	0.4097992735064756
5	22	0.39700654425225274
5	23	0.38602195312449716
5	24	0.376074723974052
5	25	0.36302892636386297
5	26	0.3423671528763169
5	27	0.3152001694503386
5	28	0.2893844606488753
5	29	0.2727149028171624
5	30	0.2668812764136437
5	31	0.2659890134481523
5	32	0.26228737653253403
5	33	0.2570957422533102
5	34	0.2562664804625687
5	35	0.25269212627660714
5	36	0.2256525389573092
5	37	0.19303458417525715
5	38	0.1937372317681439
5	39	0.15773382732586103
5	40	0.7281454606382672
5	41	0.7347509262337377
5	42	0.7509928162291275
5	43	0.7724934239713301
5	44	0.7918355511187944
5	45	0.8
5	46	0.7907860970765318
5	47	0.7649915189180406
5	48	0.7292337815803916
5	49	0.6905981861553393
5	50	0.6526404423557348
5	51	0.6148006660323784
5	52	0.5742685851798363
5	53	0.5292827405780075
5	54	0.4819124073507731
5	55	0.437499055312109
5	56	0.4012198190140503
5	57	0.3753601213580641
5	58	0.3587785565419807
5	59	0.347778737005905
5	60	0.33815379382600674
5	61	0.32783941880518047
5	62	0.31760523540180224
5	63	0.3088175624995979
5	64	0.30085977917924167
5	65	0.2904231410910904
5	66	0.2738937223010536
5	67	0.2521601355602709
5	68	0.2315075685191003
5	69	0.21817192225372992
5	70	0.21350502113091493
5	71	0.2127912107585219
5	72	0.2098299012260273
5	73	0.2056765938026482
5	74	0.20501318437005506
5	75	0.2021537010212857
5	76	0.18052203116584742
5	77	0.15442766734020572
5	78	0.15498978541451516
5	79	0.12618706186068882
6	0	0.8377517560079593
6	1	0.848597782025792
6	2	0.8762063856511236
6	3	0.9153934773821373
6	4	0.9569069196117577
6	5	0.9884826213456648
6	6	1.0
6	7	0.9894078313207414
6	8	0.9625442822421054
6	9	0.9270065308591984
6	10	0.886745485320735
6	11	0.8407950384365048
6	12	0.7856000313841892
6	13	0.7196946077595666
6	14	0.6476054831281081
6	15	0.5786726312887054
6	16	0.521732800689298
6	17	0.4811731724551235
6	18	0.45634108047628236
6	19	0.44273619795161956
6	20	0.43440415310421654
6	21	0.4272328905905106
6	22	0.420346992544327
6	23	0.41389338622673033
6	24	0.4058780577114046
6	25	0.391198145949255
6	26	0.3651282225666108
6	27	0.33012316223361116
6	28	0.2965027515177872
6	29	0.27426494602925733
6	30	0.26656289775164005
6	31	0.2681578537675316
6	32	0.27018532488526964
6	33	0.27110689998136744
6	34	0.2740297731867941
6	35	0.269051672591437
6	36	0.23392424970827197
6	37	0.1923872495668445
6	38	0.19164362879673796
6	39	0.16693642569897388
6	40	0.6702014048063673
6	41	0.6788782256206338
6	42	0.7009651085208989
6	43	0.7323147819057096
6	44	0.7655255356894063
6	45	0.7907860970765318
6	46	0.8
6	47	0.7915262650565932
6	48	0.7700354257936842
6	49	0.7416052246873588
6	50	0.7093963882565881
6	51	0.6726360307492038
6	52	0.6284800251073516
6	53	0.5757556862076534
6	54	0.5180843865024866
6	55	0.46293810503096444
6	56	0.41738624055143836
6	57	0.3849385379640989
6	58	0.365072864381026
6	59	0.3541889583612957
6	60	0.34752332248337325
6	61	0.3417863124724084
6	62	0.3362775940354617
6	63	0.3311147089813843
6	64	0.3247024461691237
6	65	0.312958516759404
6	66	0.2921025780532886
6	67	0.26409852978688886
6	68	0.23720220121422989
6	69	0.2194119568234059
6	70	0.21325031820131216
6	71	0.21452628301402524
6	72	0.21614825990821573
6	73	0.2168855199850939
6	74	0.2192238185494353
6	75	0.21524133807314957
6	76	0.1871393997666176
6	77	0.15390979965347557
6	78	0.1533149030373904
6	79	0.13354914055917907
7	0	0.7520297234588342
7	1	0.7649825024000049
7	2	0.7987274641894844
7	3	0.8484794678642462
7	4	0.9052605570673676
7	5	0.9562393986475506
7	6	0.9894078313207414
7	7	1.0
7	8	0.9915082771814314
7	9	0.9702142387678299
7	10	0.9395143110421253
7	11	0.8981349665035961
7	12	0.8423519956927267
7	13	0.7710850828077392
7	14	0.6902308263661058
7	15	0.6112103196746012
7	16	0.5448359132497931
7	17	0.4968474271337863
7	18	0.4673342441087874
7	19	0.452048641276316
7	20	0.4447390521824025
7	21	0.44040536575182554
7	22	0.436982484463215
7	23	0.43351092135904623
7	24	0.4270613851753789
7	25	0.41173447779509953
7	26	0.3824823691456582
7	27	0.34249208536190767
7	28	0.30366095066676196
7	29	0.2774736482933306
7	30	0.2680849361772677
7	31	0.27073290654472376
7	32	0.27595308860998513
7	33	0.2805080979689613
7	34	0.28579035887078114
7	35	0.2800662259909822
7	36	0.23995540593859455
7	37	0.19278408930577673
7	38	0.1910304276296266
7	39	0.1730431833860555
7	40	0.6016237787670674
7	41	0.6119860019200037
7	42	0.6389819713515876
7	43	0.678783574291397
7	44	0.7242084456538942
7	45	0.7649915189180406
7	46	0.7915262650565932
7	47	0.7999999999999999
7	48	0.7932066217451452
7	49	0.776171391014264
7	50	0.7516114488337002
7	51	0.718507973202877
7	52	0.6738815965541815
7	53	0.6168680662461913
7	54	0.5521846610928848
7	55	0.4889682557396813
7	56	0.43586873059983455
7	57	0.3974779417070291
7	58	0.3738673952870299
7	59	0.3616389130210529
7	60	0.3557912417459219
7	61	0.3523242926014604
7	62	0.34958598757057197
7	63	0.346808737087237
7	64	0.34164910814030314
7	65	0.3293875822360797
7	66	0.3059858953165266
7	67	0.2739936682895261
7	68	0.24292876053340964
7	69	0.22197891863466448
7	70	0.2144679489418142
7	71	0.216586325235779
7	72	0.22076247088798814
7	73	0.22440647837516906
7	74	0.22863228709662498
7	75	0.22405298079278574
7	76	0.19196432475087571
7	77	0.1542272714446214
7	78	0.15282434210370127
7	79	0.1384345467088444
8	0	0.6671633411246936
8	1	0.6815056815220375
8	2	0.7195622760446186
8	3	0.7769929900972498
8	4	0.8452953049482264
8	5	0.9115422269754895
8	6	0.9625442822421054
8	7	0.9915082771814314
8	8	1.0000000000000002
8	9	0.9931329698895192
8	10	0.9737715844183282
8	11	0.9402987470726654
8	12	0.8886240779878991
8	13	0.817526111577314
8	14	0.7334270075275102
8	15	0.6489593147802006
8	16	0.5763040535179731
8	17	0.5222362747768492
8	18	0.48745999575029736
8	19	0.468069606000811
8	20	0.45799700479640193
8	21	0.45224790475678533
8	22	0.4485430498845679
8	23	0.445540100881196
8	24	0.43983009860362476
8	25	0.4249635585617442
8	26	0.3953997057917202
8	27	0.35421288743413476
8	28	0.31367779713243377
8	29	0.285788587132347
8	30	0.27502440999950206
8	31	0.2767478235017341
8	32	0.28151867024481864
8	33	0.28607195717978756
8	34	0.2916452167418634
8	35	0.28600620800955606
8	36	0.24503106958791976
8	37	0.19658401886755628
8	38	0.19444466884259387
8	39	0.17624864886134392
8	40	0.5337306728997551
8	41	0.54520454521763
8	42	0.5756498208356948
8	43	0.6215943920777997
8	44	0.6762362439585812
8	45	0.7292337815803916
8	46	0.7700354257936842
8	47	0.7932066217451451
8	48	0.8000000000000004
8	49	0.7945063759116155
8	50	0.7790172675346628
8	51	0.7522389976581323
8	52	0.7108992623903194
8	53	0.6540208892618512
8	54	0.5867416060220079
8	55	0.5191674518241604
8	56	0.46104324281437864
8	57	0.4177890198214793
8	58	0.389967996600238
8	59	0.3744556848006487
8	60	0.36639760383712167
8	61	0.3617983238054283
8	62	0.3588344399076543
8	63	0.3564320807049568
8	64	0.35186407888289994
8	65	0.3399708468493953
8	66	0.31631976463337613
8	67	0.2833703099473078
8	68	0.25094223770594704
8	69	0.22863086970587762
8	70	0.2200195279996017
8	71	0.22139825880138733
8	72	0.22521493619585492
8	73	0.22885756574383004
8	74	0.23331617339349067
8	75	0.2288049664076448
8	76	0.19602485567033584
8	77	0.157267215094045
8	78	0.15555573507407502
8	79	0.14099891908907514
9	0	0.5944908197328103
9	1	0.6094268260119708
9	2	0.6497421748124023
9	3	0.7115293969878292
9	4	0.7868916464710736
9	5	0.8632477326941742
9	6	0.9270065308591984
9	7	0.9702142387678299
9	8	0.9931329698895192
9	9	1.000000000000001
9	10	0.9932349230632435
9	11	0.9708438407913962
9	12	0.9281263731241658
9	13	0.8631002867845975
9	14	0.7817488435688442
9	15	0.6969369712810759
9	16	0.6215305137147494
9	17	0.5629647413142992
9	18	0.5223698128299649
9	19	0.4962125318174336
9	20	0.47908124398542856
9	21	0.46697321230546174
9	22	0.45853073657459803
9	23	0.45289624346090374
9	24	0.44671902016752324
9	25	0.43326721282833425
9	26	0.40630309423784977
9	27	0.3678694800797027
9	28	0.32933973189720595
9	29	0.3021723253222399
9	30	0.2904045905282687
9	31	0.28905067656464056
9	32	0.2892967730215872
9	33	0.2897218409256712
9	34	0.29321454070331865
9	35	0.28848413620160557
9	36	0.25094232635522473
9	37	0.20576898418041667
9	38	0.20393407705492642
9	39	0.17751207230286187
9	40	0.4755926557862481
9	41	0.4875414608095767
9	42	0.5197937398499218
9	43	0.5692235175902635
9	44	0.629513317176859
9	45	0.6905981861553393
9	46	0.7416052246873588
9	47	0.776171391014264
9	48	0.7945063759116158
9	49	0.8000000000000012
9	50	0.7945879384505949
9	51	0.7766750726331171
9	52	0.7425010984993324
9	53	0.690480229427678
9	54	0.6253990748550755
9	55	0.5575495770248607
9	56	0.49722441097179965
9	57	0.4503717930514393
9	58	0.417895850263972
9	59	0.39697002545394694
9	60	0.38326499518834284
9	61	0.3735785698443695
9	62	0.3668245892596785
9	63	0.3623169947687229
9	64	0.3573752161340187
9	65	0.3466137702626673
9	66	0.32504247539028
9	67	0.2942955840637622
9	68	0.2634717855177648
9	69	0.24173786025779198
9	70	0.2323236724226151
9	71	0.23124054125171253
9	72	0.23143741841726972
9	73	0.231777472740537
9	74	0.23457163256265492
9	75	0.23078730896128452
9	76	0.20075386108417978
9	77	0.1646151873443333
9	78	0.16314726164394117
9	79	0.14200965784228947
10	0	0.5392650072439883
10	1	0.5539784101155822
10	2	0.5944410161117889
10	3	0.6571365365216405
10	4	0.7348640428754809
10	5	0.8158005529446686
10	6	0.886745485320735
10	7	0.9395143110421253
10	8	0.9737715844183282
10	9	0.9932349230632435
10	10	0.9999999999999999
10	11	0.9916729818534863
10	12	0.9626952486855488
10	13	0.9096893591480116
10	14	0.8372136472007944
10	15	0.7573642935068784
10	16	0.6829888498399614
10	17	0.6217857127467786
10	18	0.5750860950301082
10	19	0.5397026690582152
10	20	0.5112942744364947
10	21	0.4878131038576422
10	22	0.46998667818462253
10	23	0.4583555337099525
10	24	0.4501931576335237
10	25	0.43876135605005384
10	26	0.41693950989315415
10	27	0.38487502877891105
10	28	0.3518317364378971
10	29	0.3277294235437151
10	30	0.3153959025057442
10	31	0.3089700414111337
10	32	0.30076793916940614
10	33	0.29301964251081813
10	34	0.2920595180484113
10	35	0.28891420988253447
10	36	0.25873247029558155
10	37	0.22102438713738964
10	38	0.22016209081048538
10	39	0.17763548866872156
10	40	0.43141200579519084
10	41	0.4431827280924658
10	42	0.47555281288943124
10	43	0.5257092292173126
10	44	0.5878912343003848
10	45	0.6526404423557348
10	46	0.7093963882565881
10	47	0.7516114488337005
10	48	0.7790172675346628
10	49	0.7945879384505949
10	50	0.7999999999999999
10	51	0.7933383854827889
10	52	0.7701561989484389
10	53	0.7277514873184094
10	54	0.6697709177606357
10	55	0.6058914348055028
10	56	0.5463910798719693
10	57	0.4974285701974229
10	58	0.46006887602408664
10	59	0.4317621352465723
10	60	0.4090354195491957
10	61	0.3902504830861138
10	62	0.3759893425476981
10	63	0.36668442696796205
10	64	0.36015452610681903
10	65	0.3510090848400431
10	66	0.3335516079145234
10	67	0.30790002302312885
10	68	0.28146538915031777
10	69	0.262183538834972
10	70	0.25231672200459543
10	71	0.24717603312890696
10	72	0.24061435133552492
10	73	0.23441571400865452
10	74	0.2336476144387291
10	75	0.23113136790602762
10	76	0.2069859762364653
10	77	0.17681950970991167
10	78	0.17612967264838833
10	79	0.14210839093497732
11	0	0.501372451658576
11	1	0.5150238100989756
11	2	0.5534549400811832
11	3	0.6134968815598347
11	4	0.6887302426703186
11	5	0.7685008325404732
11	6	0.8407950384365048
11	7	0.8981349665035961
11	8	0.9402987470726654
11	9	0.9708438407913962
11	10	0.9916729818534863
11	11	0.9999999999999998
11	12	0.9892191342631511
11	13	0.953999319240468
11	14	0.8965464544877045
11	15	0.8272019629069326
11	16	0.758074084715127
11	17	0.6967018559222136
11	18	0.6443633833451632
11	19	0.5981331197705858
11	20	0.5550449082680009
11	21	0.515831469857531
11	22	0.4843641480095465
11	23	0.46344782349009156
11	24	0.45153531989767137
11	25	0.44217932144694133
11	26	0.4272878145221411
11	27	0.4044416298278969
11	28	0.37978713829410504
11	29	0.36082877119600165
11	30	0.34849353301978053
11	31	0.335540796020958
11	32	0.3157553697065163
11	33	0.2964816856827809
11	34	0.2890067960338607
11	35	0.2878364464052859
11	36	0.26807674583543517
11	37	0.24119920605833717
11	38	0.24188171402523798
11	39	0.1768728776876103
11	40	0.4010979613268609
11	41	0.4120190480791807
11	42	0.44276395206494656
11	43	0.4907975052478675
11	44	0.5509841941362548
11	45	0.6148006660323786
11	46	0.672636030749204
11	47	0.718507973202877
11	48	0.7522389976581324
11	49	0.7766750726331171
11	50	0.7933383854827889
11	51	0.7999999999999999
11	52	0.791375307410521
11	53	0.7631994553923744
11	54	0.7172371635901637
11	55	0.6617615703255462
11	56	0.6064592677721017
11	57	0.5573614847377709
11	58	0.5154907066761306
11	59	0.47850649581646876
11	60	0.4440359266144009
11	61	0.41266517588602475
11	62	0.38749131840763734
11	63	0.3707582587920733
11	64	0.361228255918137
11	65	0.3537434571575532
11	66	0.341830251617713
11	67	0.32355330386231745
11	68	0.303829710635284
11	69	0.28866301695680124
11	70	0.2787948264158246
11	71	0.2684326368167665
11	72	0.2526042957652131
11	73	0.2371853485462246
11	74	0.23120543682708855
11	75	0.2302691571242287
11	76	0.2144613966683482
11	77	0.19295936484666978
11	78	0.1935053712201904
11	79	0.14149830215008824
12	0	0.4772169348132568
12	1	0.48898098593852596
12	2	0.5232129795624468
12	3	0.5770573669994377
12	4	0.6449626295083509
12	5	0.7178357314747953
12	6	0.7856000313841892
12	7	0.8423519956927267
12	8	0.8886240779878991
12	9	0.9281263731241658
12	10	0.9626952486855488
12	11	0.9892191342631511
12	12	1.0
12	13	0.9874071488106146
12	14	0.950568424966223
12	15	0.8971920971895248
12	16	0.837939768770342
12	17	0.7797504002438023
12	18	0.7235747934641001
12	19	0.6665959248207988
12	20	0.6073270711344204
12	21	0.5497815457602544
12	22	0.5017172979109721
12	23	0.4688744063232536
12	24	0.45135842241746116
12	25	0.4433289234115333
12	26	0.43582543668344426
12	27	0.42358394474153604
12	28	0.40904326029290455
12	29	0.3966980686759884
12	30	0.3850881247332487
12	31	0.36521648001849677
12	32	0.33240230027381307
12	33	0.29982497364451516
12	34	0.28455520994730904
12	35	0.28528094195637477
12	36	0.277370791948269
12	37	0.26309705704674147
12	38	0.2656919553548612
12	39	0.17516864161238666
12	40	0.3817735478506053
12	41	0.3911847887508208
12	42	0.4185703836499575
12	43	0.46164589359955027
12	44	0.5159701036066808
12	45	0.5742685851798363
12	46	0.6284800251073516
12	47	0.6738815965541815
12	48	0.7108992623903194
12	49	0.7425010984993324
12	50	0.7701561989484389
12	51	0.791375307410521
12	52	0.7999999999999999
12	53	0.7899257190484917
12	54	0.7604547399729785
12	55	0.7177536777516199
12	56	0.6703518150162737
12	57	0.623800320195042
12	58	0.5788598347712802
12	59	0.5332767398566389
12	60	0.48586165690753624
12	61	0.43982523660820333
12	62	0.4013738383287776
12	63	0.37509952505860295
12	64	0.361086737933969
12	65	0.3546631387292267
12	66	0.3486603493467554
12	67	0.33886715579322885
12	68	0.3272346082343237
12	69	0.31735845494079074
12	70	0.308070499786599
12	71	0.29217318401479764
12	72	0.2659218402190506
12	73	0.2398599789156122
12	74	0.22764416795784728
12	75	0.2282247535650998
12	76	0.22189663355861527
12	77	0.21047764563739313
12	78	0.212553564283889
12	79	0.1401349132899093
13	0	0.46180836283822163
13	1	0.4710216825978523
13	2	0.4992654169441392
13	3	0.543968947703636
13	4	0.6004991942314901
13	5	0.6616034257225093
13	6	0.7196946077595666
13	7	0.7710850828077392
13	8	0.817526111577314
13	9	0.8631002867845975
13	10	0.9096893591480116
13	11	0.953999319240468
13	12	0.9874071488106146
13	13	0.9999999999999996
13	14	0.9875175124027408
13	15	0.9544623203880733
13	16	0.9094810566084415
13	17	0.8585164776507774
13	18	0.8019291694132116
13	19	0.736775659666131
13	20	0.6628392112975644
13	21	0.5873558479353974
13	22	0.5221332906356743
13	23	0.4761260192857771
13	24	0.4513680801166681
13	25	0.44290886427443843
13	26	0.44126893229996184
13	27	0.43866771818159556
13	28	0.4339539865400865
13	29	0.42853513985058056
13	30	0.41845595867291047
13	31	0.3928260943605478
13	32	0.3481609119306528
13	33	0.30302662291402505
13	34	0.2800192483014139
13	35	0.28193272763518523
13	36	0.2847334649158176
13	37	0.2822550035869962
13	38	0.2867898473918998
13	39	0.17288391587266844
13	40	0.36944669027057725
13	41	0.37681734607828193
13	42	0.39941233355531136
13	43	0.4351751581629088
13	44	0.4803993553851922
13	45	0.5292827405780075
13	46	0.5757556862076534
13	47	0.6168680662461913
13	48	0.6540208892618512
13	49	0.690480229427678
13	50	0.7277514873184094
13	51	0.7631994553923744
13	52	0.7899257190484917
13	53	0.7999999999999995
13	54	0.7900140099221928
13	55	0.7635698563104587
13	56	0.7275848452867533
13	57	0.6868131821206217
13	58	0.6415433355305694
13	59	0.5894205277329049
13	60	0.5302713690380516
13	61	0.469884678348318
13	62	0.41770663250853934
13	63	0.3809008154286217
13	64	0.3610944640933344
13	65	0.3543270914195507
13	66	0.35301514583996946
13	67	0.35093417454527653
13	68	0.34716318923206924
13	69	0.34282811188046447
13	70	0.33476476693832846
13	71	0.3142608754884382
13	72	0.2785287295445221
13	73	0.24242129833121998
13	74	0.22401539864113104
13	75	0.2255461821081483
13	76	0.22778677193265412
13	77	0.22580400286959695
13	78	0.22943187791351988
13	79	0.13830713269813477
14	0	0.45100540195984756
14	1	0.4573658701308352
14	2	0.47874185874480196
14	3	0.5128099022172067
14	4	0.5558164440726453
14	5	0.6023905091884662
14	6	0.6476054831281081
14	7	0.6902308263661058
14	8	0.7334270075275102
14	9	0.7817488435688442
14	10	0.8372136472007944
14	11	0.8965464544877045
14	12	0.950568424966223
14	13	0.9875175124027408
14	14	1.0000000000000007
14	15	0.9892498389559335
14	16	0.9616430524375711
14	17	0.9218794461182156
14	18	0.8695256774793351
14	19	0.8011988025916666
14	20	0.7173771679562938
14	21	0.6277927424192452
14	22	0.5477525875432092
14	23	0.48919811756710607
14	24	0.45607559712214174
14	25	0.44448565267684037
14	26	0.44497419114572023
14	27	0.44823772621810365
14	28	0.45052463804033477
14	29	0.4507596957066814
14	30	0.44286887633084504
14	31	0.414211223720218
14	32	0.36170740488137504
14	33	0.3075738813398522
14	34	0.2784632691443677
14	35	0.28024416095322124
14	36	0.28965622832769633
14	37	0.2950780736342666
14	38	0.30117108677007454
14	39	0.17148521669877728
14	40	0.360804321567878
14	41	0.3658926961046683
14	42	0.3829934869958417
14	43	0.4102479217737653
14	44	0.44465315525811633
14	45	0.4819124073507732
14	46	0.5180843865024864
14	47	0.5521846610928848
14	48	0.586741606022008
14	49	0.6253990748550755
14	50	0.6697709177606356
14	51	0.7172371635901637
14	52	0.7604547399729785
14	53	0.7900140099221927
14	54	0.8000000000000005
14	55	0.7913998711647467
14	56	0.7693144419500568
14	57	0.7375035568945725
14	58	0.6956205419834681
14	59	0.6409590420733332
14	60	0.573901734365035
14	61	0.5022341939353961
14	62	0.43820207003456735
14	63	0.391358494053685
14	64	0.3648604776977134
14	65	0.35558852214147235
14	66	0.3559793529165763
14	67	0.3585901809744828
14	68	0.3604197104322679
14	69	0.3606077565653452
14	70	0.35429510106467615
14	71	0.3313689789761745
14	72	0.2893659239051
14	73	0.24605910507188172
14	74	0.22277061531549425
14	75	0.224195328762577
14	76	0.23172498266215713
14	77	0.23606245890741323
14	78	0.24093686941605966
14	79	0.13718817335902175
15	0	0.44270438678605906
15	1	0.44635739694091653
15	2	0.4611610556313059
15	3	0.48498204088472235
15	4	0.5147967019329049
15	5	0.5468738191401362
15	6	0.5786726312887054
15	7	0.6112103196746012
15	8	0.6489593147802006
15	9	0.6969369712810759
15	10	0.7573642935068784
15	11	0.8272019629069326
15	12	0.8971920971895248
15	13	0.9544623203880733
15	14	0.9892498389559335
15	15	0.9999999999999998
15	16	0.9909570275152895
15	17	0.9655466703190326
15	18	0.922427017258865
15	19	0.8574088210370325
15	20	0.7707956488248167
15	21	0.6735498297100123
15	22	0.5833480760651599
15	23	0.5144632310152369
15	24	0.47245571398300745
15	25	0.4544573313200282
15	26	0.4516361236296393
15	27	0.45463980758805506
15	28	0.4588482150682898
15	29	0.4619315029388861
15	30	0.45649116926204625
15	31	0.42848353533700817
15	32	0.37409856985030815
15	33	0.3165459918921911
15	34	0.28419732338109605
15	35	0.28416522505902503
15	36	0.29378428461897793
15	37	0.30069046726213605
15	38	0.3076173162929355
15	39	0.17336725939499031
15	40	0.3541635094288472
15	41	0.35708591755273333
15	42	0.36892884450504476
15	43	0.38798563270777786
15	44	0.41183736154632394
15	45	0.437499055312109
15	46	0.46293810503096444
15	47	0.4889682557396813
15	48	0.5191674518241604
15	49	0.5575495770248607
15	50	0.6058914348055028
15	51	0.6617615703255462
15	52	0.7177536777516199
15	53	0.7635698563104587
15	54	0.7913998711647467
15	55	0.8
15	56	0.7927656220122317
15	57	0.7724373362552259
15	58	0.737941613807092
15	59	0.685927056829626
15	60	0.6166365190598532
15	61	0.53883986376801
15	62	0.4666784608521279
15	63	0.41157058481218944
15	64	0.37796457118640603
15	65	0.36356586505602256
15	66	0.36130889890371126
15	67	0.36371184607044393
15	68	0.3670785720546319
15	69	0.3695452023511089
15	70	0.3651929354096371
15	71	0.3427868282696066
15	72	0.2992788558802465
15	73	0.2532367935137529
15	74	0.22735785870487682
15	75	0.22733218004721997
15	76	0.2350274276951824
15	77	0.24055237380970892
15	78	0.2460938530343484
15	79	0.13869380751599225
16	0	0.43595270015511073
16	1	0.4374019062695524
16	2	0.4469055268481328
16	3	0.4624484362687271
16	4	0.4815050302720895
16	5	0.5015247737675629
16	6	0.521732800689298
16	7	0.5448359132497931
16	8	0.5763040535179731
16	9	0.6215305137147494
16	10	0.6829888498399614
16	11	0.758074084715127
16	12	0.837939768770342
16	13	0.9094810566084415
16	14	0.9616430524375711
16	15	0.9909570275152895
16	16	1.0000000000000002
16	17	0.9910874594003125
16	18	0.9619390080768054
16	19	0.9071736203768079
16	20	0.8258933160419363
16	21	0.728738109180406
16	22	0.6343137458768222
16	23	0.558326644538753
16	24	0.5074634505874597
16	25	0.4796912266549729
16	26	0.4673195918084166
16	27	0.4626161308713945
16	28	0.46225166387649796
16	29	0.4642699731824625
16	30	0.460991088026198
16	31	0.43741401509348576
16	32	0.3877239772453084
16	33	0.33311877916590027
16	34	0.3010036414674988
16	35	0.2974665363632426
16	36	0.29985416556516187
16	37	0.300550594679098
16	38	0.3073764675575932
16	39	0.18079525302830446
16	40	0.34876216012408856
16	41	0.34992152501564194
16	42	0.3575244214785062
16	43	0.36995874901498166
16	44	0.38520402421767186
16	45	0.4012198190140503
16	46	0.41738624055143836
16	47	0.43586873059983455
16	48	0.46104324281437864
16	49	0.49722441097179965
16	50	0.5463910798719693
16	51	0.6064592677721017
16	52	0.6703518150162736
16	53	0.7275848452867532
16	54	0.7693144419500568
16	55	0.7927656220122317
16	56	0.8000000000000002
16	57	0.79286996752025
16	58	0.7695512064614444
16	59	0.7257388963014465
16	60	0.660714652833549
16	61	0.5829904873443249
16	62	0.5074509967014579
16	63	0.4466613156310024
16	64	0.40597076046996783
16	65	0.3837529813239784
16	66	0.3738556734467333
16	67	0.37009290469711564
16	68	0.3698013311011985
16	69	0.3714159785459701
16	70	0.36879287042095843
16	71	0.34993121207478867
16	72	0.31017918179624676
16	73	0.26649502333272024
16	74	0.24080291317399907
16	75	0.23797322909059412
16	76	0.23988333245212945
16	77	0.24044047574327843
16	78	0.24590117404607464
16	79	0.1446362024226435
17	0	0.4291125112542362
17	1	0.42906518736754373
17	2	0.43511411600807126
17	3	0.44528952270843375
17	4	0.4572981854571379
17	5	0.46920015169758006
17	6	0.4811731724551235
17	7	0.4968474271337863
17	8	0.5222362747768492
17	9	0.5629647413142992
17	10	0.6217857127467786
17	11	0.6967018559222136
17	12	0.7797504002438023
17	13	0.8585164776507774
17	14	0.9218794461182156
17	15	0.9655466703190326
17	16	0.9910874594003125
17	17	0.9999999999999987
17	18	0.9891091841072119
17	19	0.9514882473327664
17	20	0.8839858199350016
17	21	0.7952731256183591
17	22	0.7033147112212126
17	23	0.6242325294125103
17	24	0.5652384319651486
17	25	0.5247991512057429
17	26	0.49673918819062796
17	27	0.4765783975182695
17	28	0.46456870227785246
17	29	0.4609330043315213
17	30	0.45886344732309164
17	31	0.44291092235533147
17	32	0.4040740510410526
17	33	0.35863379623408986
17	34	0.3303658142740641
17	35	0.32196202243422434
17	36	0.3098899507918257
17	37	0.29664547317025014
17	38	0.3023128575702402
17	39	0.19478978395131308
17	40	0.3432900090033889
17	41	0.3432521498940349
17	42	0.348091292806457
17	43	0.356231618166747
17	44	0.3658385483657104
17	45	0.3753601213580641
17	46	0.3849385379640989
17	47	0.3974779417070291
17	48	0.41778901982147937
17	49	0.4503717930514393
17	50	0.4974285701974229
17	51	0.5573614847377709
17	52	0.623800320195042
17	53	0.6868131821206218
17	54	0.7375035568945726
17	55	0.7724373362552259
17	56	0.79286996752025
17	57	0.7999999999999989
17	58	0.7912873472857695
17	59	0.761190597866213
17	60	0.7071886559480015
17	61	0.6362185004946873
17	62	0.5626517689769702
17	63	0.4993860235300082
17	64	0.4521907455721189
17	65	0.4198393209645945
17	66	0.3973913505525023
17	67	0.3812627180146156
17	68	0.3716549618222819
17	69	0.36874640346521703
17	70	0.3670907578584734
17	71	0.35432873788426533
17	72	0.3232592408328421
17	73	0.2869070369872719
17	74	0.26429265141925135
17	75	0.25756961794737954
17	76	0.2479119606334606
17	77	0.23731637853620005
17	78	0.24185028605619216
17	79	0.15583182716105048
18	0	0.4188042863221943
18	1	0.4180522247466035
18	2	0.42271930389277435
18	3	0.43082375085941166
18	4	0.4400489341579592
18	5	0.44847319567747584
18	6	0.45634108047628236
18	7	0.4673342441087874
18	8	0.48745999575029736
18	9	0.5223698128299649
18	10	0.5750860950301082
18	11	0.6443633833451632
18	12	0.7235747934641001
18	13	0.8019291694132116
18	14	0.8695256774793351
18	15	0.922427017258865
18	16	0.9619390080768054
18	17	0.9891091841072119
18	18	0.9999999999999991
18	19	0.9859094598714798
18	20	0.940510575064199
18	21	0.8689162105298561
18	22	0.786833001477241
18	23	0.7096886258310212
18	24	0.6445326706978391
18	25	0.5898823937388712
18	26	0.5412420381224526
18	27	0.4987498854136941
18	28	0.46835678671674674
18	29	0.45423159085771914
18	30	0.4516039505799231
18	31	0.44519408324236787
18	32	0.4220151824892842
18	33	0.3910294852049826
18	34	0.3700203058960439
18	35	0.35613578965904563
18	36	0.3239437591654189
18	37	0.29032957295227285
18	38	0.2937124819503456
18	39	0.2142869891537572
18	40	0.3350434290577554
18	41	0.3344417797972828
18	42	0.3381754431142195
18	43	0.3446590006875293
18	44	0.3520391473263673
18	45	0.3587785565419807
18	46	0.365072864381026
18	47	0.37386739528702995
18	48	0.389967996600238
18	49	0.417895850263972
18	50	0.46006887602408664
18	51	0.5154907066761305
18	52	0.5788598347712802
18	53	0.6415433355305694
18	54	0.695620541983468
18	55	0.737941613807092
18	56	0.7695512064614444
18	57	0.7912873472857695
18	58	0.7999999999999993
18	59	0.7887275678971841
18	60	0.7524084600513594
18	61	0.6951329684238848
18	62	0.629466401181793
18	63	0.5677509006648169
18	64	0.5156261365582714
18	65	0.4719059149910972
18	66	0.43299363049796197
18	67	0.3989999083309552
18	68	0.37468542937339744
18	69	0.36338527268617526
18	70	0.3612831604639385
18	71	0.35615526659389435
18	72	0.3376121459914274
18	73	0.31282358816398625
18	74	0.29601624471683513
18	75	0.28490863172723646
18	76	0.25915500733233515
18	77	0.23226365836181825
18	78	0.23496998556027654
18	79	0.17142959132300578
19	0	0.4007155357299794
19	1	0.4000359371621591
19	2	0.40531606279950316
19	3	0.4145346959002139
19	4	0.42514750961925285
19	5	0.43472342125738117
19	6	0.44273619795161956
19	7	0.452048641276316
19	8	0.468069606000811
19	9	0.4962125318174336
19	10	0.5397026690582152
19	11	0.5981331197705858
19	12	0.6665959248207988
19	13	0.736775659666131
19	14	0.8011988025916666
19	15	0.8574088210370325
19	16	0.9071736203768079
19	17	0.9514882473327664
19	18	0.9859094598714798
19	19	0.9999999999999987
19	20	0.9837192906593385
19	21	0.937360031587086
19	22	0.8728754649526851
19	23	0.803859411199059
19	24	0.7364634482247474
19	25	0.668718802820773
19	26	0.5976483992719698
19	27	0.5287285603016
19	28	0.47506749259003794
19	29	0.44616383327557196
19	30	0.4402911521645166
19	31	0.4430878502454191
19	32	0.43756924165130523
19	33	0.42412328584704095
19	34	0.41296562335573206
19	35	0.39428164711653785
19	36	0.33982409027452987
19	37	0.28266784073253826
19	38	0.2827101976524515
19	39	0.2356578474575512
19	40	0.32057242858398355
19	41	0.3200287497297274
19	42	0.3242528502396026
19	43	0.33162775672017114
19	44	0.3401180076954024
19	45	0.347778737005905
19	46	0.3541889583612957
19	47	0.3616389130210529
19	48	0.3744556848006487
19	49	0.39697002545394683
19	50	0.4317621352465722
19	51	0.47850649581646865
19	52	0.5332767398566389
19	53	0.5894205277329049
19	54	0.6409590420733333
19	55	0.6859270568296261
19	56	0.7257388963014465
19	57	0.761190597866213
19	58	0.7887275678971841
19	59	0.7999999999999992
19	60	0.786975432527471
19	61	0.7498880252696689
19	62	0.6983003719621481
19	63	0.6430875289592474
19	64	0.5891707585797978
19	65	0.5349750422566185
19	66	0.47811871941757567
19	67	0.42298284824127996
19	68	0.38005399407203044
19	69	0.3569310666204576
19	70	0.3522329217316134
19	71	0.35447028019633525
19	72	0.35005539332104413
19	73	0.3392986286776327
19	74	0.33037249868458574
19	75	0.31542531769323034
19	76	0.2718592722196239
19	77	0.22613427258603067
19	78	0.2261681581219612
19	79	0.188526277966041
20	0	0.37274126567748683
20	1	0.3727577226639438
20	2	0.3801883004561249
20	3	0.39297919978312074
20	4	0.4082460270115615
20	5	0.4226922422825081
20	6	0.43440415310421654
20	7	0.4447390521824025
20	8	0.45799700479640193
20	9	0.47908124398542856
20	10	0.5112942744364947
20	11	0.5550449082680009
20	12	0.6073270711344204
20	13	0.6628392112975644
20	14	0.7173771679562938
20	15	0.7707956488248167
20	16	0.8258933160419363
20	17	0.8839858199350016
20	18	0.940510575064199
20	19	0.9837192906593385
20	20	1.0000000000000002
20	21	0.984322076430106
20	22	0.943896643353313
20	23	0.8895479805252925
20	24	0.8258774205156587
20	25	0.7498697384600862
20	26	0.6594443183279562
20	27	0.5650164783193482
