	Target (OIS)	Target (LIBOR)	Caplet Vola Analytic Single-Curve	Caplet Vola Monte-Carlo Single-Curve	Caplet Vola Analytic Multi-Curve Fenton-Wilkinson	Caplet Vola Analytic Multi-Curve Ju	Caplet Vola Analytic Multi-Curve Ho	Caplet Vola Analytic Multi-Curve Drift-Freeze	Caplet Vola Analytic Multi-Curve Integrated-Expectation	Caplet Vola Monte-Carlo Multi-Curve	Caplet Value Analytic Single-Curve	Caplet Value Monte-Carlo Single-Curve	Caplet Value Analytic Multi-Curve Fenton-Wilkinson	Caplet Value Analytic Multi-Curve Ju	Caplet Value Analytic Multi-Curve Ho	Caplet Value Analytic Multi-Curve Drift-Freeze	Caplet Value Analytic Multi-Curve Integrated-Expectation	Caplet Value Monte-Carlo Multi-Curve	Swaption Vola Analytic Single-Curve	Swaption Vola Monte-Carlo Single-Curve	Swaption Vola Analytic Multi-Curve Drift-Freeze	Swaption Vola Analytic Multi-Curve Integrated-Expectation	Swaption Vola Monte-Carlo Multi-Curve	Swaption Value Analytic Single-Curve	Swaption Value Monte-Carlo Single-Curve	Swaption Value Analytic Multi-Curve Drift-Freeze	Swaption Value Analytic Multi-Curve Integrated-Expectation	Swaption Value Monte-Carlo Multi-Curve	Swaption Exercise Date	Swaption Number Of Periods	Numeraire Single-Curve	Discount Single-Curve	OIS Spot Rate Single-Curve	Numeraire Multi-Curve	OIS Spot Rate Multi-Curve	LIBOR Spot Rate Multi-Curve	OIS Forward Rate Multi-Curve	LIBOR Forward Rate Multi-Curve	Time
Target (OIS)	0.0000000000E00	5.5326532986E-02	3.0623338685E-01	3.2592922033E-01	2.9338920966E-01	2.9458790020E-01	6.2469771260E-01	2.9755320619E-01	2.9755320619E-01	3.2259174445E-01	9.3893805463E-01	9.3894796033E-01	9.3821377095E-01	9.3822749091E-01	9.3959112856E-01	9.3824276282E-01	9.3824276282E-01	9.3826540924E-01	7.6939083930E-01	7.7210418171E-01	7.5763751056E-01	7.6114653066E-01	7.5250969374E-01	9.2403555376E-01	9.2430009561E-01	9.2081598665E-01	9.2109914164E-01	9.2011793434E-01	9.3055106076E-01	8.7404628749E-01	5.6953476326E37	1.6295623314E-01	9.3234397170E-01	1.3100117838E35	9.3235758650E-01	9.2930123664E-01	9.3233198483E-01	9.2925786341E-01	9.1779483522E-01	
Target (LIBOR)	5.5326532986E-02	0.0000000000E00	3.5819061694E-01	3.7852017842E-01	3.4399071767E-01	3.4520741451E-01	6.7835328896E-01	3.4862846875E-01	3.4862846875E-01	3.7422143115E-01	9.9426458762E-01	9.9427449331E-01	9.9354030394E-01	9.9355402390E-01	9.9491766154E-01	9.9356929581E-01	9.9356929581E-01	9.9359194223E-01	8.2285071548E-01	8.2556405789E-01	8.1109738674E-01	8.1460640685E-01	8.0596956992E-01	9.7936208675E-01	9.7962662860E-01	9.7614251964E-01	9.7642567462E-01	9.7544446733E-01	9.8587759374E-01	9.2663724558E-01	5.6953476326E37	1.2937182714E-01	9.8767050468E-01	1.3100117838E35	9.8768411949E-01	9.8462776963E-01	9.8765851781E-01	9.8458439640E-01	9.7295923729E-01	
Caplet Vola Analytic Single-Curve	3.0623338685E-01	3.5819061694E-01	0.0000000000E00	2.0329561476E-02	1.1493548340E-01	1.1189592887E-01	3.5535303509E-01	1.1122218869E-01	1.1122218869E-01	1.1343603003E-01	6.6055019607E-01	6.6055422805E-01	6.5987206156E-01	6.5988457782E-01	6.6107984294E-01	6.5989522855E-01	6.5989522855E-01	6.5989271224E-01	4.6590605706E-01	4.6861939947E-01	4.5415272832E-01	4.5766174842E-01	4.4902491150E-01	6.4724476370E-01	6.4742103407E-01	6.4418329904E-01	6.4432750138E-01	6.4359452049E-01	6.5167724602E-01	5.9404806481E-01	5.6953476326E37	4.1092739018E-01	6.5537063654E-01	1.3100117838E35	6.5536733842E-01	6.5222838193E-01	6.5536990795E-01	6.5223942601E-01	6.4252058171E-01	
Caplet Vola Monte-Carlo Single-Curve	3.2592922033E-01	3.7852017842E-01	2.0329561476E-02	0.0000000000E00	1.1478875100E-01	1.1174919647E-01	3.6136689581E-01	1.1107545629E-01	1.1107545629E-01	1.1328929762E-01	6.6229495318E-01	6.6229045660E-01	6.6160083272E-01	6.6161243948E-01	6.6270289252E-01	6.6161899677E-01	6.6161899677E-01	6.6162535968E-01	4.5516665481E-01	4.5817475260E-01	4.4353526110E-01	4.4730305869E-01	4.3774248740E-01	6.5238224820E-01	6.5243602636E-01	6.4954073669E-01	6.4960303083E-01	6.4895195814E-01	6.5287801936E-01	5.9419479721E-01	5.6953476326E37	4.1609129999E-01	6.5911958524E-01	1.3100117838E35	6.5913178113E-01	6.5556910254E-01	6.5913301033E-01	6.5556393312E-01	6.4787801936E-01	
Caplet Vola Analytic Multi-Curve Fenton-Wilkinson	2.9338920966E-01	3.4399071767E-01	1.1493548340E-01	1.1478875100E-01	0.0000000000E00	7.2291328182E-03	4.5255152884E-01	1.1306890388E-02	1.1306890388E-02	3.0462103749E-02	7.4227039209E-01	7.4226589552E-01	7.4157627163E-01	7.4158787839E-01	7.4267833143E-01	7.4159443568E-01	7.4159443568E-01	7.4160079859E-01	4.8515802115E-01	4.8814810858E-01	4.7350861709E-01	4.7727641467E-01	4.6827687559E-01	7.3483523846E-01	7.3482343762E-01	7.3260220249E-01	7.3261488928E-01	7.3222284208E-01	7.3285345827E-01	7.0898354821E-01	5.6953476326E37	4.0385389962E-01	7.3909502416E-01	1.3100117838E35	7.3910722004E-01	7.3554454145E-01	7.3910844924E-01	7.3553937204E-01	7.2999861432E-01	
Caplet Vola Analytic Multi-Curve Ju	2.9458790020E-01	3.4520741451E-01	1.1189592887E-01	1.1174919647E-01	7.2291328182E-03	0.0000000000E00	4.4692737483E-01	5.0361050716E-03	5.0361050716E-03	2.9014016641E-02	7.3504125928E-01	7.3503676270E-01	7.3434713881E-01	7.3435874557E-01	7.3544919862E-01	7.3436530286E-01	7.3436530286E-01	7.3437166578E-01	4.8304722458E-01	4.8576056699E-01	4.7129389584E-01	4.7480291594E-01	4.6616607902E-01	7.2921108445E-01	7.2919928362E-01	7.2697804848E-01	7.2699073528E-01	7.2659868807E-01	7.2562432546E-01	7.0594399368E-01	5.6953476326E37	4.0449564614E-01	7.3186589134E-01	1.3100117838E35	7.3187808722E-01	7.2865841547E-01	7.3187931642E-01	7.2864960616E-01	7.2437446032E-01	
Caplet Vola Analytic Multi-Curve Ho	6.2469771260E-01	6.7835328896E-01	3.5535303509E-01	3.6136689581E-01	4.5255152884E-01	4.4692737483E-01	0.0000000000E00	4.4477758004E-01	4.4477758004E-01	4.3874123287E-01	5.3719015291E-01	5.3722688496E-01	5.3643972954E-01	5.3645312114E-01	5.3805698841E-01	5.3647503976E-01	5.3647503976E-01	5.3652792707E-01	3.9669821079E-01	3.9941155320E-01	3.8494488205E-01	3.8845390216E-01	3.7981706523E-01	5.2359366734E-01	5.2371403274E-01	5.2221164131E-01	5.2223753755E-01	5.2236002051E-01	5.3033399790E-01	5.0928221820E-01	5.6953476326E37	7.1118776297E-01	5.2777474918E-01	1.3100117838E35	5.2778183218E-01	5.2493634745E-01	5.2771855206E-01	5.2483191318E-01	5.0484854539E-01	
Caplet Vola Analytic Multi-Curve Drift-Freeze	2.9755320619E-01	3.4862846875E-01	1.1122218869E-01	1.1107545629E-01	1.1306890388E-02	5.0361050716E-03	4.4477758004E-01	0.0000000000E00	0.0000000000E00	2.5592962393E-02	7.3190285841E-01	7.3189995133E-01	7.3140070285E-01	7.3140668767E-01	7.3213361784E-01	7.3140897696E-01	7.3140897696E-01	7.3141540981E-01	4.7872285510E-01	4.8143619751E-01	4.6696952637E-01	4.7047854647E-01	4.6184170954E-01	7.2706128966E-01	7.2704948883E-01	7.2482825369E-01	7.2484094049E-01	7.2444889328E-01	7.2222466553E-01	7.0527025350E-01	5.6953476326E37	4.0621908024E-01	7.2965653522E-01	1.3100117838E35	7.2966684899E-01	7.2650862068E-01	7.2966481827E-01	7.2649981137E-01	7.2222466553E-01	
Caplet Vola Analytic Multi-Curve Integrated-Expectation	2.9755320619E-01	3.4862846875E-01	1.1122218869E-01	1.1107545629E-01	1.1306890388E-02	5.0361050716E-03	4.4477758004E-01	0.0000000000E00	0.0000000000E00	2.5592962393E-02	7.3190285841E-01	7.3189995133E-01	7.3140070285E-01	7.3140668767E-01	7.3213361784E-01	7.3140897696E-01	7.3140897696E-01	7.3141540981E-01	4.7872285510E-01	4.8143619751E-01	4.6696952637E-01	4.7047854647E-01	4.6184170954E-01	7.2706128966E-01	7.2704948883E-01	7.2482825369E-01	7.2484094049E-01	7.2444889328E-01	7.2222466553E-01	7.0527025350E-01	5.6953476326E37	4.0621908024E-01	7.2965653522E-01	1.3100117838E35	7.2966684899E-01	7.2650862068E-01	7.2966481827E-01	7.2649981137E-01	7.2222466553E-01	
Caplet Vola Monte-Carlo Multi-Curve	3.2259174445E-01	3.7422143115E-01	1.1343603003E-01	1.1328929762E-01	3.0462103749E-02	2.9014016641E-02	4.3874123287E-01	2.5592962393E-02	2.5592962393E-02	0.0000000000E00	7.2733535974E-01	7.2733532475E-01	7.2699219316E-01	7.2699419945E-01	7.2741891578E-01	7.2699464423E-01	7.2699464423E-01	7.2699318282E-01	4.6256187078E-01	4.6556996857E-01	4.5093047707E-01	4.5469827465E-01	4.4513770337E-01	7.2666709913E-01	7.2666096850E-01	7.2562141152E-01	7.2562568020E-01	7.2561722916E-01	7.1759404262E-01	7.0748409484E-01	5.6953476326E37	4.1869017429E-01	7.2575101717E-01	1.3100117838E35	7.2574922866E-01	7.2263137290E-01	7.2575092895E-01	7.2264041206E-01	7.2248409484E-01	
Caplet Value Analytic Single-Curve	9.3893805463E-01	9.9426458762E-01	6.6055019607E-01	6.6229495318E-01	7.4227039209E-01	7.3504125928E-01	5.3719015291E-01	7.3190285841E-01	7.3190285841E-01	7.2733535974E-01	0.0000000000E00	1.6480090644E-04	7.7349361809E-04	7.6047570050E-04	9.9658973411E-04	7.3374591594E-04	7.3374591594E-04	6.9161080972E-04	6.6392660568E-01	6.6909919735E-01	7.3488972833E-01	7.3312760874E-01	7.3661676690E-01	4.6849652916E-02	4.4489791698E-02	4.9708446044E-02	4.2154426964E-02	4.6819973404E-02	1.5549453701E-01	3.3630856912E-01	5.6953476326E37	9.9935151328E-01	2.4870608571E-02	1.3100117838E35	2.4361758284E-02	2.5349856047E-02	2.4882607046E-02	2.5905782135E-02	1.9049453701E-01	
Caplet Value Monte-Carlo Single-Curve	9.3894796033E-01	9.9427449331E-01	6.6055422805E-01	6.6229045660E-01	7.4226589552E-01	7.3503676270E-01	5.3722688496E-01	7.3189995133E-01	7.3189995133E-01	7.2733532475E-01	1.6480090644E-04	0.0000000000E00	8.8699684315E-04	8.7461316015E-04	9.3206783287E-04	8.4710284904E-04	8.4710284904E-04	7.2873310514E-04	6.6392657069E-01	6.6909916237E-01	7.3488969334E-01	7.3312757376E-01	7.3661673191E-01	4.6890590083E-02	4.4530728865E-02	4.9749383211E-02	4.2195364131E-02	4.6860910571E-02	1.5559178715E-01	3.3641148180E-01	5.6953476326E37	9.9935147829E-01	2.4900429137E-02	1.3100117838E35	2.4398227841E-02	2.5426130825E-02	2.4919076602E-02	2.5982056913E-02	1.9059178715E-01	
Caplet Value Analytic Multi-Curve Fenton-Wilkinson	9.3821377095E-01	9.9354030394E-01	6.5987206156E-01	6.6160083272E-01	7.4157627163E-01	7.3434713881E-01	5.3643972954E-01	7.3140070285E-01	7.3140070285E-01	7.2699219316E-01	7.7349361809E-04	8.8699684315E-04	0.0000000000E00	1.3719960447E-05	1.7584494059E-03	3.9893994112E-05	3.9893994112E-05	2.4524424966E-04	6.6358343911E-01	6.6875603078E-01	7.3454656176E-01	7.3278444217E-01	7.3627360033E-01	4.6634917559E-02	4.4275056340E-02	4.9493710686E-02	4.1939691607E-02	4.6605238047E-02	1.5536823178E-01	3.3553507550E-01	5.6953476326E37	9.9900834670E-01	2.4724574414E-02	1.3100117838E35	2.4210443369E-02	2.5085808050E-02	2.4708286413E-02	2.5641734139E-02	1.9036823178E-01	
Caplet Value Analytic Multi-Curve Ju	9.3822749091E-01	9.9355402390E-01	6.5988457782E-01	6.6161243948E-01	7.4158787839E-01	7.3435874557E-01	5.3645312114E-01	7.3140668767E-01	7.3140668767E-01	7.2699419945E-01	7.6047570050E-04	8.7461316015E-04	1.3719960447E-05	0.0000000000E00	1.7460657229E-03	2.7510311110E-05	2.7510311110E-05	2.3820555044E-04	6.6358544539E-01	6.6875803707E-01	7.3454856804E-01	7.3278644845E-01	7.3627560661E-01	4.6637264868E-02	4.4277403649E-02	4.9496057995E-02	4.1942038916E-02	4.6607585356E-02	1.5536950592E-01	3.3554809342E-01	5.6953476326E37	9.9901035299E-01	2.4725835340E-02	1.3100117838E35	2.4211704295E-02	2.5088716644E-02	2.4709547339E-02	2.5644642732E-02	1.9036950592E-01	
Caplet Value Analytic Multi-Curve Ho	9.3959112856E-01	9.9491766154E-01	6.6107984294E-01	6.6270289252E-01	7.4267833143E-01	7.3544919862E-01	5.3805698841E-01	7.3213361784E-01	7.3213361784E-01	7.2741891578E-01	9.9658973411E-04	9.3206783287E-04	1.7584494059E-03	1.7460657229E-03	0.0000000000E00	1.7185554118E-03	1.7185554118E-03	1.5933911070E-03	6.6386215303E-01	6.6903474470E-01	7.3482527568E-01	7.3306315609E-01	7.3655231425E-01	4.7216070053E-02	4.4856208834E-02	5.0074863180E-02	4.2520844101E-02	4.7186390541E-02	1.5571636721E-01	3.3727613980E-01	5.6953476326E37	9.9928706062E-01	2.5216303819E-02	1.3100117838E35	2.4714401612E-02	2.5797801209E-02	2.5235250373E-02	2.6353727298E-02	1.9071636721E-01	
Caplet Value Analytic Multi-Curve Drift-Freeze	9.3824276282E-01	9.9356929581E-01	6.5989522855E-01	6.6161899677E-01	7.4159443568E-01	7.3436530286E-01	5.3647503976E-01	7.3140897696E-01	7.3140897696E-01	7.2699464423E-01	7.3374591594E-04	8.4710284904E-04	3.9893994112E-05	2.7510311110E-05	1.7185554118E-03	0.0000000000E00	0.0000000000E00	2.3104073709E-04	6.6358589018E-01	6.6875848185E-01	7.3454901283E-01	7.3278689324E-01	7.3627605140E-01	4.6642970361E-02	4.4283109143E-02	4.9501763489E-02	4.1947744409E-02	4.6613290849E-02	1.5537243672E-01	3.3557482320E-01	5.6953476326E37	9.9901079777E-01	2.4728456985E-02	1.3100117838E35	2.4214325940E-02	2.5095881457E-02	2.4712168984E-02	2.5651807546E-02	1.9037243672E-01	
Caplet Value Analytic Multi-Curve Integrated-Expectation	9.3824276282E-01	9.9356929581E-01	6.5989522855E-01	6.6161899677E-01	7.4159443568E-01	7.3436530286E-01	5.3647503976E-01	7.3140897696E-01	7.3140897696E-01	7.2699464423E-01	7.3374591594E-04	8.4710284904E-04	3.9893994112E-05	2.7510311110E-05	1.7185554118E-03	0.0000000000E00	0.0000000000E00	2.3104073709E-04	6.6358589018E-01	6.6875848185E-01	7.3454901283E-01	7.3278689324E-01	7.3627605140E-01	4.6642970361E-02	4.4283109143E-02	4.9501763489E-02	4.1947744409E-02	4.6613290849E-02	1.5537243672E-01	3.3557482320E-01	5.6953476326E37	9.9901079777E-01	2.4728456985E-02	1.3100117838E35	2.4214325940E-02	2.5095881457E-02	2.4712168984E-02	2.5651807546E-02	1.9037243672E-01	
Caplet Value Monte-Carlo Multi-Curve	9.3826540924E-01	9.9359194223E-01	6.5989271224E-01	6.6162535968E-01	7.4160079859E-01	7.3437166578E-01	5.3652792707E-01	7.3141540981E-01	7.3141540981E-01	7.2699318282E-01	6.9161080972E-04	7.2873310514E-04	2.4524424966E-04	2.3820555044E-04	1.5933911070E-03	2.3104073709E-04	2.3104073709E-04	0.0000000000E00	6.6358442877E-01	6.6875702044E-01	7.3454755141E-01	7.3278543183E-01	7.3627458999E-01	4.6734032744E-02	4.4374171525E-02	4.9592825871E-02	4.2038806792E-02	4.6704353232E-02	1.5541663477E-01	3.3568274870E-01	5.6953476326E37	9.9900933636E-01	2.4928831085E-02	1.3100117838E35	2.4414700040E-02	2.5326922194E-02	2.4912543084E-02	2.5882848283E-02	1.9041663477E-01	
Swaption Vola Analytic Single-Curve	7.6939083930E-01	8.2285071548E-01	4.6590605706E-01	4.5516665481E-01	4.8515802115E-01	4.8304722458E-01	3.9669821079E-01	4.7872285510E-01	4.7872285510E-01	4.6256187078E-01	6.6392660568E-01	6.6392657069E-01	6.6358343911E-01	6.6358544539E-01	6.6386215303E-01	6.6358589018E-01	6.6358589018E-01	6.6358442877E-01	0.0000000000E00	2.2661398635E-02	7.0963122648E-02	6.9201003061E-02	7.2690161220E-02	6.6325834508E-01	6.6325221445E-01	6.6221265746E-01	6.6221692614E-01	6.6220847511E-01	6.5407534078E-01	6.4407534078E-01	5.6953476326E37	8.3111903196E-01	6.6234226312E-01	1.3100117838E35	6.6234047460E-01	6.5922261884E-01	6.6234217489E-01	6.5923165800E-01	6.5907534078E-01	
Swaption Vola Monte-Carlo Single-Curve	7.7210418171E-01	8.2556405789E-01	4.6861939947E-01	4.5817475260E-01	4.8814810858E-01	4.8576056699E-01	3.9941155320E-01	4.8143619751E-01	4.8143619751E-01	4.6556996857E-01	6.6909919735E-01	6.6909916237E-01	6.6875603078E-01	6.6875803707E-01	6.6903474470E-01	6.6875848185E-01	6.6875848185E-01	6.6875702044E-01	2.2661398635E-02	0.0000000000E00	6.5790530977E-02	6.4028411389E-02	6.7517569549E-02	6.6843093675E-01	6.6842480612E-01	6.6738524913E-01	6.6738951781E-01	6.6738106678E-01	6.5924793245E-01	6.4924793245E-01	5.6953476326E37	8.3383237437E-01	6.6751485479E-01	1.3100117838E35	6.6751306627E-01	6.6439521051E-01	6.6751476656E-01	6.6440424967E-01	6.6424793245E-01	
Swaption Vola Analytic Multi-Curve Drift-Freeze	7.5763751056E-01	8.1109738674E-01	4.5415272832E-01	4.4353526110E-01	4.7350861709E-01	4.7129389584E-01	3.8494488205E-01	4.6696952637E-01	4.6696952637E-01	4.5093047707E-01	7.3488972833E-01	7.3488969334E-01	7.3454656176E-01	7.3454856804E-01	7.3482527568E-01	7.3454901283E-01	7.3454901283E-01	7.3454755141E-01	7.0963122648E-02	6.5790530977E-02	0.0000000000E00	2.8391717228E-02	3.2769086519E-02	7.3422146772E-01	7.3421533710E-01	7.3317578011E-01	7.3318004879E-01	7.3317159775E-01	7.2503846343E-01	7.1503846343E-01	5.6953476326E37	8.1936570322E-01	7.3330538577E-01	1.3100117838E35	7.3330359725E-01	7.3018574149E-01	7.3330529754E-01	7.3019478065E-01	7.3003846343E-01	
Swaption Vola Analytic Multi-Curve Integrated-Expectation	7.6114653066E-01	8.1460640685E-01	4.5766174842E-01	4.4730305869E-01	4.7727641467E-01	4.7480291594E-01	3.8845390216E-01	4.7047854647E-01	4.7047854647E-01	4.5469827465E-01	7.3312760874E-01	7.3312757376E-01	7.3278444217E-01	7.3278644845E-01	7.3306315609E-01	7.3278689324E-01	7.3278689324E-01	7.3278543183E-01	6.9201003061E-02	6.4028411389E-02	2.8391717228E-02	0.0000000000E00	3.3862062402E-02	7.3245934814E-01	7.3245321751E-01	7.3141366052E-01	7.3141792920E-01	7.3140947817E-01	7.2327634384E-01	7.1327634384E-01	5.6953476326E37	8.2287472332E-01	7.3154326618E-01	1.3100117838E35	7.3154147766E-01	7.2842362190E-01	7.3154317795E-01	7.2843266106E-01	7.2827634384E-01	
Swaption Vola Monte-Carlo Multi-Curve	7.5250969374E-01	8.0596956992E-01	4.4902491150E-01	4.3774248740E-01	4.6827687559E-01	4.6616607902E-01	3.7981706523E-01	4.6184170954E-01	4.6184170954E-01	4.4513770337E-01	7.3661676690E-01	7.3661673191E-01	7.3627360033E-01	7.3627560661E-01	7.3655231425E-01	7.3627605140E-01	7.3627605140E-01	7.3627458999E-01	7.2690161220E-02	6.7517569549E-02	3.2769086519E-02	3.3862062402E-02	0.0000000000E00	7.3594850630E-01	7.3594237567E-01	7.3490281868E-01	7.3490708736E-01	7.3489863633E-01	7.2676550200E-01	7.1676550200E-01	5.6953476326E37	8.1423788640E-01	7.3503242434E-01	1.3100117838E35	7.3503063582E-01	7.3191278006E-01	7.3503233611E-01	7.3192181922E-01	7.3176550200E-01	
Swaption Value Analytic Single-Curve	9.2403555376E-01	9.7936208675E-01	6.4724476370E-01	6.5238224820E-01	7.3483523846E-01	7.2921108445E-01	5.2359366734E-01	7.2706128966E-01	7.2706128966E-01	7.2666709913E-01	4.6849652916E-02	4.6890590083E-02	4.6634917559E-02	4.6637264868E-02	4.7216070053E-02	4.6642970361E-02	4.6642970361E-02	4.6734032744E-02	6.6325834508E-01	6.6843093675E-01	7.3422146772E-01	7.3245934814E-01	7.3594850630E-01	0.0000000000E00	2.9264329915E-03	4.8795201224E-03	4.6952259520E-03	3.9726100121E-03	1.4968093254E-01	3.2204378302E-01	5.6953476326E37	9.9868325267E-01	2.2996664222E-02	1.3100117838E35	2.3112637101E-02	2.2157161035E-02	2.2957204410E-02	2.1977758729E-02	1.7968093254E-01	
Swaption Value Monte-Carlo Single-Curve	9.2430009561E-01	9.7962662860E-01	6.4742103407E-01	6.5243602636E-01	7.3482343762E-01	7.2919928362E-01	5.2371403274E-01	7.2704948883E-01	7.2704948883E-01	7.2666096850E-01	4.4489791698E-02	4.4530728865E-02	4.4275056340E-02	4.4277403649E-02	4.4856208834E-02	4.4283109143E-02	4.4283109143E-02	4.4374171525E-02	6.6325221445E-01	6.6842480612E-01	7.3421533710E-01	7.3245321751E-01	7.3594237567E-01	2.9264329915E-03	0.0000000000E00	7.2853747346E-03	3.9556034935E-03	5.2027831347E-03	1.4993154244E-01	3.2239267351E-01	5.6953476326E37	9.9867712204E-01	2.0636803003E-02	1.3100117838E35	2.0752775882E-02	1.9797299817E-02	2.0597343191E-02	2.0250047873E-02	1.7993154244E-01	
Swaption Value Analytic Multi-Curve Drift-Freeze	9.2081598665E-01	9.7614251964E-01	6.4418329904E-01	6.4954073669E-01	7.3260220249E-01	7.2697804848E-01	5.2221164131E-01	7.2482825369E-01	7.2482825369E-01	7.2562141152E-01	4.9708446044E-02	4.9749383211E-02	4.9493710686E-02	4.9496057995E-02	5.0074863180E-02	4.9501763489E-02	4.9501763489E-02	4.9592825871E-02	6.6221265746E-01	6.6738524913E-01	7.3317578011E-01	7.3141366052E-01	7.3490281868E-01	4.8795201224E-03	7.2853747346E-03	0.0000000000E00	7.6008978905E-03	3.1470171624E-03	1.4953912073E-01	3.1878917354E-01	5.6953476326E37	9.9763756505E-01	2.5855457349E-02	1.3100117838E35	2.5971430228E-02	2.5015954163E-02	2.5815997537E-02	2.4836551857E-02	1.7953912073E-01	
Swaption Value Analytic Multi-Curve Integrated-Expectation	9.2109914164E-01	9.7642567462E-01	6.4432750138E-01	6.4960303083E-01	7.3261488928E-01	7.2699073528E-01	5.2223753755E-01	7.2484094049E-01	7.2484094049E-01	7.2562568020E-01	4.2154426964E-02	4.2195364131E-02	4.1939691607E-02	4.1942038916E-02	4.2520844101E-02	4.1947744409E-02	4.1947744409E-02	4.2038806792E-02	6.6221692614E-01	6.6738951781E-01	7.3318004879E-01	7.3141792920E-01	7.3490708736E-01	4.6952259520E-03	3.9556034935E-03	7.6008978905E-03	0.0000000000E00	4.6655464401E-03	1.4960409506E-01	3.1928058949E-01	5.6953476326E37	9.9764183373E-01	1.8301438270E-02	1.3100117838E35	1.8417411149E-02	1.8488275623E-02	1.8261978458E-02	1.9019648770E-02	1.7960409506E-01	
Swaption Value Monte-Carlo Multi-Curve	9.2011793434E-01	9.7544446733E-01	6.4359452049E-01	6.4895195814E-01	7.3222284208E-01	7.2659868807E-01	5.2236002051E-01	7.2444889328E-01	7.2444889328E-01	7.2561722916E-01	4.6819973404E-02	4.6860910571E-02	4.6605238047E-02	4.6607585356E-02	4.7186390541E-02	4.6613290849E-02	4.6613290849E-02	4.6704353232E-02	6.6220847511E-01	6.6738106678E-01	7.3317159775E-01	7.3140947817E-01	7.3489863633E-01	3.9726100121E-03	5.2027831347E-03	3.1470171624E-03	4.6655464401E-03	0.0000000000E00	1.4978285823E-01	3.1807117301E-01	5.6953476326E37	9.9763338270E-01	2.2966984710E-02	1.3100117838E35	2.3082957589E-02	2.2127481523E-02	2.2927524898E-02	2.1948079218E-02	1.7978285823E-01	
Swaption Exercise Date	9.3055106076E-01	9.8587759374E-01	6.5167724602E-01	6.5287801936E-01	7.3285345827E-01	7.2562432546E-01	5.3033399790E-01	7.2222466553E-01	7.2222466553E-01	7.1759404262E-01	1.5549453701E-01	1.5559178715E-01	1.5536823178E-01	1.5536950592E-01	1.5571636721E-01	1.5537243672E-01	1.5537243672E-01	1.5541663477E-01	6.5407534078E-01	6.5924793245E-01	7.2503846343E-01	7.2327634384E-01	7.2676550200E-01	1.4968093254E-01	1.4993154244E-01	1.4953912073E-01	1.4960409506E-01	1.4978285823E-01	0.0000000000E00	3.3000000000E-01	5.6953476326E37	9.8950024838E-01	1.3326909798E-01	1.3100117838E35	1.3313253814E-01	1.3248211275E-01	1.3294661912E-01	1.3229003377E-01	6.5000000000E-02	
Swaption Number Of Periods	8.7404628749E-01	9.2663724558E-01	5.9404806481E-01	5.9419479721E-01	7.0898354821E-01	7.0594399368E-01	5.0928221820E-01	7.0527025350E-01	7.0527025350E-01	7.0748409484E-01	3.3630856912E-01	3.3641148180E-01	3.3553507550E-01	3.3554809342E-01	3.3727613980E-01	3.3557482320E-01	3.3557482320E-01	3.3568274870E-01	6.4407534078E-01	6.4924793245E-01	7.1503846343E-01	7.1327634384E-01	7.1676550200E-01	3.2204378302E-01	3.2239267351E-01	3.1878917354E-01	3.1928058949E-01	3.1807117301E-01	3.3000000000E-01	0.0000000000E00	5.6953476326E37	9.7950024838E-01	3.2418646706E-01	1.3100117838E35	3.2416912538E-01	3.2138809737E-01	3.2399748882E-01	3.2116214923E-01	2.9500000000E-01	
Numeraire Single-Curve	5.6953476326E37	5.6953476326E37	5.6953476326E37	5.6953476326E37	5.6953476326E37	5.6953476326E37	5.6953476326E37	5.6953476326E37	5.6953476326E37	5.6953476326E37	5.6953476326E37	5.6953476326E37	5.6953476326E37	5.6953476326E37	5.6953476326E37	5.6953476326E37	5.6953476326E37	5.6953476326E37	5.6953476326E37	5.6953476326E37	5.6953476326E37	5.6953476326E37	5.6953476326E37	5.6953476326E37	5.6953476326E37	5.6953476326E37	5.6953476326E37	5.6953476326E37	5.6953476326E37	5.6953476326E37	0.0000000000E00	5.6953476326E37	5.6953476326E37	5.6822475148E37	5.6953476326E37	5.6953476326E37	5.6953476326E37	5.6953476326E37	5.6953476326E37	
Discount Single-Curve	1.6295623314E-01	1.2937182714E-01	4.1092739018E-01	4.1609129999E-01	4.0385389962E-01	4.0449564614E-01	7.1118776297E-01	4.0621908024E-01	4.0621908024E-01	4.1869017429E-01	9.9935151328E-01	9.9935147829E-01	9.9900834670E-01	9.9901035299E-01	9.9928706062E-01	9.9901079777E-01	9.9901079777E-01	9.9900933636E-01	8.3111903196E-01	8.3383237437E-01	8.1936570322E-01	8.2287472332E-01	8.1423788640E-01	9.9868325267E-01	9.9867712204E-01	9.9763756505E-01	9.9764183373E-01	9.9763338270E-01	9.8950024838E-01	9.7950024838E-01	5.6953476326E37	0.0000000000E00	9.9776717071E-01	1.3100117838E35	9.9776538219E-01	9.9464752644E-01	9.9776708249E-01	9.9465656559E-01	9.9450024838E-01	
OIS Spot Rate Single-Curve	9.3234397170E-01	9.8767050468E-01	6.5537063654E-01	6.5911958524E-01	7.3909502416E-01	7.3186589134E-01	5.2777474918E-01	7.2965653522E-01	7.2965653522E-01	7.2575101717E-01	2.4870608571E-02	2.4900429137E-02	2.4724574414E-02	2.4725835340E-02	2.5216303819E-02	2.4728456985E-02	2.4728456985E-02	2.4928831085E-02	6.6234226312E-01	6.6751485479E-01	7.3330538577E-01	7.3154326618E-01	7.3503242434E-01	2.2996664222E-02	2.0636803003E-02	2.5855457349E-02	1.8301438270E-02	2.2966984710E-02	1.3326909798E-01	3.2418646706E-01	5.6953476326E37	9.9776717071E-01	0.0000000000E00	1.3100117838E35	6.0386453581E-04	3.5504827043E-03	3.9776074801E-04	3.5556521219E-03	1.6826909798E-01	
Numeraire Multi-Curve	1.3100117838E35	1.3100117838E35	1.3100117838E35	1.3100117838E35	1.3100117838E35	1.3100117838E35	1.3100117838E35	1.3100117838E35	1.3100117838E35	1.3100117838E35	1.3100117838E35	1.3100117838E35	1.3100117838E35	1.3100117838E35	1.3100117838E35	1.3100117838E35	1.3100117838E35	1.3100117838E35	1.3100117838E35	1.3100117838E35	1.3100117838E35	1.3100117838E35	1.3100117838E35	1.3100117838E35	1.3100117838E35	1.3100117838E35	1.3100117838E35	1.3100117838E35	1.3100117838E35	1.3100117838E35	5.6822475148E37	1.3100117838E35	1.3100117838E35	0.0000000000E00	1.3100117838E35	1.3100117838E35	1.3100117838E35	1.3100117838E35	1.3100117838E35	
OIS Spot Rate Multi-Curve	9.3235758650E-01	9.8768411949E-01	6.5536733842E-01	6.5913178113E-01	7.3910722004E-01	7.3187808722E-01	5.2778183218E-01	7.2966684899E-01	7.2966684899E-01	7.2574922866E-01	2.4361758284E-02	2.4398227841E-02	2.4210443369E-02	2.4211704295E-02	2.4714401612E-02	2.4214325940E-02	2.4214325940E-02	2.4414700040E-02	6.6234047460E-01	6.6751306627E-01	7.3330359725E-01	7.3154147766E-01	7.3503063582E-01	2.3112637101E-02	2.0752775882E-02	2.5971430228E-02	1.8417411149E-02	2.3082957589E-02	1.3313253814E-01	3.2416912538E-01	5.6953476326E37	9.9776538219E-01	6.0386453581E-04	1.3100117838E35	0.0000000000E00	3.5626785876E-03	5.3748728453E-04	3.5678480052E-03	1.6813253814E-01	
LIBOR Spot Rate Multi-Curve	9.2930123664E-01	9.8462776963E-01	6.5222838193E-01	6.5556910254E-01	7.3554454145E-01	7.2865841547E-01	5.2493634745E-01	7.2650862068E-01	7.2650862068E-01	7.2263137290E-01	2.5349856047E-02	2.5426130825E-02	2.5085808050E-02	2.5088716644E-02	2.5797801209E-02	2.5095881457E-02	2.5095881457E-02	2.5326922194E-02	6.5922261884E-01	6.6439521051E-01	7.3018574149E-01	7.2842362190E-01	7.3191278006E-01	2.2157161035E-02	1.9797299817E-02	2.5015954163E-02	1.8488275623E-02	2.2127481523E-02	1.3248211275E-01	3.2138809737E-01	5.6953476326E37	9.9464752644E-01	3.5504827043E-03	1.3100117838E35	3.5626785876E-03	0.0000000000E00	3.5639077900E-03	5.5592608884E-04	1.6748211275E-01	
OIS Forward Rate Multi-Curve	9.3233198483E-01	9.8765851781E-01	6.5536990795E-01	6.5913301033E-01	7.3910844924E-01	7.3187931642E-01	5.2771855206E-01	7.2966481827E-01	7.2966481827E-01	7.2575092895E-01	2.4882607046E-02	2.4919076602E-02	2.4708286413E-02	2.4709547339E-02	2.5235250373E-02	2.4712168984E-02	2.4712168984E-02	2.4912543084E-02	6.6234217489E-01	6.6751476656E-01	7.3330529754E-01	7.3154317795E-01	7.3503233611E-01	2.2957204410E-02	2.0597343191E-02	2.5815997537E-02	1.8261978458E-02	2.2927524898E-02	1.3294661912E-01	3.2399748882E-01	5.6953476326E37	9.9776708249E-01	3.9776074801E-04	1.3100117838E35	5.3748728453E-04	3.5639077900E-03	0.0000000000E00	3.5690772076E-03	1.6794661912E-01	
LIBOR Forward Rate Multi-Curve	9.2925786341E-01	9.8458439640E-01	6.5223942601E-01	6.5556393312E-01	7.3553937204E-01	7.2864960616E-01	5.2483191318E-01	7.2649981137E-01	7.2649981137E-01	7.2264041206E-01	2.5905782135E-02	2.5982056913E-02	2.5641734139E-02	2.5644642732E-02	2.6353727298E-02	2.5651807546E-02	2.5651807546E-02	2.5882848283E-02	6.5923165800E-01	6.6440424967E-01	7.3019478065E-01	7.2843266106E-01	7.3192181922E-01	2.1977758729E-02	2.0250047873E-02	2.4836551857E-02	1.9019648770E-02	2.1948079218E-02	1.3229003377E-01	3.2116214923E-01	5.6953476326E37	9.9465656559E-01	3.5556521219E-03	1.3100117838E35	3.5678480052E-03	5.5592608884E-04	3.5690772076E-03	0.0000000000E00	1.6729003377E-01	
Time	9.1779483522E-01	9.7295923729E-01	6.4252058171E-01	6.4787801936E-01	7.2999861432E-01	7.2437446032E-01	5.0484854539E-01	7.2222466553E-01	7.2222466553E-01	7.2248409484E-01	1.9049453701E-01	1.9059178715E-01	1.9036823178E-01	1.9036950592E-01	1.9071636721E-01	1.9037243672E-01	1.9037243672E-01	1.9041663477E-01	6.5907534078E-01	6.6424793245E-01	7.3003846343E-01	7.2827634384E-01	7.3176550200E-01	1.7968093254E-01	1.7993154244E-01	1.7953912073E-01	1.7960409506E-01	1.7978285823E-01	6.5000000000E-02	2.9500000000E-01	5.6953476326E37	9.9450024838E-01	1.6826909798E-01	1.3100117838E35	1.6813253814E-01	1.6748211275E-01	1.6794661912E-01	1.6729003377E-01	0.0000000000E00	
