	Target (OIS)	Target (LIBOR)	Caplet Vola Analytic Single-Curve	Caplet Vola Monte-Carlo Single-Curve	Caplet Vola Analytic Multi-Curve Fenton-Wilkinson	Caplet Vola Analytic Multi-Curve Ju	Caplet Vola Analytic Multi-Curve Ho	Caplet Vola Analytic Multi-Curve Drift-Freeze	Caplet Vola Analytic Multi-Curve Integrated-Expectation	Caplet Vola Monte-Carlo Multi-Curve	Caplet Value Analytic Single-Curve	Caplet Value Monte-Carlo Single-Curve	Caplet Value Analytic Multi-Curve Fenton-Wilkinson	Caplet Value Analytic Multi-Curve Ju	Caplet Value Analytic Multi-Curve Ho	Caplet Value Analytic Multi-Curve Drift-Freeze	Caplet Value Analytic Multi-Curve Integrated-Expectation	Caplet Value Monte-Carlo Multi-Curve	Swaption Vola Analytic Single-Curve	Swaption Vola Monte-Carlo Single-Curve	Swaption Vola Analytic Multi-Curve Drift-Freeze	Swaption Vola Analytic Multi-Curve Integrated-Expectation	Swaption Vola Monte-Carlo Multi-Curve	Swaption Value Analytic Single-Curve	Swaption Value Monte-Carlo Single-Curve	Swaption Value Analytic Multi-Curve Drift-Freeze	Swaption Value Analytic Multi-Curve Integrated-Expectation	Swaption Value Monte-Carlo Multi-Curve	Swaption Exercise Date	Swaption Number Of Periods	Numeraire Single-Curve	Discount Single-Curve	OIS Spot Rate Single-Curve	Numeraire Multi-Curve	OIS Spot Rate Multi-Curve	LIBOR Spot Rate Multi-Curve	OIS Forward Rate Multi-Curve	LIBOR Forward Rate Multi-Curve	Time
Target (OIS)	0.0000000000E00	6.6665034943E-02	7.8631945231E-01	7.9021750499E-01	8.4913749869E-01	8.5050544403E-01	9.2379259637E-01	8.6793937346E-01	8.6793937346E-01	8.5966170961E-01	2.5715059829E00	2.5718081806E00	2.5699900415E00	2.5700278036E00	2.5739442839E00	2.5704923575E00	2.5704923575E00	2.5706257873E00	6.9685257464E-01	7.0443398966E-01	7.9421398625E-01	7.9516084276E-01	7.9557648098E-01	2.3220526381E00	2.3263668559E00	2.3166492016E00	2.3172783843E00	2.3196648858E00	2.2638070812E00	1.8755133269E00	7.7998440408E01	6.0854199774E-01	2.4506239578E00	7.7998439700E01	2.4505314076E00	2.4297812557E00	2.4500015669E00	2.4292627806E00	2.0809701324E00	
Target (LIBOR)	6.6665034943E-02	0.0000000000E00	8.3249626472E-01	8.3654174020E-01	8.9825764021E-01	8.9962565134E-01	9.7132477184E-01	9.1694576115E-01	9.1694576115E-01	9.0905096545E-01	2.5729144209E00	2.5732018066E00	2.5714730806E00	2.5715089876E00	2.5752332165E00	2.5719507469E00	2.5719507469E00	2.5720776779E00	7.4571751191E-01	7.5356071167E-01	8.4170772983E-01	8.4264441429E-01	8.4335728826E-01	2.3333446381E00	2.3374788627E00	2.3281749806E00	2.3287781813E00	2.3310671913E00	2.2787626826E00	1.8991577803E00	7.7998440408E01	5.5096720760E-01	2.4575254788E00	7.7998439700E01	2.4574389556E00	2.4378625345E00	2.4569370466E00	2.4373748657E00	2.1023510595E00	
Caplet Vola Analytic Single-Curve	7.8631945231E-01	8.3249626472E-01	0.0000000000E00	2.7143003500E-02	1.0862182058E-01	1.1057384945E-01	1.5459328853E-01	1.2431256113E-01	1.2431256113E-01	1.1191099508E-01	2.1699104586E00	2.1707753925E00	2.1681663067E00	2.1681159703E00	2.1775055026E00	2.1690609656E00	2.1690609656E00	2.1696855886E00	2.8848309813E-01	2.8450792886E-01	2.3937784518E-01	2.5144178930E-01	2.6013749619E-01	1.9503327947E00	1.9561296076E00	1.9465277554E00	1.9468369258E00	1.9514092989E00	1.6716212091E00	1.6075785196E00	7.7998440408E01	1.2055427614E00	1.9749777904E00	7.7998439700E01	1.9748228107E00	1.9646205679E00	1.9731159465E00	1.9629770057E00	1.3546562234E00	
Caplet Vola Monte-Carlo Single-Curve	7.9021750499E-01	8.3654174020E-01	2.7143003500E-02	0.0000000000E00	1.1083292519E-01	1.1279932542E-01	1.5714584626E-01	1.2664569424E-01	1.2664569424E-01	1.1417231588E-01	2.1733407460E00	2.1735573854E00	2.1718392926E00	2.1717826037E00	2.1810696233E00	2.1725820212E00	2.1725820212E00	2.1728928799E00	2.8885005320E-01	2.8485373660E-01	2.1583295711E-01	2.2796547418E-01	2.3654415382E-01	1.9279530436E00	1.9333757527E00	1.9244277312E00	1.9249012832E00	1.9291282062E00	1.6689169368E00	1.5850495505E00	7.7998440408E01	1.2100182090E00	1.9814403872E00	7.7998439700E01	1.9820847582E00	1.9708168331E00	1.9812278981E00	1.9700392172E00	1.3546645822E00	
Caplet Vola Analytic Multi-Curve Fenton-Wilkinson	8.4913749869E-01	8.9825764021E-01	1.0862182058E-01	1.1083292519E-01	0.0000000000E00	8.5686624310E-03	7.8602875773E-02	3.4071287115E-02	3.4071287115E-02	4.4854523627E-02	2.2364700639E00	2.2373544355E00	2.2351975676E00	2.2351956631E00	2.2431304045E00	2.2358176967E00	2.2358176967E00	2.2365300435E00	3.9754397876E-01	3.9005134087E-01	2.6927908599E-01	2.6918570842E-01	2.6943364710E-01	2.0000622117E00	2.0061500107E00	1.9960543698E00	1.9963894187E00	2.0011752000E00	1.6954288860E00	1.6398358379E00	7.7998440408E01	1.2140864114E00	2.0335916057E00	7.7998439700E01	2.0333325965E00	2.0231862410E00	2.0316207167E00	2.0214720346E00	1.3378878694E00	
Caplet Vola Analytic Multi-Curve Ju	8.5050544403E-01	8.9962565134E-01	1.1057384945E-01	1.1279932542E-01	8.5686624310E-03	0.0000000000E00	7.9082546115E-02	2.9991810070E-02	2.9991810070E-02	4.3936529324E-02	2.2433069845E00	2.2441939386E00	2.2420292568E00	2.2420274379E00	2.2499880398E00	2.2426518613E00	2.2426518613E00	2.2433661464E00	3.9864591424E-01	3.9115881681E-01	2.7029989171E-01	2.7020684806E-01	2.7046266993E-01	2.0078848820E00	2.0139991940E00	2.0038577113E00	2.0041958308E00	2.0090000070E00	1.6986374595E00	1.6458546773E00	7.7998440408E01	1.2171271401E00	2.0397852833E00	7.7998439700E01	2.0395255666E00	2.0293359657E00	2.0378090833E00	2.0276171929E00	1.3367453610E00	
Caplet Vola Analytic Multi-Curve Ho	9.2379259637E-01	9.7132477184E-01	1.5459328853E-01	1.5714584626E-01	7.8602875773E-02	7.9082546115E-02	0.0000000000E00	5.4034189965E-02	5.4034189965E-02	5.9042651017E-02	2.2755075215E00	2.2764525379E00	2.2741386349E00	2.2741371502E00	2.2826326676E00	2.2748052831E00	2.2748052831E00	2.2755656055E00	4.5262178952E-01	4.4553452267E-01	3.2228684877E-01	3.2221303768E-01	3.2287815139E-01	2.0199636904E00	2.0264851029E00	2.0157055688E00	2.0160769046E00	2.0206370382E00	1.6932040155E00	1.6402120145E00	7.7998440408E01	1.2720310763E00	2.0605990074E00	7.7998439700E01	2.0607911859E00	2.0504707232E00	2.0593511834E00	2.0490319041E00	1.3071756859E00	
Caplet Vola Analytic Multi-Curve Drift-Freeze	8.6793937346E-01	9.1694576115E-01	1.2431256113E-01	1.2664569424E-01	3.4071287115E-02	2.9991810070E-02	5.4034189965E-02	0.0000000000E00	0.0000000000E00	2.5489580020E-02	2.2641787662E00	2.2650846204E00	2.2628691172E00	2.2628675420E00	2.2710062135E00	2.2635070451E00	2.2635070451E00	2.2642361073E00	4.1385123737E-01	4.0646852026E-01	2.8485078190E-01	2.8476293071E-01	2.8513119462E-01	2.0172748258E00	2.0235548982E00	2.0131743934E00	2.0135315310E00	2.0179237899E00	1.7044387828E00	1.6493324410E00	7.7998440408E01	1.2263355866E00	2.0562747671E00	7.7998439700E01	2.0560099164E00	2.0455774431E00	2.0542597046E00	2.0438251411E00	1.3298772919E00	
Caplet Vola Analytic Multi-Curve Integrated-Expectation	8.6793937346E-01	9.1694576115E-01	1.2431256113E-01	1.2664569424E-01	3.4071287115E-02	2.9991810070E-02	5.4034189965E-02	0.0000000000E00	0.0000000000E00	2.5489580020E-02	2.2641787662E00	2.2650846204E00	2.2628691172E00	2.2628675420E00	2.2710062135E00	2.2635070451E00	2.2635070451E00	2.2642361073E00	4.1385123737E-01	4.0646852026E-01	2.8485078190E-01	2.8476293071E-01	2.8513119462E-01	2.0172748258E00	2.0235548982E00	2.0131743934E00	2.0135315310E00	2.0179237899E00	1.7044387828E00	1.6493324410E00	7.7998440408E01	1.2263355866E00	2.0562747671E00	7.7998439700E01	2.0560099164E00	2.0455774431E00	2.0542597046E00	2.0438251411E00	1.3298772919E00	
Caplet Vola Monte-Carlo Multi-Curve	8.5966170961E-01	9.0905096545E-01	1.1191099508E-01	1.1417231588E-01	4.4854523627E-02	4.3936529324E-02	5.9042651017E-02	2.5489580020E-02	2.5489580020E-02	0.0000000000E00	2.2339347932E00	2.2348423306E00	2.2326295612E00	2.2326275717E00	2.2407693300E00	2.2332656680E00	2.2332656680E00	2.2339967209E00	4.0319916516E-01	3.9567089122E-01	2.7338522434E-01	2.7329228931E-01	2.7357478988E-01	1.9910945490E00	1.9973571764E00	1.9870124076E00	1.9873631136E00	1.9917464471E00	1.6724728123E00	1.6257358189E00	7.7998440408E01	1.2270197194E00	2.0285195425E00	7.7998439700E01	2.0283588340E00	2.0185020747E00	2.0270988032E00	2.0171172601E00	1.2992189567E00	
Caplet Value Analytic Single-Curve	2.5715059829E00	2.5729144209E00	2.1699104586E00	2.1733407460E00	2.2364700639E00	2.2433069845E00	2.2755075215E00	2.2641787662E00	2.2641787662E00	2.2339347932E00	0.0000000000E00	2.7147050426E-02	6.3029909447E-02	5.8833318964E-02	2.2732366991E-01	3.7869895812E-02	3.7869895812E-02	3.9117080590E-02	2.2266119397E00	2.1882264095E00	2.3394906612E00	2.3488596371E00	2.2940372792E00	3.8982678330E00	3.8849541223E00	3.8820155517E00	3.8201142617E00	3.8705214711E00	4.5367975357E00	4.9091402588E00	7.7998440408E01	2.3495216839E00	1.7363387385E00	7.7998439700E01	1.7367196471E00	1.6925539113E00	1.7483439612E00	1.6999399296E00	3.6113842411E00	
Caplet Value Monte-Carlo Single-Curve	2.5718081806E00	2.5732018066E00	2.1707753925E00	2.1735573854E00	2.2373544355E00	2.2441939386E00	2.2764525379E00	2.2650846204E00	2.2650846204E00	2.2348423306E00	2.7147050426E-02	0.0000000000E00	8.0538891375E-02	7.7659818503E-02	2.3320119061E-01	4.6759770136E-02	4.6759770136E-02	3.9248944557E-02	2.2273643458E00	2.1889897347E00	2.3400817905E00	2.3494526891E00	2.2946308476E00	3.9077198289E00	3.8945738495E00	3.8913101816E00	3.8293618878E00	3.8799435424E00	4.5401482069E00	4.9112938430E00	7.7998440408E01	2.3496837759E00	1.7491457369E00	7.7998439700E01	1.7495191402E00	1.7034842365E00	1.7611155982E00	1.7108430809E00	3.6130379126E00	
Caplet Value Analytic Multi-Curve Fenton-Wilkinson	2.5699900415E00	2.5714730806E00	2.1681663067E00	2.1718392926E00	2.2351975676E00	2.2420292568E00	2.2741386349E00	2.2628691172E00	2.2628691172E00	2.2326295612E00	6.3029909447E-02	8.0538891375E-02	0.0000000000E00	6.6937415090E-03	2.5938213895E-01	3.4547457528E-02	3.4547457528E-02	4.7675738423E-02	2.2254221064E00	2.1870269972E00	2.3379356566E00	2.3472991212E00	2.2924781108E00	3.8773521960E00	3.8636811346E00	3.8614606874E00	3.7997171114E00	3.8496963083E00	4.5217633539E00	4.9002315566E00	7.7998440408E01	2.3487886523E00	1.7183746874E00	7.7998439700E01	1.7187647926E00	1.6697214852E00	1.7303900742E00	1.6771512586E00	3.6031508496E00	
Caplet Value Analytic Multi-Curve Ju	2.5700278036E00	2.5715089876E00	2.1681159703E00	2.1717826037E00	2.2351956631E00	2.2420274379E00	2.2741371502E00	2.2628675420E00	2.2628675420E00	2.2326275717E00	5.8833318964E-02	7.7659818503E-02	6.6937415090E-03	0.0000000000E00	2.6304662032E-01	3.1030430959E-02	3.1030430959E-02	4.6863428092E-02	2.2254201503E00	2.1870245009E00	2.3378973252E00	2.3472608848E00	2.2924385393E00	3.8771072919E00	3.8634299988E00	3.8612176761E00	3.7995609409E00	3.8494483663E00	4.5216021504E00	4.9007467081E00	7.7998440408E01	2.3488045479E00	1.7185742239E00	7.7998439700E01	1.7189642735E00	1.6693613296E00	1.7305909080E00	1.6767937741E00	3.6030006267E00	
Caplet Value Analytic Multi-Curve Ho	2.5739442839E00	2.5752332165E00	2.1775055026E00	2.1810696233E00	2.2431304045E00	2.2499880398E00	2.2826326676E00	2.2710062135E00	2.2710062135E00	2.2407693300E00	2.2732366991E-01	2.3320119061E-01	2.5938213895E-01	2.6304662032E-01	0.0000000000E00	2.3994612401E-01	2.3994612401E-01	2.3325809581E-01	2.2330558596E00	2.1947628131E00	2.3476196090E00	2.3570079067E00	2.3022350262E00	3.9819503533E00	3.9701374081E00	3.9642935385E00	3.9019786343E00	3.9539394773E00	4.6016898044E00	4.9282808969E00	7.7998440408E01	2.3507180843E00	1.8243580369E00	7.7998439700E01	1.8245725204E00	1.7880951337E00	1.8360037730E00	1.7952402807E00	3.6487956278E00	
Caplet Value Analytic Multi-Curve Drift-Freeze	2.5704923575E00	2.5719507469E00	2.1690609656E00	2.1725820212E00	2.2358176967E00	2.2426518613E00	2.2748052831E00	2.2635070451E00	2.2635070451E00	2.2332656680E00	3.7869895812E-02	4.6759770136E-02	3.4547457528E-02	3.1030430959E-02	2.3994612401E-01	0.0000000000E00	0.0000000000E00	2.5789888206E-02	2.2259961439E00	2.1876059847E00	2.3386978525E00	2.3480639013E00	2.2932429215E00	3.8877562168E00	3.8742642917E00	3.8716875266E00	3.8098732104E00	3.8600588368E00	4.5289989720E00	4.9040486650E00	7.7998440408E01	2.3490119895E00	1.7275457544E00	7.7998439700E01	1.7279310635E00	1.6817247815E00	1.7395523861E00	1.6891288807E00	3.6071447395E00	
Caplet Value Analytic Multi-Curve Integrated-Expectation	2.5704923575E00	2.5719507469E00	2.1690609656E00	2.1725820212E00	2.2358176967E00	2.2426518613E00	2.2748052831E00	2.2635070451E00	2.2635070451E00	2.2332656680E00	3.7869895812E-02	4.6759770136E-02	3.4547457528E-02	3.1030430959E-02	2.3994612401E-01	0.0000000000E00	0.0000000000E00	2.5789888206E-02	2.2259961439E00	2.1876059847E00	2.3386978525E00	2.3480639013E00	2.2932429215E00	3.8877562168E00	3.8742642917E00	3.8716875266E00	3.8098732104E00	3.8600588368E00	4.5289989720E00	4.9040486650E00	7.7998440408E01	2.3490119895E00	1.7275457544E00	7.7998439700E01	1.7279310635E00	1.6817247815E00	1.7395523861E00	1.6891288807E00	3.6071447395E00	
Caplet Value Monte-Carlo Multi-Curve	2.5706257873E00	2.5720776779E00	2.1696855886E00	2.1728928799E00	2.2365300435E00	2.2433661464E00	2.2755656055E00	2.2642361073E00	2.2642361073E00	2.2339967209E00	3.9117080590E-02	3.9248944557E-02	4.7675738423E-02	4.6863428092E-02	2.3325809581E-01	2.5789888206E-02	2.5789888206E-02	0.0000000000E00	2.2266336936E00	2.1882538061E00	2.3390953926E00	2.3484627233E00	2.2936421527E00	3.8944414409E00	3.8810684114E00	3.8782626588E00	3.8164183460E00	3.8667243905E00	4.5322239375E00	4.9050267390E00	7.7998440408E01	2.3491196424E00	1.7389522856E00	7.7998439700E01	1.7393307615E00	1.6899683053E00	1.7509218403E00	1.6973507078E00	3.6088936567E00	
Swaption Vola Analytic Single-Curve	6.9685257464E-01	7.4571751191E-01	2.8848309813E-01	2.8885005320E-01	3.9754397876E-01	3.9864591424E-01	4.5262178952E-01	4.1385123737E-01	4.1385123737E-01	4.0319916516E-01	2.2266119397E00	2.2273643458E00	2.2254221064E00	2.2254201503E00	2.2330558596E00	2.2259961439E00	2.2259961439E00	2.2266336936E00	0.0000000000E00	4.3691143322E-02	1.7260870795E-01	1.7265045848E-01	1.6103812259E-01	1.9985503206E00	2.0045416071E00	1.9946424935E00	1.9949796048E00	1.9991727332E00	1.7241787394E00	1.6459025289E00	7.7998440408E01	1.1431637451E00	2.0313248188E00	7.7998439700E01	2.0311409846E00	2.0215041669E00	2.0296140404E00	2.0199796691E00	1.5591685364E00	
Swaption Vola Monte-Carlo Single-Curve	7.0443398966E-01	7.5356071167E-01	2.8450792886E-01	2.8485373660E-01	3.9005134087E-01	3.9115881681E-01	4.4553452267E-01	4.0646852026E-01	4.0646852026E-01	3.9567089122E-01	2.1882264095E00	2.1889897347E00	2.1870269972E00	2.1870245009E00	2.1947628131E00	2.1876059847E00	2.1876059847E00	2.1882538061E00	4.3691143322E-02	0.0000000000E00	1.7101872820E-01	1.7106030108E-01	1.5930309900E-01	1.9590146634E00	1.9650425924E00	1.9550932903E00	1.9554243916E00	1.9596478776E00	1.7367196340E00	1.6071245136E00	7.7998440408E01	1.1517127816E00	1.9904946081E00	7.7998439700E01	1.9903086530E00	1.9806407908E00	1.9887606741E00	1.9790953388E00	1.5678501058E00	
Swaption Vola Analytic Multi-Curve Drift-Freeze	7.9421398625E-01	8.4170772983E-01	2.3937784518E-01	2.1583295711E-01	2.6927908599E-01	2.7029989171E-01	3.2228684877E-01	2.8485078190E-01	2.8485078190E-01	2.7338522434E-01	2.3394906612E00	2.3400817905E00	2.3379356566E00	2.3378973252E00	2.3476196090E00	2.3386978525E00	2.3386978525E00	2.3390953926E00	1.7260870795E-01	1.7101872820E-01	0.0000000000E00	1.8638390075E-02	4.1701813506E-02	2.0899848279E00	2.0962724653E00	2.0861706837E00	2.0867260225E00	2.0914272350E00	1.6090686441E00	1.7001667894E00	7.7998440408E01	1.2212920606E00	2.1284195508E00	7.7998439700E01	2.1280215756E00	2.1161462015E00	2.1272585529E00	2.1153624102E00	1.4231387763E00	
Swaption Vola Analytic Multi-Curve Integrated-Expectation	7.9516084276E-01	8.4264441429E-01	2.5144178930E-01	2.2796547418E-01	2.6918570842E-01	2.7020684806E-01	3.2221303768E-01	2.8476293071E-01	2.8476293071E-01	2.7329228931E-01	2.3488596371E00	2.3494526891E00	2.3472991212E00	2.3472608848E00	2.3570079067E00	2.3480639013E00	2.3480639013E00	2.3484627233E00	1.7265045848E-01	1.7106030108E-01	1.8638390075E-02	0.0000000000E00	4.6078852803E-02	2.0982983774E00	2.1046090441E00	2.0944672391E00	2.0950257792E00	2.0997422322E00	1.6101874069E00	1.7067959905E00	7.7998440408E01	1.2220710970E00	2.1371986393E00	7.7998439700E01	2.1367999580E00	2.1248769533E00	2.1360338523E00	2.1240901043E00	1.4240481954E00	
Swaption Vola Monte-Carlo Multi-Curve	7.9557648098E-01	8.4335728826E-01	2.6013749619E-01	2.3654415382E-01	2.6943364710E-01	2.7046266993E-01	3.2287815139E-01	2.8513119462E-01	2.8513119462E-01	2.7357478988E-01	2.2940372792E00	2.2946308476E00	2.2924781108E00	2.2924385393E00	2.3022350262E00	2.2932429215E00	2.2932429215E00	2.2936421527E00	1.6103812259E-01	1.5930309900E-01	4.1701813506E-02	4.6078852803E-02	0.0000000000E00	2.0451685015E00	2.0514478847E00	2.0413761685E00	2.0419243384E00	2.0466299169E00	1.6193183232E00	1.6585347283E00	7.7998440408E01	1.2243797396E00	2.0818125648E00	7.7998439700E01	2.0814105969E00	2.0695602000E00	2.0806492397E00	2.0687776622E00	1.4302065825E00	
Swaption Value Analytic Single-Curve	2.3220526381E00	2.3333446381E00	1.9503327947E00	1.9279530436E00	2.0000622117E00	2.0078848820E00	2.0199636904E00	2.0172748258E00	2.0172748258E00	1.9910945490E00	3.8982678330E00	3.9077198289E00	3.8773521960E00	3.8771072919E00	3.9819503533E00	3.8877562168E00	3.8877562168E00	3.8944414409E00	1.9985503206E00	1.9590146634E00	2.0899848279E00	2.0982983774E00	2.0451685015E00	0.0000000000E00	5.6780787312E-02	2.9907502766E-02	2.7156490097E-02	1.6187286766E-02	2.7443859420E00	3.3324269544E00	7.7998440408E01	2.2453209827E00	2.1659088680E00	7.7998439700E01	2.1637561486E00	2.0797565522E00	2.1533607645E00	2.0697083879E00	2.4597324898E00	
Swaption Value Monte-Carlo Single-Curve	2.3263668559E00	2.3374788627E00	1.9561296076E00	1.9333757527E00	2.0061500107E00	2.0139991940E00	2.0264851029E00	2.0235548982E00	2.0235548982E00	1.9973571764E00	3.8849541223E00	3.8945738495E00	3.8636811346E00	3.8634299988E00	3.9701374081E00	3.8742642917E00	3.8742642917E00	3.8810684114E00	2.0045416071E00	1.9650425924E00	2.0962724653E00	2.1046090441E00	2.0514478847E00	5.6780787312E-02	0.0000000000E00	8.6038957180E-02	6.5512232011E-02	4.0961552320E-02	2.7751355480E00	3.3618884311E00	7.7998440408E01	2.2476692494E00	2.1318402942E00	7.7998439700E01	2.1296664946E00	2.0454009234E00	2.1191835106E00	2.0352722886E00	2.4807219639E00	
Swaption Value Analytic Multi-Curve Drift-Freeze	2.3166492016E00	2.3281749806E00	1.9465277554E00	1.9244277312E00	1.9960543698E00	2.0038577113E00	2.0157055688E00	2.0131743934E00	2.0131743934E00	1.9870124076E00	3.8820155517E00	3.8913101816E00	3.8614606874E00	3.8612176761E00	3.9642935385E00	3.8716875266E00	3.8716875266E00	3.8782626588E00	1.9946424935E00	1.9550932903E00	2.0861706837E00	2.0944672391E00	2.0413761685E00	2.9907502766E-02	8.6038957180E-02	0.0000000000E00	4.0382945078E-02	4.4955774093E-02	2.7250072621E00	3.3092927654E00	7.7998440408E01	2.2428436693E00	2.1725017947E00	7.7998439700E01	2.1703702833E00	2.0870756713E00	2.1600744643E00	2.0771198644E00	2.4467004169E00	
Swaption Value Analytic Multi-Curve Integrated-Expectation	2.3172783843E00	2.3287781813E00	1.9468369258E00	1.9249012832E00	1.9963894187E00	2.0041958308E00	2.0160769046E00	2.0135315310E00	2.0135315310E00	1.9873631136E00	3.8201142617E00	3.8293618878E00	3.7997171114E00	3.7995609409E00	3.9019786343E00	3.8098732104E00	3.8098732104E00	3.8164183460E00	1.9949796048E00	1.9554243916E00	2.0867260225E00	2.0950257792E00	2.0419243384E00	2.7156490097E-02	6.5512232011E-02	4.0382945078E-02	0.0000000000E00	3.2906965935E-02	2.7280379275E00	3.3121579508E00	7.7998440408E01	2.2432036550E00	2.1236610783E00	7.7998439700E01	2.1215380483E00	2.0393152334E00	2.1113026965E00	2.0294168230E00	2.4486856115E00	
Swaption Value Monte-Carlo Multi-Curve	2.3196648858E00	2.3310671913E00	1.9514092989E00	1.9291282062E00	2.0011752000E00	2.0090000070E00	2.0206370382E00	2.0179237899E00	2.0179237899E00	1.9917464471E00	3.8705214711E00	3.8799435424E00	3.8496963083E00	3.8494483663E00	3.9539394773E00	3.8600588368E00	3.8600588368E00	3.8667243905E00	1.9991727332E00	1.9596478776E00	2.0914272350E00	2.0997422322E00	2.0466299169E00	1.6187286766E-02	4.0961552320E-02	4.4955774093E-02	3.2906965935E-02	0.0000000000E00	2.7502029045E00	3.3306814572E00	7.7998440408E01	2.2446965132E00	2.1452209740E00	7.7998439700E01	2.1430732053E00	2.0595820389E00	2.1327100553E00	2.0495643329E00	2.4640259612E00	
Swaption Exercise Date	2.2638070812E00	2.2787626826E00	1.6716212091E00	1.6689169368E00	1.6954288860E00	1.6986374595E00	1.6932040155E00	1.7044387828E00	1.7044387828E00	1.6724728123E00	4.5367975357E00	4.5401482069E00	4.5217633539E00	4.5216021504E00	4.6016898044E00	4.5289989720E00	4.5289989720E00	4.5322239375E00	1.7241787394E00	1.7367196340E00	1.6090686441E00	1.6101874069E00	1.6193183232E00	2.7443859420E00	2.7751355480E00	2.7250072621E00	2.7280379275E00	2.7502029045E00	0.0000000000E00	3.3669064748E00	7.7998440408E01	2.1765840590E00	3.0859297872E00	7.7998439700E01	3.0888975013E00	3.0116869197E00	3.0831910090E00	3.0065573831E00	7.9654359780E-01	
Swaption Number Of Periods	1.8755133269E00	1.8991577803E00	1.6075785196E00	1.5850495505E00	1.6398358379E00	1.6458546773E00	1.6402120145E00	1.6493324410E00	1.6493324410E00	1.6257358189E00	4.9091402588E00	4.9112938430E00	4.9002315566E00	4.9007467081E00	4.9282808969E00	4.9040486650E00	4.9040486650E00	4.9050267390E00	1.6459025289E00	1.6071245136E00	1.7001667894E00	1.7067959905E00	1.6585347283E00	3.3324269544E00	3.3618884311E00	3.3092927654E00	3.3121579508E00	3.3306814572E00	3.3669064748E00	0.0000000000E00	7.7998440408E01	2.0013521491E00	4.1611779208E00	7.7998439700E01	4.1605621192E00	4.0780052054E00	4.1576781958E00	4.0752380202E00	2.5341409692E00	
Numeraire Single-Curve	7.7998440408E01	7.7998440408E01	7.7998440408E01	7.7998440408E01	7.7998440408E01	7.7998440408E01	7.7998440408E01	7.7998440408E01	7.7998440408E01	7.7998440408E01	7.7998440408E01	7.7998440408E01	7.7998440408E01	7.7998440408E01	7.7998440408E01	7.7998440408E01	7.7998440408E01	7.7998440408E01	7.7998440408E01	7.7998440408E01	7.7998440408E01	7.7998440408E01	7.7998440408E01	7.7998440408E01	7.7998440408E01	7.7998440408E01	7.7998440408E01	7.7998440408E01	7.7998440408E01	7.7998440408E01	0.0000000000E00	7.7998440408E01	7.7998440408E01	7.4086834396E01	7.7998440408E01	7.7998440408E01	7.7998440408E01	7.7998440408E01	7.7998440408E01	
Discount Single-Curve	6.0854199774E-01	5.5096720760E-01	1.2055427614E00	1.2100182090E00	1.2140864114E00	1.2171271401E00	1.2720310763E00	1.2263355866E00	1.2263355866E00	1.2270197194E00	2.3495216839E00	2.3496837759E00	2.3487886523E00	2.3488045479E00	2.3507180843E00	2.3490119895E00	2.3490119895E00	2.3491196424E00	1.1431637451E00	1.1517127816E00	1.2212920606E00	1.2220710970E00	1.2243797396E00	2.2453209827E00	2.2476692494E00	2.2428436693E00	2.2432036550E00	2.2446965132E00	2.1765840590E00	2.0013521491E00	7.7998440408E01	0.0000000000E00	2.2965654013E00	7.7998439700E01	2.2965177100E00	2.2847249852E00	2.2962182895E00	2.2844298428E00	2.1024975894E00	
OIS Spot Rate Single-Curve	2.4506239578E00	2.4575254788E00	1.9749777904E00	1.9814403872E00	2.0335916057E00	2.0397852833E00	2.0605990074E00	2.0562747671E00	2.0562747671E00	2.0285195425E00	1.7363387385E00	1.7491457369E00	1.7183746874E00	1.7185742239E00	1.8243580369E00	1.7275457544E00	1.7275457544E00	1.7389522856E00	2.0313248188E00	1.9904946081E00	2.1284195508E00	2.1371986393E00	2.0818125648E00	2.1659088680E00	2.1318402942E00	2.1725017947E00	2.1236610783E00	2.1452209740E00	3.0859297872E00	4.1611779208E00	7.7998440408E01	2.2965654013E00	0.0000000000E00	7.7998439700E01	8.3111503008E-03	1.5000289942E-01	1.3570361167E-02	1.4957078946E-01	2.7316143701E00	
Numeraire Multi-Curve	7.7998439700E01	7.7998439700E01	7.7998439700E01	7.7998439700E01	7.7998439700E01	7.7998439700E01	7.7998439700E01	7.7998439700E01	7.7998439700E01	7.7998439700E01	7.7998439700E01	7.7998439700E01	7.7998439700E01	7.7998439700E01	7.7998439700E01	7.7998439700E01	7.7998439700E01	7.7998439700E01	7.7998439700E01	7.7998439700E01	7.7998439700E01	7.7998439700E01	7.7998439700E01	7.7998439700E01	7.7998439700E01	7.7998439700E01	7.7998439700E01	7.7998439700E01	7.7998439700E01	7.7998439700E01	7.4086834396E01	7.7998439700E01	7.7998439700E01	0.0000000000E00	7.7998439700E01	7.7998439700E01	7.7998439700E01	7.7998439700E01	7.7998439700E01	
OIS Spot Rate Multi-Curve	2.4505314076E00	2.4574389556E00	1.9748228107E00	1.9820847582E00	2.0333325965E00	2.0395255666E00	2.0607911859E00	2.0560099164E00	2.0560099164E00	2.0283588340E00	1.7367196471E00	1.7495191402E00	1.7187647926E00	1.7189642735E00	1.8245725204E00	1.7279310635E00	1.7279310635E00	1.7393307615E00	2.0311409846E00	1.9903086530E00	2.1280215756E00	2.1367999580E00	2.0814105969E00	2.1637561486E00	2.1296664946E00	2.1703702833E00	2.1215380483E00	2.1430732053E00	3.0888975013E00	4.1605621192E00	7.7998440408E01	2.2965177100E00	8.3111503008E-03	7.7998439700E01	0.0000000000E00	1.4995374026E-01	1.1967419269E-02	1.4952190901E-01	2.7337454024E00	
LIBOR Spot Rate Multi-Curve	2.4297812557E00	2.4378625345E00	1.9646205679E00	1.9708168331E00	2.0231862410E00	2.0293359657E00	2.0504707232E00	2.0455774431E00	2.0455774431E00	2.0185020747E00	1.6925539113E00	1.7034842365E00	1.6697214852E00	1.6693613296E00	1.7880951337E00	1.6817247815E00	1.6817247815E00	1.6899683053E00	2.0215041669E00	1.9806407908E00	2.1161462015E00	2.1248769533E00	2.0695602000E00	2.0797565522E00	2.0454009234E00	2.0870756713E00	2.0393152334E00	2.0595820389E00	3.0116869197E00	4.0780052054E00	7.7998440408E01	2.2847249852E00	1.5000289942E-01	7.7998439700E01	1.4995374026E-01	0.0000000000E00	1.4966907792E-01	1.1218180162E-02	2.6843394028E00	
OIS Forward Rate Multi-Curve	2.4500015669E00	2.4569370466E00	1.9731159465E00	1.9812278981E00	2.0316207167E00	2.0378090833E00	2.0593511834E00	2.0542597046E00	2.0542597046E00	2.0270988032E00	1.7483439612E00	1.7611155982E00	1.7303900742E00	1.7305909080E00	1.8360037730E00	1.7395523861E00	1.7395523861E00	1.7509218403E00	2.0296140404E00	1.9887606741E00	2.1272585529E00	2.1360338523E00	2.0806492397E00	2.1533607645E00	2.1191835106E00	2.1600744643E00	2.1113026965E00	2.1327100553E00	3.0831910090E00	4.1576781958E00	7.7998440408E01	2.2962182895E00	1.3570361167E-02	7.7998439700E01	1.1967419269E-02	1.4966907792E-01	0.0000000000E00	1.4923894544E-01	2.7300736410E00	
LIBOR Forward Rate Multi-Curve	2.4292627806E00	2.4373748657E00	1.9629770057E00	1.9700392172E00	2.0214720346E00	2.0276171929E00	2.0490319041E00	2.0438251411E00	2.0438251411E00	2.0171172601E00	1.6999399296E00	1.7108430809E00	1.6771512586E00	1.6767937741E00	1.7952402807E00	1.6891288807E00	1.6891288807E00	1.6973507078E00	2.0199796691E00	1.9790953388E00	2.1153624102E00	2.1240901043E00	2.0687776622E00	2.0697083879E00	2.0352722886E00	2.0771198644E00	2.0294168230E00	2.0495643329E00	3.0065573831E00	4.0752380202E00	7.7998440408E01	2.2844298428E00	1.4957078946E-01	7.7998439700E01	1.4952190901E-01	1.1218180162E-02	1.4923894544E-01	0.0000000000E00	2.6810186321E00	
Time	2.0809701324E00	2.1023510595E00	1.3546562234E00	1.3546645822E00	1.3378878694E00	1.3367453610E00	1.3071756859E00	1.3298772919E00	1.3298772919E00	1.2992189567E00	3.6113842411E00	3.6130379126E00	3.6031508496E00	3.6030006267E00	3.6487956278E00	3.6071447395E00	3.6071447395E00	3.6088936567E00	1.5591685364E00	1.5678501058E00	1.4231387763E00	1.4240481954E00	1.4302065825E00	2.4597324898E00	2.4807219639E00	2.4467004169E00	2.4486856115E00	2.4640259612E00	7.9654359780E-01	2.5341409692E00	7.7998440408E01	2.1024975894E00	2.7316143701E00	7.7998439700E01	2.7337454024E00	2.6843394028E00	2.7300736410E00	2.6810186321E00	0.0000000000E00	
