	Target (OIS)	Target (LIBOR)	Caplet Vola Analytic Single-Curve	Caplet Vola Monte-Carlo Single-Curve	Caplet Vola Analytic Multi-Curve Fenton-Wilkinson	Caplet Vola Analytic Multi-Curve Ju	Caplet Vola Analytic Multi-Curve Ho	Caplet Vola Analytic Multi-Curve Drift-Freeze	Caplet Vola Analytic Multi-Curve Integrated-Expectation	Caplet Vola Monte-Carlo Multi-Curve	Caplet Value Analytic Single-Curve	Caplet Value Monte-Carlo Single-Curve	Caplet Value Analytic Multi-Curve Fenton-Wilkinson	Caplet Value Analytic Multi-Curve Ju	Caplet Value Analytic Multi-Curve Ho	Caplet Value Analytic Multi-Curve Drift-Freeze	Caplet Value Analytic Multi-Curve Integrated-Expectation	Caplet Value Monte-Carlo Multi-Curve	Swaption Vola Analytic Single-Curve	Swaption Vola Monte-Carlo Single-Curve	Swaption Vola Analytic Multi-Curve Drift-Freeze	Swaption Vola Analytic Multi-Curve Integrated-Expectation	Swaption Vola Monte-Carlo Multi-Curve	Swaption Value Analytic Single-Curve	Swaption Value Monte-Carlo Single-Curve	Swaption Value Analytic Multi-Curve Drift-Freeze	Swaption Value Analytic Multi-Curve Integrated-Expectation	Swaption Value Monte-Carlo Multi-Curve	Swaption Exercise Date	Swaption Number Of Periods	Numeraire Single-Curve	Discount Single-Curve	OIS Spot Rate Single-Curve	Numeraire Multi-Curve	OIS Spot Rate Multi-Curve	LIBOR Spot Rate Multi-Curve	OIS Forward Rate Multi-Curve	LIBOR Forward Rate Multi-Curve	Time
Target (OIS)	0.0000000000E00	5.5326532986E-02	1.0006924251E-01	1.5349562058E-01	1.8159773810E-01	1.8368252579E-01	4.8003821074E-01	1.9751787960E-01	1.9751787960E-01	1.9572611831E-01	9.3853760447E-01	9.3856567442E-01	9.3797247127E-01	9.3798945267E-01	9.3945356906E-01	9.3803887152E-01	9.3803887152E-01	9.3803444566E-01	4.9704914052E-01	5.0964136677E-01	5.1446647705E-01	5.1721710800E-01	5.2050937161E-01	9.1375371635E-01	9.1424448168E-01	9.1155085184E-01	9.1160479455E-01	9.1139135493E-01	9.3055106076E-01	8.7404628749E-01	3.9173179978E129	1.6295623314E-01	9.3238060790E-01	2.9031479205E128	9.3238781912E-01	9.2930899911E-01	9.3233198483E-01	9.2925786341E-01	9.1779483522E-01	
Target (LIBOR)	5.5326532986E-02	0.0000000000E00	1.5486436073E-01	2.0695549677E-01	2.3623046692E-01	2.3831525462E-01	5.3467093956E-01	2.5215060842E-01	2.5215060842E-01	2.4831707640E-01	9.9386413745E-01	9.9389220740E-01	9.9329900425E-01	9.9331598566E-01	9.9478010205E-01	9.9336540450E-01	9.9336540450E-01	9.9336097865E-01	5.5050901670E-01	5.6310124295E-01	5.6792635323E-01	5.7067698418E-01	5.7396924779E-01	9.6891811842E-01	9.6940888375E-01	9.6666432548E-01	9.6676919662E-01	9.6655575700E-01	9.8587759374E-01	9.2663724558E-01	3.9173179978E129	1.2937182714E-01	9.8770714089E-01	2.9031479205E128	9.8771435210E-01	9.8463553210E-01	9.8765851781E-01	9.8458439640E-01	9.7295923729E-01	
Caplet Vola Analytic Single-Curve	1.0006924251E-01	1.5486436073E-01	0.0000000000E00	6.5517918118E-02	1.0022619936E-01	1.0139058124E-01	3.9556191141E-01	1.1304158027E-01	1.1304158027E-01	1.0640573915E-01	8.4540994344E-01	8.4542102059E-01	8.4488889476E-01	8.4489958609E-01	8.4604669517E-01	8.4493466958E-01	8.4493466958E-01	8.4489754945E-01	3.9983258918E-01	4.1242481542E-01	4.1724992570E-01	4.2000055665E-01	4.2329282027E-01	8.2909812807E-01	8.2926882894E-01	8.2719483671E-01	8.2721190084E-01	8.2692397790E-01	8.3682041416E-01	7.9842883889E-01	3.9173179978E129	1.8107140949E-01	8.4052934049E-01	2.9031479205E128	8.4053330447E-01	8.3736030231E-01	8.4053508170E-01	8.3738259414E-01	8.2928009073E-01	
Caplet Vola Monte-Carlo Single-Curve	1.5349562058E-01	2.0695549677E-01	6.5517918118E-02	0.0000000000E00	1.0865891768E-01	1.0982329955E-01	4.0319662364E-01	1.2067629250E-01	1.2067629250E-01	1.1483845746E-01	8.5117876938E-01	8.5117269308E-01	8.5063071519E-01	8.5063405603E-01	8.5156355018E-01	8.5065627605E-01	8.5065627605E-01	8.5063586347E-01	3.5433386540E-01	3.6701224843E-01	3.7547064964E-01	3.7815312343E-01	3.8150820119E-01	8.3721626046E-01	8.3721919079E-01	8.3562755502E-01	8.3564461916E-01	8.3535669621E-01	8.4191480297E-01	7.9841054766E-01	3.9173179978E129	2.3389284873E-01	8.4815346179E-01	2.9031479205E128	8.4816801671E-01	8.4460105450E-01	8.4816979394E-01	8.4460071673E-01	8.3691480297E-01	
Caplet Vola Analytic Multi-Curve Fenton-Wilkinson	1.8159773810E-01	2.3623046692E-01	1.0022619936E-01	1.0865891768E-01	0.0000000000E00	5.8879576905E-03	2.9844047264E-01	2.3909068805E-02	2.3909068805E-02	7.9721753534E-02	7.8474364072E-01	7.8484506343E-01	7.8412729939E-01	7.8414977070E-01	7.8629075750E-01	7.8422791400E-01	7.8422791400E-01	7.8429033554E-01	3.6910737198E-01	3.8169959823E-01	3.8652470851E-01	3.8927533946E-01	3.9256760308E-01	7.6733915486E-01	7.6761961031E-01	7.6633527412E-01	7.6637568775E-01	7.6657106894E-01	7.7808271759E-01	7.5452551607E-01	3.9173179978E129	2.7642677615E-01	7.7659964109E-01	2.9031479205E128	7.7653462090E-01	7.7360297567E-01	7.7650116432E-01	7.7358509368E-01	7.5663311370E-01	
Caplet Vola Analytic Multi-Curve Ju	1.8368252579E-01	2.3831525462E-01	1.0139058124E-01	1.0982329955E-01	5.8879576905E-03	0.0000000000E00	2.9635568495E-01	1.9018981119E-02	1.9018981119E-02	7.7204609515E-02	7.7936991286E-01	7.7947133557E-01	7.7875357152E-01	7.7877604284E-01	7.8091702964E-01	7.7885418613E-01	7.7885418613E-01	7.7891660767E-01	3.6519256422E-01	3.7778479047E-01	3.8260990075E-01	3.8536053170E-01	3.8865279531E-01	7.6414232247E-01	7.6442277792E-01	7.6313844173E-01	7.6317885536E-01	7.6337423655E-01	7.7270898973E-01	7.5132868369E-01	3.9173179978E129	2.7739833321E-01	7.7076795730E-01	2.9031479205E128	7.7075580719E-01	7.6787286494E-01	7.7061320663E-01	7.6769713599E-01	7.5074515601E-01	
Caplet Vola Analytic Multi-Curve Ho	4.8003821074E-01	5.3467093956E-01	3.9556191141E-01	4.0319662364E-01	2.9844047264E-01	2.9635568495E-01	0.0000000000E00	2.8252033114E-01	2.8252033114E-01	2.9522829001E-01	6.2737906094E-01	6.2769378481E-01	6.2672197473E-01	6.2673846420E-01	6.3025396004E-01	6.2685656874E-01	6.2685656874E-01	6.2726528693E-01	3.4377041211E-01	3.4339490392E-01	2.3759793615E-01	2.4034856710E-01	2.4973287044E-01	6.2536202997E-01	6.2564248542E-01	6.2435814923E-01	6.2439856286E-01	6.2459394405E-01	6.2194935420E-01	6.1254839118E-01	3.9173179978E129	5.4864012666E-01	6.1646074705E-01	2.9031479205E128	6.1643841167E-01	6.1362096938E-01	6.1594684301E-01	6.1311150343E-01	5.8974828042E-01	
Caplet Vola Analytic Multi-Curve Drift-Freeze	1.9751787960E-01	2.5215060842E-01	1.1304158027E-01	1.2067629250E-01	2.3909068805E-02	1.9018981119E-02	2.8252033114E-01	0.0000000000E00	0.0000000000E00	5.9366701208E-02	7.6083457192E-01	7.6093599463E-01	7.6021823058E-01	7.6024070189E-01	7.6238168870E-01	7.6031884519E-01	7.6031884519E-01	7.6038126673E-01	3.4617358311E-01	3.5876580935E-01	3.6359091963E-01	3.6634155058E-01	3.6963381420E-01	7.4546145334E-01	7.4574190879E-01	7.4445757260E-01	7.4449798623E-01	7.4469336742E-01	7.5417364878E-01	7.3264781456E-01	3.9173179978E129	2.8123151038E-01	7.5294077839E-01	2.9031479205E128	7.5287575820E-01	7.4994411297E-01	7.5284230162E-01	7.4992623098E-01	7.3297425100E-01	
Caplet Vola Analytic Multi-Curve Integrated-Expectation	1.9751787960E-01	2.5215060842E-01	1.1304158027E-01	1.2067629250E-01	2.3909068805E-02	1.9018981119E-02	2.8252033114E-01	0.0000000000E00	0.0000000000E00	5.9366701208E-02	7.6083457192E-01	7.6093599463E-01	7.6021823058E-01	7.6024070189E-01	7.6238168870E-01	7.6031884519E-01	7.6031884519E-01	7.6038126673E-01	3.4617358311E-01	3.5876580935E-01	3.6359091963E-01	3.6634155058E-01	3.6963381420E-01	7.4546145334E-01	7.4574190879E-01	7.4445757260E-01	7.4449798623E-01	7.4469336742E-01	7.5417364878E-01	7.3264781456E-01	3.9173179978E129	2.8123151038E-01	7.5294077839E-01	2.9031479205E128	7.5287575820E-01	7.4994411297E-01	7.5284230162E-01	7.4992623098E-01	7.3297425100E-01	
Caplet Vola Monte-Carlo Multi-Curve	1.9572611831E-01	2.4831707640E-01	1.0640573915E-01	1.1483845746E-01	7.9721753534E-02	7.7204609515E-02	2.9522829001E-01	5.9366701208E-02	5.9366701208E-02	0.0000000000E00	7.6521241389E-01	7.6526621633E-01	7.6463080749E-01	7.6465153855E-01	7.6642189203E-01	7.6471454154E-01	7.6471454154E-01	7.6469713470E-01	3.0601481182E-01	3.1860703807E-01	3.2343214835E-01	3.2618277929E-01	3.2947504291E-01	7.3925059392E-01	7.3974135925E-01	7.3699680098E-01	7.3710167212E-01	7.3688823250E-01	7.5786588443E-01	7.0515816326E-01	3.9173179978E129	2.7434208511E-01	7.5783241183E-01	2.9031479205E128	7.5776739163E-01	7.5483574640E-01	7.5773393505E-01	7.5481786441E-01	7.4329171279E-01	
Caplet Value Analytic Single-Curve	9.3853760447E-01	9.9386413745E-01	8.4540994344E-01	8.5117876938E-01	7.8474364072E-01	7.7936991286E-01	6.2737906094E-01	7.6083457192E-01	7.6083457192E-01	7.6521241389E-01	0.0000000000E00	4.4921270844E-04	6.7431000695E-04	6.5502754336E-04	4.4954713102E-03	5.4232270537E-04	5.4232270537E-04	5.4290591653E-04	8.4840911265E-01	8.5537455964E-01	7.5951873461E-01	7.5503627073E-01	7.3772491538E-01	1.1130543193E-01	1.0797920166E-01	1.1455663248E-01	1.0566492778E-01	1.0889398750E-01	1.5296742935E-01	3.3529543052E-01	3.9173179978E129	9.9930320305E-01	2.2349957375E-02	2.9031479205E128	2.1452036582E-02	2.2259109151E-02	2.1981248901E-02	2.3016730490E-02	1.8796742935E-01	
Caplet Value Monte-Carlo Single-Curve	9.3856567442E-01	9.9389220740E-01	8.4542102059E-01	8.5117269308E-01	7.8484506343E-01	7.7947133557E-01	6.2769378481E-01	7.6093599463E-01	7.6093599463E-01	7.6526621633E-01	4.4921270844E-04	0.0000000000E00	1.0857682290E-03	1.0740369150E-03	4.4829685318E-03	9.4987048374E-04	9.4987048374E-04	5.7520193990E-04	8.4840911694E-01	8.5537456392E-01	7.5982208069E-01	7.5533961682E-01	7.3772491966E-01	1.1147756251E-01	1.0815133224E-01	1.1454226031E-01	1.0565055561E-01	1.0906611808E-01	1.5301483984E-01	3.3555521182E-01	3.9173179978E129	9.9930320733E-01	2.2255738001E-02	2.9031479205E128	2.1555113535E-02	2.2378408807E-02	2.1945250606E-02	2.3055016875E-02	1.8801483984E-01	
Caplet Value Analytic Multi-Curve Fenton-Wilkinson	9.3797247127E-01	9.9329900425E-01	8.4488889476E-01	8.5063071519E-01	7.8412729939E-01	7.7875357152E-01	6.2672197473E-01	7.6021823058E-01	7.6021823058E-01	7.6463080749E-01	6.7431000695E-04	1.0857682290E-03	0.0000000000E00	2.2555144466E-05	5.0347428947E-03	1.4351999333E-04	1.4351999333E-04	6.1404338100E-04	8.4811815781E-01	8.5508360480E-01	7.5884442460E-01	7.5436196073E-01	7.3743396054E-01	1.1105428850E-01	1.0772805823E-01	1.1439162109E-01	1.0549991639E-01	1.0864284407E-01	1.5280969941E-01	3.3462694620E-01	3.9173179978E129	9.9901224821E-01	2.2123909329E-02	2.9031479205E128	2.1355088933E-02	2.1960398954E-02	2.1794611384E-02	2.2718020294E-02	1.8780969941E-01	
Caplet Value Analytic Multi-Curve Ju	9.3798945267E-01	9.9331598566E-01	8.4489958609E-01	8.5063405603E-01	7.8414977070E-01	7.7877604284E-01	6.2673846420E-01	7.6024070189E-01	7.6024070189E-01	7.6465153855E-01	6.5502754336E-04	1.0740369150E-03	2.2555144466E-05	0.0000000000E00	5.0320837383E-03	1.3589043421E-04	1.3589043421E-04	6.0381803732E-04	8.4811879938E-01	8.5508424637E-01	7.5886370706E-01	7.5438124319E-01	7.3743460211E-01	1.1105232941E-01	1.0772609914E-01	1.1439103481E-01	1.0549933011E-01	1.0864088498E-01	1.5280788474E-01	3.3464830459E-01	3.9173179978E129	9.9901288978E-01	2.2122929063E-02	2.9031479205E128	2.1354079946E-02	2.1958936028E-02	2.1794025104E-02	2.2716557368E-02	1.8780788474E-01	
Caplet Value Analytic Multi-Curve Ho	9.3945356906E-01	9.9478010205E-01	8.4604669517E-01	8.5156355018E-01	7.8629075750E-01	7.8091702964E-01	6.3025396004E-01	7.6238168870E-01	7.6238168870E-01	7.6642189203E-01	4.4954713102E-03	4.4829685318E-03	5.0347428947E-03	5.0320837383E-03	0.0000000000E00	4.9083695420E-03	4.9083695420E-03	4.6677574080E-03	8.4832982428E-01	8.5529527127E-01	7.6210165361E-01	7.5761918974E-01	7.3764562701E-01	1.1533487335E-01	1.1200864307E-01	1.1790408668E-01	1.0891998834E-01	1.1292342891E-01	1.5649939910E-01	3.3754640513E-01	3.9173179978E129	9.9922391468E-01	2.6126667896E-02	2.9031479205E128	2.5344103248E-02	2.6488302860E-02	2.6110790840E-02	2.7245924200E-02	1.9149939910E-01	
Caplet Value Analytic Multi-Curve Drift-Freeze	9.3803887152E-01	9.9336540450E-01	8.4493466958E-01	8.5065627605E-01	7.8422791400E-01	7.7885418613E-01	6.2685656874E-01	7.6031884519E-01	7.6031884519E-01	7.6471454154E-01	5.4232270537E-04	9.4987048374E-04	1.4351999333E-04	1.3589043421E-04	4.9083695420E-03	0.0000000000E00	0.0000000000E00	4.7310723671E-04	8.4812133117E-01	8.5508677816E-01	7.5897757332E-01	7.5449510945E-01	7.3743713390E-01	1.1110916455E-01	1.0778293428E-01	1.1442902052E-01	1.0553731582E-01	1.0869772012E-01	1.5284269130E-01	3.3475310782E-01	3.9173179978E129	9.9901542157E-01	2.2174651751E-02	2.9031479205E128	2.1376079480E-02	2.2026730063E-02	2.1832010816E-02	2.2784351402E-02	1.8784269130E-01	
Caplet Value Analytic Multi-Curve Integrated-Expectation	9.3803887152E-01	9.9336540450E-01	8.4493466958E-01	8.5065627605E-01	7.8422791400E-01	7.7885418613E-01	6.2685656874E-01	7.6031884519E-01	7.6031884519E-01	7.6471454154E-01	5.4232270537E-04	9.4987048374E-04	1.4351999333E-04	1.3589043421E-04	4.9083695420E-03	0.0000000000E00	0.0000000000E00	4.7310723671E-04	8.4812133117E-01	8.5508677816E-01	7.5897757332E-01	7.5449510945E-01	7.3743713390E-01	1.1110916455E-01	1.0778293428E-01	1.1442902052E-01	1.0553731582E-01	1.0869772012E-01	1.5284269130E-01	3.3475310782E-01	3.9173179978E129	9.9901542157E-01	2.2174651751E-02	2.9031479205E128	2.1376079480E-02	2.2026730063E-02	2.1832010816E-02	2.2784351402E-02	1.8784269130E-01	
Caplet Value Monte-Carlo Multi-Curve	9.3803444566E-01	9.9336097865E-01	8.4489754945E-01	8.5063586347E-01	7.8429033554E-01	7.7891660767E-01	6.2726528693E-01	7.6038126673E-01	7.6038126673E-01	7.6469713470E-01	5.4290591653E-04	5.7520193990E-04	6.1404338100E-04	6.0381803732E-04	4.6677574080E-03	4.7310723671E-04	4.7310723671E-04	0.0000000000E00	8.4811678138E-01	8.5508222836E-01	7.5932013345E-01	7.5483766957E-01	7.3743258410E-01	1.1142788979E-01	1.0810165951E-01	1.1481484174E-01	1.0592313704E-01	1.0904133454E-01	1.5304572374E-01	3.3498000988E-01	3.9173179978E129	9.9901087177E-01	2.2554205094E-02	2.9031479205E128	2.1337063563E-02	2.2363738564E-02	2.2217832034E-02	2.3121359904E-02	1.8804572374E-01	
Swaption Vola Analytic Single-Curve	4.9704914052E-01	5.5050901670E-01	3.9983258918E-01	3.5433386540E-01	3.6910737198E-01	3.6519256422E-01	3.4377041211E-01	3.4617358311E-01	3.4617358311E-01	3.0601481182E-01	8.4840911265E-01	8.4840911694E-01	8.4811815781E-01	8.4811879938E-01	8.4832982428E-01	8.4812133117E-01	8.4812133117E-01	8.4811678138E-01	0.0000000000E00	6.9527901621E-02	1.2084010602E-01	1.2218006323E-01	1.1068419727E-01	8.4757398018E-01	8.4756601019E-01	8.4676110073E-01	8.4676435092E-01	8.4673649246E-01	8.3860615798E-01	8.2860615798E-01	3.9173179978E129	5.5877733318E-01	8.4687320187E-01	2.9031479205E128	8.4687028809E-01	8.4375075520E-01	8.4687299209E-01	8.4376247520E-01	8.4360615798E-01	
Swaption Vola Monte-Carlo Single-Curve	5.0964136677E-01	5.6310124295E-01	4.1242481542E-01	3.6701224843E-01	3.8169959823E-01	3.7778479047E-01	3.4339490392E-01	3.5876580935E-01	3.5876580935E-01	3.1860703807E-01	8.5537455964E-01	8.5537456392E-01	8.5508360480E-01	8.5508424637E-01	8.5529527127E-01	8.5508677816E-01	8.5508677816E-01	8.5508222836E-01	6.9527901621E-02	0.0000000000E00	1.2780555300E-01	1.2914551021E-01	1.1764964426E-01	8.5453942716E-01	8.5453145718E-01	8.5372654771E-01	8.5372979791E-01	8.5370193944E-01	8.4557160496E-01	8.3557160496E-01	3.9173179978E129	5.7136955942E-01	8.5383864885E-01	2.9031479205E128	8.5383573507E-01	8.5071620218E-01	8.5383843907E-01	8.5072792218E-01	8.5057160496E-01	
Swaption Vola Analytic Multi-Curve Drift-Freeze	5.1446647705E-01	5.6792635323E-01	4.1724992570E-01	3.7547064964E-01	3.8652470851E-01	3.8260990075E-01	2.3759793615E-01	3.6359091963E-01	3.6359091963E-01	3.2343214835E-01	7.5951873461E-01	7.5982208069E-01	7.5884442460E-01	7.5886370706E-01	7.6210165361E-01	7.5897757332E-01	7.5897757332E-01	7.5932013345E-01	1.2084010602E-01	1.2780555300E-01	0.0000000000E00	4.1132640114E-02	6.2169267902E-02	7.5768376027E-01	7.5796421572E-01	7.5667987953E-01	7.5672029316E-01	7.5691567435E-01	7.2987012149E-01	7.4487012149E-01	3.9173179978E129	5.7619466970E-01	7.4765881025E-01	2.9031479205E128	7.4775098902E-01	7.4503672982E-01	7.4704769703E-01	7.4428589154E-01	7.2276605196E-01	
Swaption Vola Analytic Multi-Curve Integrated-Expectation	5.1721710800E-01	5.7067698418E-01	4.2000055665E-01	3.7815312343E-01	3.8927533946E-01	3.8536053170E-01	2.4034856710E-01	3.6634155058E-01	3.6634155058E-01	3.2618277929E-01	7.5503627073E-01	7.5533961682E-01	7.5436196073E-01	7.5438124319E-01	7.5761918974E-01	7.5449510945E-01	7.5449510945E-01	7.5483766957E-01	1.2218006323E-01	1.2914551021E-01	4.1132640114E-02	0.0000000000E00	5.5729404910E-02	7.5320129640E-01	7.5348175185E-01	7.5219741565E-01	7.5223782929E-01	7.5243321048E-01	7.2538765761E-01	7.4038765761E-01	3.9173179978E129	5.7894530065E-01	7.4317634637E-01	2.9031479205E128	7.4326852514E-01	7.4055426594E-01	7.4256523316E-01	7.3980342766E-01	7.2142609475E-01	
Swaption Vola Monte-Carlo Multi-Curve	5.2050937161E-01	5.7396924779E-01	4.2329282027E-01	3.8150820119E-01	3.9256760308E-01	3.8865279531E-01	2.4973287044E-01	3.6963381420E-01	3.6963381420E-01	3.2947504291E-01	7.3772491538E-01	7.3772491966E-01	7.3743396054E-01	7.3743460211E-01	7.3764562701E-01	7.3743713390E-01	7.3743713390E-01	7.3743258410E-01	1.1068419727E-01	1.1764964426E-01	6.2169267902E-02	5.5729404910E-02	0.0000000000E00	7.3688978291E-01	7.3688181292E-01	7.3607690346E-01	7.3608015365E-01	7.3605229518E-01	7.2792196071E-01	7.1890220874E-01	3.9173179978E129	5.8223756427E-01	7.3618900459E-01	2.9031479205E128	7.3618609081E-01	7.3306655793E-01	7.3618879481E-01	7.3307827792E-01	7.3292196071E-01	
Swaption Value Analytic Single-Curve	9.1375371635E-01	9.6891811842E-01	8.2909812807E-01	8.3721626046E-01	7.6733915486E-01	7.6414232247E-01	6.2536202997E-01	7.4546145334E-01	7.4546145334E-01	7.3925059392E-01	1.1130543193E-01	1.1147756251E-01	1.1105428850E-01	1.1105232941E-01	1.1533487335E-01	1.1110916455E-01	1.1110916455E-01	1.1142788979E-01	8.4757398018E-01	8.5453942716E-01	7.5768376027E-01	7.5320129640E-01	7.3688978291E-01	0.0000000000E00	5.5347296317E-03	3.7520853846E-03	7.3652235886E-03	2.4114444346E-03	1.4416242606E-01	2.8729967116E-01	3.9173179978E129	9.9846807058E-01	9.0542835606E-02	2.9031479205E128	9.0979413360E-02	8.9955965000E-02	9.0185182125E-02	8.9205736445E-02	1.7416242606E-01	
Swaption Value Monte-Carlo Single-Curve	9.1424448168E-01	9.6940888375E-01	8.2926882894E-01	8.3721919079E-01	7.6761961031E-01	7.6442277792E-01	6.2564248542E-01	7.4574190879E-01	7.4574190879E-01	7.3974135925E-01	1.0797920166E-01	1.0815133224E-01	1.0772805823E-01	1.0772609914E-01	1.1200864307E-01	1.0778293428E-01	1.0778293428E-01	1.0810165951E-01	8.4756601019E-01	8.5453145718E-01	7.5796421572E-01	7.5348175185E-01	7.3688181292E-01	5.5347296317E-03	0.0000000000E00	9.0596875461E-03	4.5201241893E-03	3.7565002142E-03	1.4448333262E-01	2.8888966738E-01	3.9173179978E129	9.9846010059E-01	8.7216605331E-02	2.9031479205E128	8.7653183085E-02	8.6629734725E-02	8.6858951851E-02	8.5879506170E-02	1.7448333262E-01	
Swaption Value Analytic Multi-Curve Drift-Freeze	9.1155085184E-01	9.6666432548E-01	8.2719483671E-01	8.3562755502E-01	7.6633527412E-01	7.6313844173E-01	6.2435814923E-01	7.4445757260E-01	7.4445757260E-01	7.3699680098E-01	1.1455663248E-01	1.1454226031E-01	1.1439162109E-01	1.1439103481E-01	1.1790408668E-01	1.1442902052E-01	1.1442902052E-01	1.1481484174E-01	8.4676110073E-01	8.5372654771E-01	7.5667987953E-01	7.5219741565E-01	7.3607690346E-01	3.7520853846E-03	9.0596875461E-03	0.0000000000E00	9.9344369187E-03	5.7735071949E-03	1.4402413363E-01	2.8497599966E-01	3.9173179978E129	9.9765519113E-01	9.3112048936E-02	2.9031479205E128	9.3548626690E-02	9.2848755193E-02	9.2754395455E-02	9.1977324013E-02	1.7402413363E-01	
Swaption Value Analytic Multi-Curve Integrated-Expectation	9.1160479455E-01	9.6676919662E-01	8.2721190084E-01	8.3564461916E-01	7.6637568775E-01	7.6317885536E-01	6.2439856286E-01	7.4449798623E-01	7.4449798623E-01	7.3710167212E-01	1.0566492778E-01	1.0565055561E-01	1.0549991639E-01	1.0549933011E-01	1.0891998834E-01	1.0553731582E-01	1.0553731582E-01	1.0592313704E-01	8.4676435092E-01	8.5372979791E-01	7.5672029316E-01	7.5223782929E-01	7.3608015365E-01	7.3652235886E-03	4.5201241893E-03	9.9344369187E-03	0.0000000000E00	4.9537791540E-03	1.4413179930E-01	2.8535489943E-01	3.9173179978E129	9.9765844132E-01	8.3526583855E-02	2.9031479205E128	8.4588016731E-02	8.3957050497E-02	8.3705305004E-02	8.3085619316E-02	1.7413179930E-01	
Swaption Value Monte-Carlo Multi-Curve	9.1139135493E-01	9.6655575700E-01	8.2692397790E-01	8.3535669621E-01	7.6657106894E-01	7.6337423655E-01	6.2459394405E-01	7.4469336742E-01	7.4469336742E-01	7.3688823250E-01	1.0889398750E-01	1.0906611808E-01	1.0864284407E-01	1.0864088498E-01	1.1292342891E-01	1.0869772012E-01	1.0869772012E-01	1.0904133454E-01	8.4673649246E-01	8.5370193944E-01	7.5691567435E-01	7.5243321048E-01	7.3605229518E-01	2.4114444346E-03	3.7565002142E-03	5.7735071949E-03	4.9537791540E-03	0.0000000000E00	1.4442310359E-01	2.8580854327E-01	3.9173179978E129	9.9763058286E-01	8.8131391171E-02	2.9031479205E128	8.8567968925E-02	8.7544520565E-02	8.7773737691E-02	8.6794292010E-02	1.7442310359E-01	
Swaption Exercise Date	9.3055106076E-01	9.8587759374E-01	8.3682041416E-01	8.4191480297E-01	7.7808271759E-01	7.7270898973E-01	6.2194935420E-01	7.5417364878E-01	7.5417364878E-01	7.5786588443E-01	1.5296742935E-01	1.5301483984E-01	1.5280969941E-01	1.5280788474E-01	1.5649939910E-01	1.5284269130E-01	1.5284269130E-01	1.5304572374E-01	8.3860615798E-01	8.4557160496E-01	7.2987012149E-01	7.2538765761E-01	7.2792196071E-01	1.4416242606E-01	1.4448333262E-01	1.4402413363E-01	1.4413179930E-01	1.4442310359E-01	0.0000000000E00	3.3000000000E-01	3.9173179978E129	9.8950024838E-01	1.3304871091E-01	2.9031479205E128	1.3348945497E-01	1.3286470319E-01	1.3294661912E-01	1.3229003377E-01	6.5000000000E-02	
Swaption Number Of Periods	8.7404628749E-01	9.2663724558E-01	7.9842883889E-01	7.9841054766E-01	7.5452551607E-01	7.5132868369E-01	6.1254839118E-01	7.3264781456E-01	7.3264781456E-01	7.0515816326E-01	3.3529543052E-01	3.3555521182E-01	3.3462694620E-01	3.3464830459E-01	3.3754640513E-01	3.3475310782E-01	3.3475310782E-01	3.3498000988E-01	8.2860615798E-01	8.3557160496E-01	7.4487012149E-01	7.4038765761E-01	7.1890220874E-01	2.8729967116E-01	2.8888966738E-01	2.8497599966E-01	2.8535489943E-01	2.8580854327E-01	3.3000000000E-01	0.0000000000E00	3.9173179978E129	9.7950024838E-01	3.2451139285E-01	2.9031479205E128	3.2448905748E-01	3.2167161518E-01	3.2399748882E-01	3.2116214923E-01	2.9500000000E-01	
Numeraire Single-Curve	3.9173179978E129	3.9173179978E129	3.9173179978E129	3.9173179978E129	3.9173179978E129	3.9173179978E129	3.9173179978E129	3.9173179978E129	3.9173179978E129	3.9173179978E129	3.9173179978E129	3.9173179978E129	3.9173179978E129	3.9173179978E129	3.9173179978E129	3.9173179978E129	3.9173179978E129	3.9173179978E129	3.9173179978E129	3.9173179978E129	3.9173179978E129	3.9173179978E129	3.9173179978E129	3.9173179978E129	3.9173179978E129	3.9173179978E129	3.9173179978E129	3.9173179978E129	3.9173179978E129	3.9173179978E129	0.0000000000E00	3.9173179978E129	3.9173179978E129	3.6270032058E129	3.9173179978E129	3.9173179978E129	3.9173179978E129	3.9173179978E129	3.9173179978E129	
Discount Single-Curve	1.6295623314E-01	1.2937182714E-01	1.8107140949E-01	2.3389284873E-01	2.7642677615E-01	2.7739833321E-01	5.4864012666E-01	2.8123151038E-01	2.8123151038E-01	2.7434208511E-01	9.9930320305E-01	9.9930320733E-01	9.9901224821E-01	9.9901288978E-01	9.9922391468E-01	9.9901542157E-01	9.9901542157E-01	9.9901087177E-01	5.5877733318E-01	5.7136955942E-01	5.7619466970E-01	5.7894530065E-01	5.8223756427E-01	9.9846807058E-01	9.9846010059E-01	9.9765519113E-01	9.9765844132E-01	9.9763058286E-01	9.8950024838E-01	9.7950024838E-01	3.9173179978E129	0.0000000000E00	9.9776729227E-01	2.9031479205E128	9.9776437849E-01	9.9464484560E-01	9.9776708249E-01	9.9465656559E-01	9.9450024838E-01	
OIS Spot Rate Single-Curve	9.3238060790E-01	9.8770714089E-01	8.4052934049E-01	8.4815346179E-01	7.7659964109E-01	7.7076795730E-01	6.1646074705E-01	7.5294077839E-01	7.5294077839E-01	7.5783241183E-01	2.2349957375E-02	2.2255738001E-02	2.2123909329E-02	2.2122929063E-02	2.6126667896E-02	2.2174651751E-02	2.2174651751E-02	2.2554205094E-02	8.4687320187E-01	8.5383864885E-01	7.4765881025E-01	7.4317634637E-01	7.3618900459E-01	9.0542835606E-02	8.7216605331E-02	9.3112048936E-02	8.3526583855E-02	8.8131391171E-02	1.3304871091E-01	3.2451139285E-01	3.9173179978E129	9.9776729227E-01	0.0000000000E00	2.9031479205E128	1.2171415306E-03	3.5524072864E-03	8.7978381920E-04	3.5527450613E-03	1.6804871091E-01	
Numeraire Multi-Curve	2.9031479205E128	2.9031479205E128	2.9031479205E128	2.9031479205E128	2.9031479205E128	2.9031479205E128	2.9031479205E128	2.9031479205E128	2.9031479205E128	2.9031479205E128	2.9031479205E128	2.9031479205E128	2.9031479205E128	2.9031479205E128	2.9031479205E128	2.9031479205E128	2.9031479205E128	2.9031479205E128	2.9031479205E128	2.9031479205E128	2.9031479205E128	2.9031479205E128	2.9031479205E128	2.9031479205E128	2.9031479205E128	2.9031479205E128	2.9031479205E128	2.9031479205E128	2.9031479205E128	2.9031479205E128	3.6270032058E129	2.9031479205E128	2.9031479205E128	0.0000000000E00	2.9031479205E128	2.9031479205E128	2.9031479205E128	2.9031479205E128	2.9031479205E128	
OIS Spot Rate Multi-Curve	9.3238781912E-01	9.8771435210E-01	8.4053330447E-01	8.4816801671E-01	7.7653462090E-01	7.7075580719E-01	6.1643841167E-01	7.5287575820E-01	7.5287575820E-01	7.5776739163E-01	2.1452036582E-02	2.1555113535E-02	2.1355088933E-02	2.1354079946E-02	2.5344103248E-02	2.1376079480E-02	2.1376079480E-02	2.1337063563E-02	8.4687028809E-01	8.5383573507E-01	7.4775098902E-01	7.4326852514E-01	7.3618609081E-01	9.0979413360E-02	8.7653183085E-02	9.3548626690E-02	8.4588016731E-02	8.8567968925E-02	1.3348945497E-01	3.2448905748E-01	3.9173179978E129	9.9776437849E-01	1.2171415306E-03	2.9031479205E128	0.0000000000E00	3.5669622042E-03	1.0161616769E-03	3.5672999791E-03	1.6848945497E-01	
LIBOR Spot Rate Multi-Curve	9.2930899911E-01	9.8463553210E-01	8.3736030231E-01	8.4460105450E-01	7.7360297567E-01	7.6787286494E-01	6.1362096938E-01	7.4994411297E-01	7.4994411297E-01	7.5483574640E-01	2.2259109151E-02	2.2378408807E-02	2.1960398954E-02	2.1958936028E-02	2.6488302860E-02	2.2026730063E-02	2.2026730063E-02	2.2363738564E-02	8.4375075520E-01	8.5071620218E-01	7.4503672982E-01	7.4055426594E-01	7.3306655793E-01	8.9955965000E-02	8.6629734725E-02	9.2848755193E-02	8.3957050497E-02	8.7544520565E-02	1.3286470319E-01	3.2167161518E-01	3.9173179978E129	9.9464484560E-01	3.5524072864E-03	2.9031479205E128	3.5669622042E-03	0.0000000000E00	3.5687394327E-03	1.0096603964E-03	1.6786470319E-01	
OIS Forward Rate Multi-Curve	9.3233198483E-01	9.8765851781E-01	8.4053508170E-01	8.4816979394E-01	7.7650116432E-01	7.7061320663E-01	6.1594684301E-01	7.5284230162E-01	7.5284230162E-01	7.5773393505E-01	2.1981248901E-02	2.1945250606E-02	2.1794611384E-02	2.1794025104E-02	2.6110790840E-02	2.1832010816E-02	2.1832010816E-02	2.2217832034E-02	8.4687299209E-01	8.5383843907E-01	7.4704769703E-01	7.4256523316E-01	7.3618879481E-01	9.0185182125E-02	8.6858951851E-02	9.2754395455E-02	8.3705305004E-02	8.7773737691E-02	1.3294661912E-01	3.2399748882E-01	3.9173179978E129	9.9776708249E-01	8.7978381920E-04	2.9031479205E128	1.0161616769E-03	3.5687394327E-03	0.0000000000E00	3.5690772076E-03	1.6794661912E-01	
LIBOR Forward Rate Multi-Curve	9.2925786341E-01	9.8458439640E-01	8.3738259414E-01	8.4460071673E-01	7.7358509368E-01	7.6769713599E-01	6.1311150343E-01	7.4992623098E-01	7.4992623098E-01	7.5481786441E-01	2.3016730490E-02	2.3055016875E-02	2.2718020294E-02	2.2716557368E-02	2.7245924200E-02	2.2784351402E-02	2.2784351402E-02	2.3121359904E-02	8.4376247520E-01	8.5072792218E-01	7.4428589154E-01	7.3980342766E-01	7.3307827792E-01	8.9205736445E-02	8.5879506170E-02	9.1977324013E-02	8.3085619316E-02	8.6794292010E-02	1.3229003377E-01	3.2116214923E-01	3.9173179978E129	9.9465656559E-01	3.5527450613E-03	2.9031479205E128	3.5672999791E-03	1.0096603964E-03	3.5690772076E-03	0.0000000000E00	1.6729003377E-01	
Time	9.1779483522E-01	9.7295923729E-01	8.2928009073E-01	8.3691480297E-01	7.5663311370E-01	7.5074515601E-01	5.8974828042E-01	7.3297425100E-01	7.3297425100E-01	7.4329171279E-01	1.8796742935E-01	1.8801483984E-01	1.8780969941E-01	1.8780788474E-01	1.9149939910E-01	1.8784269130E-01	1.8784269130E-01	1.8804572374E-01	8.4360615798E-01	8.5057160496E-01	7.2276605196E-01	7.2142609475E-01	7.3292196071E-01	1.7416242606E-01	1.7448333262E-01	1.7402413363E-01	1.7413179930E-01	1.7442310359E-01	6.5000000000E-02	2.9500000000E-01	3.9173179978E129	9.9450024838E-01	1.6804871091E-01	2.9031479205E128	1.6848945497E-01	1.6786470319E-01	1.6794661912E-01	1.6729003377E-01	0.0000000000E00	
