	Target (OIS)	Target (LIBOR)	Caplet Vola Analytic Single-Curve	Caplet Vola Monte-Carlo Single-Curve	Caplet Vola Analytic Multi-Curve Fenton-Wilkinson	Caplet Vola Analytic Multi-Curve Ju	Caplet Vola Analytic Multi-Curve Ho	Caplet Vola Analytic Multi-Curve Drift-Freeze	Caplet Vola Analytic Multi-Curve Integrated-Expectation	Caplet Vola Monte-Carlo Multi-Curve	Caplet Value Analytic Single-Curve	Caplet Value Monte-Carlo Single-Curve	Caplet Value Analytic Multi-Curve Fenton-Wilkinson	Caplet Value Analytic Multi-Curve Ju	Caplet Value Analytic Multi-Curve Ho	Caplet Value Analytic Multi-Curve Drift-Freeze	Caplet Value Analytic Multi-Curve Integrated-Expectation	Caplet Value Monte-Carlo Multi-Curve	Swaption Vola Analytic Single-Curve	Swaption Vola Monte-Carlo Single-Curve	Swaption Vola Analytic Multi-Curve Drift-Freeze	Swaption Vola Analytic Multi-Curve Integrated-Expectation	Swaption Vola Monte-Carlo Multi-Curve	Swaption Value Analytic Single-Curve	Swaption Value Monte-Carlo Single-Curve	Swaption Value Analytic Multi-Curve Drift-Freeze	Swaption Value Analytic Multi-Curve Integrated-Expectation	Swaption Value Monte-Carlo Multi-Curve	Swaption Exercise Date	Swaption Number Of Periods	Numeraire Single-Curve	Discount Single-Curve	OIS Spot Rate Single-Curve	Numeraire Multi-Curve	OIS Spot Rate Multi-Curve	LIBOR Spot Rate Multi-Curve	OIS Forward Rate Multi-Curve	LIBOR Forward Rate Multi-Curve	Time
Target (OIS)	0.0000000000E00	1.1065306597E-02	2.7759109865E-01	2.7868442257E-01	2.7003893549E-01	2.8018596295E-01	2.2663013087E-01	2.2818517757E-01	2.2818517757E-01	2.5073702152E-01	3.1974406545E-01	3.1974225182E-01	3.1851219510E-01	3.1856288383E-01	3.1860932633E-01	3.1867027888E-01	3.1867027888E-01	3.1861850057E-01	2.8887305926E-01	2.7039407811E-01	2.1420974566E-01	2.2722458904E-01	2.3586513093E-01	3.0670384732E-01	3.0675052726E-01	3.0259765725E-01	3.0268805044E-01	3.0257404983E-01	3.1089389132E-01	2.8502755691E-01	5.1734524017E84	6.9556228128E-01	3.0894843377E-01	9.6302764290E82	3.0894568459E-01	2.9494564710E-01	3.0895353202E-01	2.9495353202E-01	3.0186982720E-01	
Target (LIBOR)	1.1065306597E-02	0.0000000000E00	2.7170045454E-01	2.7279377846E-01	2.6414829139E-01	2.7429531885E-01	2.2073948677E-01	2.2229453347E-01	2.2229453347E-01	2.4484637742E-01	3.3080937205E-01	3.3080755842E-01	3.2957750170E-01	3.2962819042E-01	3.2967463292E-01	3.2973558548E-01	3.2973558548E-01	3.2968380717E-01	2.8291111607E-01	2.6443213492E-01	2.0824780247E-01	2.2126264585E-01	2.2990318774E-01	3.1759284768E-01	3.1767707303E-01	3.1332877253E-01	3.1341916571E-01	3.1330516510E-01	3.2195919791E-01	2.9554574853E-01	5.1734524017E84	6.8513325677E-01	3.1998131418E-01	9.6302764290E82	3.1997856500E-01	3.0597852752E-01	3.1998641243E-01	3.0598641243E-01	3.1279637296E-01	
Caplet Vola Analytic Single-Curve	2.7759109865E-01	2.7170045454E-01	0.0000000000E00	1.1072413432E-02	3.9584365458E-02	5.4259467331E-02	6.7471548715E-02	9.9240828028E-02	9.9240828028E-02	5.8966495813E-02	4.4872036887E-01	4.4886049879E-01	4.4644245944E-01	4.4661725404E-01	4.4835126916E-01	4.4776259452E-01	4.4776259452E-01	4.4705428491E-01	1.0008926693E-01	9.6593786272E-02	1.5548213878E-01	1.6234710351E-01	1.4355393423E-01	4.4265561774E-01	4.4304721945E-01	4.3943268188E-01	4.3938022379E-01	4.3806126157E-01	3.9512736725E-01	4.3594545530E-01	5.1734524017E84	7.5531957834E-01	4.2317469624E-01	9.6302764290E82	4.2297238006E-01	4.1176579326E-01	4.2283593140E-01	4.1139896864E-01	3.4512736725E-01	
Caplet Vola Monte-Carlo Single-Curve	2.7868442257E-01	2.7279377846E-01	1.1072413432E-02	0.0000000000E00	3.8396615615E-02	5.2423705629E-02	6.3935506452E-02	9.1507540777E-02	9.1507540777E-02	5.5605147970E-02	4.4234416365E-01	4.4233189653E-01	4.4143157822E-01	4.4129866931E-01	4.4317568201E-01	4.4200590825E-01	4.4200590825E-01	4.4168879972E-01	9.9565311213E-02	9.6058218197E-02	1.4566645219E-01	1.5253141693E-01	1.3373824764E-01	4.3220785374E-01	4.3256310074E-01	4.2992171971E-01	4.2946910844E-01	4.2917545587E-01	3.9009024563E-01	4.2659443956E-01	5.1734524017E84	7.5506682879E-01	4.1438834299E-01	9.6302764290E82	4.1455108566E-01	4.0949908977E-01	4.1446399443E-01	4.0953185157E-01	3.4152170379E-01	
Caplet Vola Analytic Multi-Curve Fenton-Wilkinson	2.7003893549E-01	2.6414829139E-01	3.9584365458E-02	3.8396615615E-02	0.0000000000E00	2.7090511831E-02	5.1436855991E-02	8.2232907561E-02	8.2232907561E-02	3.5935540818E-02	4.3729598728E-01	4.3743106484E-01	4.3550717014E-01	4.3552115742E-01	4.3740569137E-01	4.3657814420E-01	4.3657814420E-01	4.3605643039E-01	1.2991669120E-01	1.2514175691E-01	1.3975896207E-01	1.4803088273E-01	1.2727714556E-01	4.3145029619E-01	4.3184189789E-01	4.2822736032E-01	4.2817490223E-01	4.2685594001E-01	3.7565871472E-01	4.2474013375E-01	5.1734524017E84	7.7124626743E-01	4.1099634312E-01	9.6302764290E82	4.1083634525E-01	4.0184274064E-01	4.1064728298E-01	4.0151162388E-01	3.1915869071E-01	
Caplet Vola Analytic Multi-Curve Ju	2.8018596295E-01	2.7429531885E-01	5.4259467331E-02	5.2423705629E-02	2.7090511831E-02	0.0000000000E00	5.3818882901E-02	6.3991152968E-02	6.3991152968E-02	3.5898958952E-02	4.4384570403E-01	4.4383343691E-01	4.4293311860E-01	4.4280020969E-01	4.4467722239E-01	4.4350744864E-01	4.4350744864E-01	4.4319034011E-01	1.3464502249E-01	1.2987008820E-01	1.2952864464E-01	1.3780056530E-01	1.1314611320E-01	4.3578320026E-01	4.3624404553E-01	4.3424522391E-01	4.3379261264E-01	4.3349896007E-01	3.4995689754E-01	4.3091794376E-01	5.1734524017E84	7.7243504899E-01	4.1593962703E-01	9.6302764290E82	4.1605262604E-01	4.1100063015E-01	4.1596553481E-01	4.1103339196E-01	2.9260286521E-01	
Caplet Vola Analytic Multi-Curve Ho	2.2663013087E-01	2.2073948677E-01	6.7471548715E-02	6.3935506452E-02	5.1436855991E-02	5.3818882901E-02	0.0000000000E00	3.2301597295E-02	3.2301597295E-02	2.4106890654E-02	3.9028987195E-01	3.9027760483E-01	3.8937728652E-01	3.8924437761E-01	3.9112139031E-01	3.8995161656E-01	3.8995161656E-01	3.8963450803E-01	1.3744788271E-01	1.3267294842E-01	8.9284599095E-02	9.7556519758E-02	7.7278721391E-02	3.8196431736E-01	3.8242516263E-01	3.8042634101E-01	3.7997372974E-01	3.7968007717E-01	3.2776060142E-01	3.7709906086E-01	5.1734524017E84	7.7287189853E-01	3.6233405129E-01	9.6302764290E82	3.6249679396E-01	3.5744479807E-01	3.6240970273E-01	3.5747755987E-01	2.7786143244E-01	
Caplet Vola Analytic Multi-Curve Drift-Freeze	2.2818517757E-01	2.2229453347E-01	9.9240828028E-02	9.1507540777E-02	8.2232907561E-02	6.3991152968E-02	3.2301597295E-02	0.0000000000E00	0.0000000000E00	4.7846860988E-02	3.9184491865E-01	3.9183265153E-01	3.9093233322E-01	3.9079942431E-01	3.9267643701E-01	3.9150666326E-01	3.9150666326E-01	3.9118955473E-01	1.3938043419E-01	1.3460549990E-01	6.5739200615E-02	7.4011121277E-02	6.0505047777E-02	3.7992156084E-01	3.8038240612E-01	3.7838358449E-01	3.7793097322E-01	3.7763732065E-01	2.9870654429E-01	3.7505630435E-01	5.1734524017E84	7.7279978759E-01	3.6388909799E-01	9.6302764290E82	3.6405184066E-01	3.5899984477E-01	3.6396474943E-01	3.5903260658E-01	2.5354442458E-01	
Caplet Vola Analytic Multi-Curve Integrated-Expectation	2.2818517757E-01	2.2229453347E-01	9.9240828028E-02	9.1507540777E-02	8.2232907561E-02	6.3991152968E-02	3.2301597295E-02	0.0000000000E00	0.0000000000E00	4.7846860988E-02	3.9184491865E-01	3.9183265153E-01	3.9093233322E-01	3.9079942431E-01	3.9267643701E-01	3.9150666326E-01	3.9150666326E-01	3.9118955473E-01	1.3938043419E-01	1.3460549990E-01	6.5739200615E-02	7.4011121277E-02	6.0505047777E-02	3.7992156084E-01	3.8038240612E-01	3.7838358449E-01	3.7793097322E-01	3.7763732065E-01	2.9870654429E-01	3.7505630435E-01	5.1734524017E84	7.7279978759E-01	3.6388909799E-01	9.6302764290E82	3.6405184066E-01	3.5899984477E-01	3.6396474943E-01	3.5903260658E-01	2.5354442458E-01	
Caplet Vola Monte-Carlo Multi-Curve	2.5073702152E-01	2.4484637742E-01	5.8966495813E-02	5.5605147970E-02	3.5935540818E-02	3.5898958952E-02	2.4106890654E-02	4.7846860988E-02	4.7846860988E-02	0.0000000000E00	4.1439676260E-01	4.1438449548E-01	4.1348417718E-01	4.1335126827E-01	4.1522828097E-01	4.1405850721E-01	4.1405850721E-01	4.1374139868E-01	1.3510525691E-01	1.3033032262E-01	1.0414179926E-01	1.1241371993E-01	9.1876092777E-02	4.0208880833E-01	4.0254965360E-01	4.0055083198E-01	4.0009822071E-01	3.9980456814E-01	3.4025766193E-01	3.9722355183E-01	5.1734524017E84	7.7275721599E-01	3.8644094195E-01	9.6302764290E82	3.8660368462E-01	3.8155168872E-01	3.8651659339E-01	3.8158445053E-01	2.8623817605E-01	
Caplet Value Analytic Single-Curve	3.1974406545E-01	3.3080937205E-01	4.4872036887E-01	4.4234416365E-01	4.3729598728E-01	4.4384570403E-01	3.9028987195E-01	3.9184491865E-01	3.9184491865E-01	4.1439676260E-01	0.0000000000E00	1.4012991514E-04	3.1072684871E-03	2.6200584704E-03	2.1656023363E-03	1.9420511480E-03	1.9420511480E-03	2.5412252002E-03	4.5623385819E-01	4.3802297785E-01	3.7986490234E-01	3.9287974572E-01	4.0259623714E-01	9.9400891975E-02	9.6886148847E-02	1.1973271269E-01	1.1692436402E-01	1.2459156219E-01	1.5283106207E-01	3.3748057416E-01	5.1734524017E84	9.9779834868E-01	2.7955820655E-02	9.6302764290E82	2.7793077987E-02	3.9289097123E-02	2.7880169216E-02	3.9393841720E-02	1.8783106207E-01	
Caplet Value Monte-Carlo Single-Curve	3.1974225182E-01	3.3080755842E-01	4.4886049879E-01	4.4233189653E-01	4.3743106484E-01	4.4383343691E-01	3.9027760483E-01	3.9183265153E-01	3.9183265153E-01	4.1438449548E-01	1.4012991514E-04	0.0000000000E00	3.2152455225E-03	2.6944958431E-03	2.1848649480E-03	1.9538838036E-03	1.9538838036E-03	2.5605923810E-03	4.5633417255E-01	4.3812329221E-01	3.7990284133E-01	3.9291768471E-01	4.0269655150E-01	9.9530657166E-02	9.7015914037E-02	1.1985415107E-01	1.1704580240E-01	1.2471300057E-01	1.5281879495E-01	3.3748580919E-01	5.1734524017E84	9.9779813505E-01	2.7943553535E-02	9.6302764290E82	2.7799454389E-02	3.9316191060E-02	2.7867902097E-02	3.9480997725E-02	1.8781879495E-01	
Caplet Value Analytic Multi-Curve Fenton-Wilkinson	3.1851219510E-01	3.2957750170E-01	4.4644245944E-01	4.4143157822E-01	4.3550717014E-01	4.4293311860E-01	3.8937728652E-01	3.9093233322E-01	3.9093233322E-01	4.1348417718E-01	3.1072684871E-03	3.2152455225E-03	0.0000000000E00	5.2134979388E-04	1.9088097199E-03	1.6000805715E-03	1.6000805715E-03	6.8612420221E-04	4.5474680113E-01	4.3653592079E-01	3.7880577652E-01	3.9182061990E-01	4.0110918008E-01	9.7174923712E-02	9.4660180583E-02	1.1672201281E-01	1.1391366414E-01	1.2158086231E-01	1.5191847665E-01	3.3544276933E-01	5.1734524017E84	9.9750021294E-01	2.7043235228E-02	9.6302764290E82	2.6880492560E-02	3.6271273495E-02	2.6967583789E-02	3.6377005712E-02	1.8691847665E-01	
Caplet Value Analytic Multi-Curve Ju	3.1856288383E-01	3.2962819042E-01	4.4661725404E-01	4.4129866931E-01	4.3552115742E-01	4.4280020969E-01	3.8924437761E-01	3.9079942431E-01	3.9079942431E-01	4.1335126827E-01	2.6200584704E-03	2.6944958431E-03	5.2134979388E-04	0.0000000000E00	1.9313989606E-03	1.1669063824E-03	1.1669063824E-03	5.4231983667E-04	4.5469264599E-01	4.3648176564E-01	3.7868250412E-01	3.9169734750E-01	4.0105502494E-01	9.7349718307E-02	9.4834975179E-02	1.1720829757E-01	1.1439994890E-01	1.2206714707E-01	1.5178556774E-01	3.3559315059E-01	5.1734524017E84	9.9750264355E-01	2.6910326320E-02	9.6302764290E82	2.6747583652E-02	3.6678765606E-02	2.6834674882E-02	3.6807665910E-02	1.8678556774E-01	
Caplet Value Analytic Multi-Curve Ho	3.1860932633E-01	3.2967463292E-01	4.4835126916E-01	4.4317568201E-01	4.3740569137E-01	4.4467722239E-01	3.9112139031E-01	3.9267643701E-01	3.9267643701E-01	4.1522828097E-01	2.1656023363E-03	2.1848649480E-03	1.9088097199E-03	1.9313989606E-03	0.0000000000E00	1.1697737553E-03	1.1697737553E-03	1.4868822857E-03	4.5661885674E-01	4.3840797640E-01	3.8058980739E-01	3.9360465077E-01	4.0298123569E-01	9.9083733432E-02	9.6568990303E-02	1.1844302892E-01	1.1563468025E-01	1.2330187842E-01	1.5366258044E-01	3.3575978345E-01	5.1734524017E84	9.9750378014E-01	2.8787339018E-02	9.6302764290E82	2.8624596350E-02	3.7741618010E-02	2.8711687579E-02	3.7892425628E-02	1.8866258044E-01	
Caplet Value Analytic Multi-Curve Drift-Freeze	3.1867027888E-01	3.2973558548E-01	4.4776259452E-01	4.4200590825E-01	4.3657814420E-01	4.4350744864E-01	3.8995161656E-01	3.9150666326E-01	3.9150666326E-01	4.1405850721E-01	1.9420511480E-03	1.9538838036E-03	1.6000805715E-03	1.1669063824E-03	1.1697737553E-03	0.0000000000E00	0.0000000000E00	9.3261421500E-04	4.5566862381E-01	4.3745774347E-01	3.7947069046E-01	3.9248553385E-01	4.0203100276E-01	9.8495058792E-02	9.5980315663E-02	1.1832209338E-01	1.1551374471E-01	1.2318094288E-01	1.5249280668E-01	3.3590054673E-01	5.1734524017E84	9.9754395986E-01	2.7617565263E-02	9.6302764290E82	2.7454822595E-02	3.7645455962E-02	2.7541913824E-02	3.7843024288E-02	1.8749280668E-01	
Caplet Value Analytic Multi-Curve Integrated-Expectation	3.1867027888E-01	3.2973558548E-01	4.4776259452E-01	4.4200590825E-01	4.3657814420E-01	4.4350744864E-01	3.8995161656E-01	3.9150666326E-01	3.9150666326E-01	4.1405850721E-01	1.9420511480E-03	1.9538838036E-03	1.6000805715E-03	1.1669063824E-03	1.1697737553E-03	0.0000000000E00	0.0000000000E00	9.3261421500E-04	4.5566862381E-01	4.3745774347E-01	3.7947069046E-01	3.9248553385E-01	4.0203100276E-01	9.8495058792E-02	9.5980315663E-02	1.1832209338E-01	1.1551374471E-01	1.2318094288E-01	1.5249280668E-01	3.3590054673E-01	5.1734524017E84	9.9754395986E-01	2.7617565263E-02	9.6302764290E82	2.7454822595E-02	3.7645455962E-02	2.7541913824E-02	3.7843024288E-02	1.8749280668E-01	
Caplet Value Monte-Carlo Multi-Curve	3.1861850057E-01	3.2968380717E-01	4.4705428491E-01	4.4168879972E-01	4.3605643039E-01	4.4319034011E-01	3.8963450803E-01	3.9118955473E-01	3.9118955473E-01	4.1374139868E-01	2.5412252002E-03	2.5605923810E-03	6.8612420221E-04	5.4231983667E-04	1.4868822857E-03	9.3261421500E-04	9.3261421500E-04	0.0000000000E00	4.5523261303E-01	4.3702173268E-01	3.7914596567E-01	3.9216080905E-01	4.0159499198E-01	9.7786749177E-02	9.5272006049E-02	1.1738947916E-01	1.1458113050E-01	1.2224832867E-01	1.5217569815E-01	3.3565725836E-01	5.1734524017E84	9.9754387313E-01	2.7300456733E-02	9.6302764290E82	2.7137714064E-02	3.6764420943E-02	2.7224805294E-02	3.6951876404E-02	1.8717569815E-01	
Swaption Vola Analytic Single-Curve	2.8887305926E-01	2.8291111607E-01	1.0008926693E-01	9.9565311213E-02	1.2991669120E-01	1.3464502249E-01	1.3744788271E-01	1.3938043419E-01	1.3938043419E-01	1.3510525691E-01	4.5623385819E-01	4.5633417255E-01	4.5474680113E-01	4.5469264599E-01	4.5661885674E-01	4.5566862381E-01	4.5566862381E-01	4.5523261303E-01	0.0000000000E00	1.8478981157E-02	9.6357513314E-02	1.0103232020E-01	8.6672846250E-02	4.4908544204E-01	4.4953925761E-01	4.4661913945E-01	4.4632114250E-01	4.4521148619E-01	3.9087096730E-01	4.4366655744E-01	5.1734524017E84	7.1489487239E-01	4.2895434703E-01	9.6302764290E82	4.2898190155E-01	4.2139543654E-01	4.2868772146E-01	4.2109533769E-01	3.7868081002E-01	
Swaption Vola Monte-Carlo Single-Curve	2.7039407811E-01	2.6443213492E-01	9.6593786272E-02	9.6058218197E-02	1.2514175691E-01	1.2987008820E-01	1.3267294842E-01	1.3460549990E-01	1.3460549990E-01	1.3033032262E-01	4.3802297785E-01	4.3812329221E-01	4.3653592079E-01	4.3648176564E-01	4.3840797640E-01	4.3745774347E-01	4.3745774347E-01	4.3702173268E-01	1.8478981157E-02	0.0000000000E00	8.5230008173E-02	8.8103175348E-02	8.0576823994E-02	4.3087456170E-01	4.3132837727E-01	4.2840825911E-01	4.2811026216E-01	4.2700060585E-01	3.8477494505E-01	4.2545567710E-01	5.1734524017E84	7.1598333648E-01	4.1074346669E-01	9.6302764290E82	4.1077102121E-01	4.0318455620E-01	4.1047684112E-01	4.0285343944E-01	3.7390587573E-01	
Swaption Vola Analytic Multi-Curve Drift-Freeze	2.1420974566E-01	2.0824780247E-01	1.5548213878E-01	1.4566645219E-01	1.3975896207E-01	1.2952864464E-01	8.9284599095E-02	6.5739200615E-02	6.5739200615E-02	1.0414179926E-01	3.7986490234E-01	3.7990284133E-01	3.7880577652E-01	3.7868250412E-01	3.8058980739E-01	3.7947069046E-01	3.7947069046E-01	3.7914596567E-01	9.6357513314E-02	8.5230008173E-02	0.0000000000E00	1.3014843381E-02	3.6996364019E-02	3.7197135466E-01	3.7243219993E-01	3.7043337831E-01	3.6998076704E-01	3.6968711447E-01	3.0257772309E-01	3.6710609816E-01	5.1734524017E84	7.4483618893E-01	3.5212778143E-01	9.6302764290E82	3.5210338694E-01	3.4653073400E-01	3.5206641562E-01	3.4643202409E-01	2.9257772309E-01	
Swaption Vola Analytic Multi-Curve Integrated-Expectation	2.2722458904E-01	2.2126264585E-01	1.6234710351E-01	1.5253141693E-01	1.4803088273E-01	1.3780056530E-01	9.7556519758E-02	7.4011121277E-02	7.4011121277E-02	1.1241371993E-01	3.9287974572E-01	3.9291768471E-01	3.9182061990E-01	3.9169734750E-01	3.9360465077E-01	3.9248553385E-01	3.9248553385E-01	3.9216080905E-01	1.0103232020E-01	8.8103175348E-02	1.3014843381E-02	0.0000000000E00	4.0049356845E-02	3.8498619804E-01	3.8544704331E-01	3.8344822169E-01	3.8299561042E-01	3.8270195785E-01	2.9983863232E-01	3.8012094154E-01	5.1734524017E84	7.4792189918E-01	3.6514262481E-01	9.6302764290E82	3.6511823032E-01	3.5954557738E-01	3.6508125900E-01	3.5944686747E-01	2.8983863232E-01	
Swaption Vola Monte-Carlo Multi-Curve	2.3586513093E-01	2.2990318774E-01	1.4355393423E-01	1.3373824764E-01	1.2727714556E-01	1.1314611320E-01	7.7278721391E-02	6.0505047777E-02	6.0505047777E-02	9.1876092777E-02	4.0259623714E-01	4.0269655150E-01	4.0110918008E-01	4.0105502494E-01	4.0298123569E-01	4.0203100276E-01	4.0203100276E-01	4.0159499198E-01	8.6672846250E-02	8.0576823994E-02	3.6996364019E-02	4.0049356845E-02	0.0000000000E00	3.9544782099E-01	3.9590163656E-01	3.9298151840E-01	3.9268352145E-01	3.9157386514E-01	3.0693834317E-01	3.9002893639E-01	5.1734524017E84	7.4562963491E-01	3.7531672598E-01	9.6302764290E82	3.7534428050E-01	3.6818611927E-01	3.7505010041E-01	3.6808740936E-01	2.9693834317E-01	
Swaption Value Analytic Single-Curve	3.0670384732E-01	3.1759284768E-01	4.4265561774E-01	4.3220785374E-01	4.3145029619E-01	4.3578320026E-01	3.8196431736E-01	3.7992156084E-01	3.7992156084E-01	4.0208880833E-01	9.9400891975E-02	9.9530657166E-02	9.7174923712E-02	9.7349718307E-02	9.9083733432E-02	9.8495058792E-02	9.8495058792E-02	9.7786749177E-02	4.4908544204E-01	4.3087456170E-01	3.7197135466E-01	3.8498619804E-01	3.9544782099E-01	0.0000000000E00	2.7996068295E-03	2.1845952117E-02	2.0370467363E-02	2.6857107008E-02	1.4486525650E-01	2.9224370464E-01	5.1734524017E84	9.9703113963E-01	7.3985722078E-02	9.6302764290E82	7.3965273708E-02	6.2163449861E-02	7.3708831918E-02	6.1867887131E-02	1.7486525650E-01	
Swaption Value Monte-Carlo Single-Curve	3.0675052726E-01	3.1767707303E-01	4.4304721945E-01	4.3256310074E-01	4.3184189789E-01	4.3624404553E-01	3.8242516263E-01	3.8038240612E-01	3.8038240612E-01	4.0254965360E-01	9.6886148847E-02	9.7015914037E-02	9.4660180583E-02	9.4834975179E-02	9.6568990303E-02	9.5980315663E-02	9.5980315663E-02	9.5272006049E-02	4.4953925761E-01	4.3132837727E-01	3.7243219993E-01	3.8544704331E-01	3.9590163656E-01	2.7996068295E-03	0.0000000000E00	2.4645558947E-02	2.2483679804E-02	2.9504408450E-02	1.4532610177E-01	2.9339591792E-01	5.1734524017E84	9.9703485545E-01	7.1186115249E-02	9.6302764290E82	7.1165666879E-02	5.9648706733E-02	7.0909225089E-02	5.9353144002E-02	1.7532610177E-01	
Swaption Value Analytic Multi-Curve Drift-Freeze	3.0259765725E-01	3.1332877253E-01	4.3943268188E-01	4.2992171971E-01	4.2822736032E-01	4.3424522391E-01	3.8042634101E-01	3.7838358449E-01	3.7838358449E-01	4.0055083198E-01	1.1973271269E-01	1.1985415107E-01	1.1672201281E-01	1.1720829757E-01	1.1844302892E-01	1.1832209338E-01	1.1832209338E-01	1.1738947916E-01	4.4661913945E-01	4.2840825911E-01	3.7043337831E-01	3.8344822169E-01	3.9298151840E-01	2.1845952117E-02	2.4645558947E-02	0.0000000000E00	3.1646889519E-03	6.6424674345E-03	1.4332728015E-01	2.7877854132E-01	5.1734524017E84	9.9595202237E-01	9.5831674195E-02	9.6302764290E82	9.5811225825E-02	8.0701410907E-02	9.5554784035E-02	8.0554784035E-02	1.7332728015E-01	
Swaption Value Analytic Multi-Curve Integrated-Expectation	3.0268805044E-01	3.1341916571E-01	4.3938022379E-01	4.2946910844E-01	4.2817490223E-01	4.3379261264E-01	3.7997372974E-01	3.7793097322E-01	3.7793097322E-01	4.0009822071E-01	1.1692436402E-01	1.1704580240E-01	1.1391366414E-01	1.1439994890E-01	1.1563468025E-01	1.1551374471E-01	1.1551374471E-01	1.1458113050E-01	4.4632114250E-01	4.2811026216E-01	3.6998076704E-01	3.8299561042E-01	3.9268352145E-01	2.0370467363E-02	2.2483679804E-02	3.1646889519E-03	0.0000000000E00	9.3816154760E-03	1.4287466887E-01	2.7917651007E-01	5.1734524017E84	9.9597690171E-01	9.3023325526E-02	9.6302764290E82	9.3002877156E-02	7.7893062238E-02	9.2746435366E-02	7.7746435366E-02	1.7287466887E-01	
Swaption Value Monte-Carlo Multi-Curve	3.0257404983E-01	3.1330516510E-01	4.3806126157E-01	4.2917545587E-01	4.2685594001E-01	4.3349896007E-01	3.7968007717E-01	3.7763732065E-01	3.7763732065E-01	3.9980456814E-01	1.2459156219E-01	1.2471300057E-01	1.2158086231E-01	1.2206714707E-01	1.2330187842E-01	1.2318094288E-01	1.2318094288E-01	1.2224832867E-01	4.4521148619E-01	4.2700060585E-01	3.6968711447E-01	3.8270195785E-01	3.9157386514E-01	2.6857107008E-02	2.9504408450E-02	6.6424674345E-03	9.3816154760E-03	0.0000000000E00	1.4258101630E-01	2.7840235915E-01	5.1734524017E84	9.9595841955E-01	1.0069052370E-01	9.6302764290E82	1.0067007533E-01	8.5773129114E-02	1.0041363354E-01	8.5477566383E-02	1.7258101630E-01	
Swaption Exercise Date	3.1089389132E-01	3.2195919791E-01	3.9512736725E-01	3.9009024563E-01	3.7565871472E-01	3.4995689754E-01	3.2776060142E-01	2.9870654429E-01	2.9870654429E-01	3.4025766193E-01	1.5283106207E-01	1.5281879495E-01	1.5191847665E-01	1.5178556774E-01	1.5366258044E-01	1.5249280668E-01	1.5249280668E-01	1.5217569815E-01	3.9087096730E-01	3.8477494505E-01	3.0257772309E-01	2.9983863232E-01	3.0693834317E-01	1.4486525650E-01	1.4532610177E-01	1.4332728015E-01	1.4287466887E-01	1.4258101630E-01	0.0000000000E00	3.3000000000E-01	5.1734524017E84	9.8800399202E-01	1.2502168327E-01	9.6302764290E82	1.2503798409E-01	1.1998598819E-01	1.2496031746E-01	1.2001875000E-01	6.5000000000E-02	
Swaption Number Of Periods	2.8502755691E-01	2.9554574853E-01	4.3594545530E-01	4.2659443956E-01	4.2474013375E-01	4.3091794376E-01	3.7709906086E-01	3.7505630435E-01	3.7505630435E-01	3.9722355183E-01	3.3748057416E-01	3.3748580919E-01	3.3544276933E-01	3.3559315059E-01	3.3575978345E-01	3.3590054673E-01	3.3590054673E-01	3.3565725836E-01	4.4366655744E-01	4.2545567710E-01	3.6710609816E-01	3.8012094154E-01	3.9002893639E-01	2.9224370464E-01	2.9339591792E-01	2.7877854132E-01	2.7917651007E-01	2.7840235915E-01	3.3000000000E-01	0.0000000000E00	5.1734524017E84	9.7800399202E-01	3.2246319331E-01	9.6302764290E82	3.2245168409E-01	3.0498987260E-01	3.2246250000E-01	3.0500000000E-01	2.9500000000E-01	
Numeraire Single-Curve	5.1734524017E84	5.1734524017E84	5.1734524017E84	5.1734524017E84	5.1734524017E84	5.1734524017E84	5.1734524017E84	5.1734524017E84	5.1734524017E84	5.1734524017E84	5.1734524017E84	5.1734524017E84	5.1734524017E84	5.1734524017E84	5.1734524017E84	5.1734524017E84	5.1734524017E84	5.1734524017E84	5.1734524017E84	5.1734524017E84	5.1734524017E84	5.1734524017E84	5.1734524017E84	5.1734524017E84	5.1734524017E84	5.1734524017E84	5.1734524017E84	5.1734524017E84	5.1734524017E84	5.1734524017E84	0.0000000000E00	5.1734524017E84	5.1734524017E84	5.0771496374E84	5.1734524017E84	5.1734524017E84	5.1734524017E84	5.1734524017E84	5.1734524017E84	
Discount Single-Curve	6.9556228128E-01	6.8513325677E-01	7.5531957834E-01	7.5506682879E-01	7.7124626743E-01	7.7243504899E-01	7.7287189853E-01	7.7279978759E-01	7.7279978759E-01	7.7275721599E-01	9.9779834868E-01	9.9779813505E-01	9.9750021294E-01	9.9750264355E-01	9.9750378014E-01	9.9754395986E-01	9.9754395986E-01	9.9754387313E-01	7.1489487239E-01	7.1598333648E-01	7.4483618893E-01	7.4792189918E-01	7.4562963491E-01	9.9703113963E-01	9.9703485545E-01	9.9595202237E-01	9.9597690171E-01	9.9595841955E-01	9.8800399202E-01	9.7800399202E-01	5.1734524017E84	0.0000000000E00	9.9195768644E-01	9.6302764290E82	9.9195720689E-01	9.8343204601E-01	9.9195867952E-01	9.8343367952E-01	9.9300399202E-01	
OIS Spot Rate Single-Curve	3.0894843377E-01	3.1998131418E-01	4.2317469624E-01	4.1438834299E-01	4.1099634312E-01	4.1593962703E-01	3.6233405129E-01	3.6388909799E-01	3.6388909799E-01	3.8644094195E-01	2.7955820655E-02	2.7943553535E-02	2.7043235228E-02	2.6910326320E-02	2.8787339018E-02	2.7617565263E-02	2.7617565263E-02	2.7300456733E-02	4.2895434703E-01	4.1074346669E-01	3.5212778143E-01	3.6514262481E-01	3.7531672598E-01	7.3985722078E-02	7.1186115249E-02	9.5831674195E-02	9.3023325526E-02	1.0069052370E-01	1.2502168327E-01	3.2246319331E-01	5.1734524017E84	9.9195768644E-01	0.0000000000E00	9.6302764290E82	2.0231618257E-04	1.9388447189E-02	3.4906014266E-04	1.9416993791E-02	1.5987524142E-01	
Numeraire Multi-Curve	9.6302764290E82	9.6302764290E82	9.6302764290E82	9.6302764290E82	9.6302764290E82	9.6302764290E82	9.6302764290E82	9.6302764290E82	9.6302764290E82	9.6302764290E82	9.6302764290E82	9.6302764290E82	9.6302764290E82	9.6302764290E82	9.6302764290E82	9.6302764290E82	9.6302764290E82	9.6302764290E82	9.6302764290E82	9.6302764290E82	9.6302764290E82	9.6302764290E82	9.6302764290E82	9.6302764290E82	9.6302764290E82	9.6302764290E82	9.6302764290E82	9.6302764290E82	9.6302764290E82	9.6302764290E82	5.0771496374E84	9.6302764290E82	9.6302764290E82	0.0000000000E00	9.6302764290E82	9.6302764290E82	9.6302764290E82	9.6302764290E82	9.6302764290E82	
OIS Spot Rate Multi-Curve	3.0894568459E-01	3.1997856500E-01	4.2297238006E-01	4.1455108566E-01	4.1083634525E-01	4.1605262604E-01	3.6249679396E-01	3.6405184066E-01	3.6405184066E-01	3.8660368462E-01	2.7793077987E-02	2.7799454389E-02	2.6880492560E-02	2.6747583652E-02	2.8624596350E-02	2.7454822595E-02	2.7454822595E-02	2.7137714064E-02	4.2898190155E-01	4.1077102121E-01	3.5210338694E-01	3.6511823032E-01	3.7534428050E-01	7.3965273708E-02	7.1165666879E-02	9.5811225825E-02	9.3002877156E-02	1.0067007533E-01	1.2503798409E-01	3.2245168409E-01	5.1734524017E84	9.9195720689E-01	2.0231618257E-04	9.6302764290E82	0.0000000000E00	1.9398780655E-02	3.4628258293E-04	1.9427327256E-02	1.6003798409E-01	
LIBOR Spot Rate Multi-Curve	2.9494564710E-01	3.0597852752E-01	4.1176579326E-01	4.0949908977E-01	4.0184274064E-01	4.1100063015E-01	3.5744479807E-01	3.5899984477E-01	3.5899984477E-01	3.8155168872E-01	3.9289097123E-02	3.9316191060E-02	3.6271273495E-02	3.6678765606E-02	3.7741618010E-02	3.7645455962E-02	3.7645455962E-02	3.6764420943E-02	4.2139543654E-01	4.0318455620E-01	3.4653073400E-01	3.5954557738E-01	3.6818611927E-01	6.2163449861E-02	5.9648706733E-02	8.0701410907E-02	7.7893062238E-02	8.5773129114E-02	1.1998598819E-01	3.0498987260E-01	5.1734524017E84	9.8343204601E-01	1.9388447189E-02	9.6302764290E82	1.9398780655E-02	0.0000000000E00	1.9376545991E-02	3.9294893621E-04	1.5498598819E-01	
OIS Forward Rate Multi-Curve	3.0895353202E-01	3.1998641243E-01	4.2283593140E-01	4.1446399443E-01	4.1064728298E-01	4.1596553481E-01	3.6240970273E-01	3.6396474943E-01	3.6396474943E-01	3.8651659339E-01	2.7880169216E-02	2.7867902097E-02	2.6967583789E-02	2.6834674882E-02	2.8711687579E-02	2.7541913824E-02	2.7541913824E-02	2.7224805294E-02	4.2868772146E-01	4.1047684112E-01	3.5206641562E-01	3.6508125900E-01	3.7505010041E-01	7.3708831918E-02	7.0909225089E-02	9.5554784035E-02	9.2746435366E-02	1.0041363354E-01	1.2496031746E-01	3.2246250000E-01	5.1734524017E84	9.9195867952E-01	3.4906014266E-04	9.6302764290E82	3.4628258293E-04	1.9376545991E-02	0.0000000000E00	1.9405092593E-02	1.5995089286E-01	
LIBOR Forward Rate Multi-Curve	2.9495353202E-01	3.0598641243E-01	4.1139896864E-01	4.0953185157E-01	4.0151162388E-01	4.1103339196E-01	3.5747755987E-01	3.5903260658E-01	3.5903260658E-01	3.8158445053E-01	3.9393841720E-02	3.9480997725E-02	3.6377005712E-02	3.6807665910E-02	3.7892425628E-02	3.7843024288E-02	3.7843024288E-02	3.6951876404E-02	4.2109533769E-01	4.0285343944E-01	3.4643202409E-01	3.5944686747E-01	3.6808740936E-01	6.1867887131E-02	5.9353144002E-02	8.0554784035E-02	7.7746435366E-02	8.5477566383E-02	1.2001875000E-01	3.0500000000E-01	5.1734524017E84	9.8343367952E-01	1.9416993791E-02	9.6302764290E82	1.9427327256E-02	3.9294893621E-04	1.9405092593E-02	0.0000000000E00	1.5501875000E-01	
Time	3.0186982720E-01	3.1279637296E-01	3.4512736725E-01	3.4152170379E-01	3.1915869071E-01	2.9260286521E-01	2.7786143244E-01	2.5354442458E-01	2.5354442458E-01	2.8623817605E-01	1.8783106207E-01	1.8781879495E-01	1.8691847665E-01	1.8678556774E-01	1.8866258044E-01	1.8749280668E-01	1.8749280668E-01	1.8717569815E-01	3.7868081002E-01	3.7390587573E-01	2.9257772309E-01	2.8983863232E-01	2.9693834317E-01	1.7486525650E-01	1.7532610177E-01	1.7332728015E-01	1.7287466887E-01	1.7258101630E-01	6.5000000000E-02	2.9500000000E-01	5.1734524017E84	9.9300399202E-01	1.5987524142E-01	9.6302764290E82	1.6003798409E-01	1.5498598819E-01	1.5995089286E-01	1.5501875000E-01	0.0000000000E00	
