	Target (OIS)	Target (LIBOR)	Caplet Vola Analytic Single-Curve	Caplet Vola Monte-Carlo Single-Curve	Caplet Vola Analytic Multi-Curve Fenton-Wilkinson	Caplet Vola Analytic Multi-Curve Ju	Caplet Vola Analytic Multi-Curve Ho	Caplet Vola Analytic Multi-Curve Drift-Freeze	Caplet Vola Analytic Multi-Curve Integrated-Expectation	Caplet Vola Monte-Carlo Multi-Curve	Caplet Value Analytic Single-Curve	Caplet Value Monte-Carlo Single-Curve	Caplet Value Analytic Multi-Curve Fenton-Wilkinson	Caplet Value Analytic Multi-Curve Ju	Caplet Value Analytic Multi-Curve Ho	Caplet Value Analytic Multi-Curve Drift-Freeze	Caplet Value Analytic Multi-Curve Integrated-Expectation	Caplet Value Monte-Carlo Multi-Curve	Swaption Vola Analytic Single-Curve	Swaption Vola Monte-Carlo Single-Curve	Swaption Vola Analytic Multi-Curve Drift-Freeze	Swaption Vola Analytic Multi-Curve Integrated-Expectation	Swaption Vola Monte-Carlo Multi-Curve	Swaption Value Analytic Single-Curve	Swaption Value Monte-Carlo Single-Curve	Swaption Value Analytic Multi-Curve Drift-Freeze	Swaption Value Analytic Multi-Curve Integrated-Expectation	Swaption Value Monte-Carlo Multi-Curve	Swaption Exercise Date	Swaption Number Of Periods	Numeraire Single-Curve	Discount Single-Curve	OIS Spot Rate Single-Curve	Numeraire Multi-Curve	OIS Spot Rate Multi-Curve	LIBOR Spot Rate Multi-Curve	OIS Forward Rate Multi-Curve	LIBOR Forward Rate Multi-Curve	Time
Target (OIS)	0.0000000000E00	4.4066718013E-02	8.4581165946E-01	8.5586639922E-01	8.5140087466E-01	9.0057414767E-01	7.5678132081E-01	7.8581013805E-01	7.8581013805E-01	8.2233925651E-01	2.5379417016E00	2.5385621948E00	2.5068553323E00	2.5093744706E00	2.5191385458E00	2.5175610432E00	2.5175610432E00	2.5119458582E00	8.9001679261E-01	8.4518179915E-01	7.5346649612E-01	8.0427773118E-01	8.0647697103E-01	2.0974724605E00	2.1051202268E00	1.9896262854E00	1.9954623878E00	1.9720914707E00	2.0054266043E00	1.5014567980E00	7.7998440423E01	1.2943447396E00	2.2659546014E00	7.7998439607E01	2.2658010478E00	2.0595816676E00	2.2647961638E00	2.0587363934E00	1.7406487295E00	
Target (LIBOR)	4.4066718013E-02	0.0000000000E00	8.1726485580E-01	8.2696675609E-01	8.2180092034E-01	8.6974268641E-01	7.2678183176E-01	7.5446644447E-01	7.5446644447E-01	7.9196527207E-01	2.5399675428E00	2.5405682450E00	2.5098721979E00	2.5123120896E00	2.5217689357E00	2.5202406684E00	2.5202406684E00	2.5148024145E00	8.6036634860E-01	8.1569501681E-01	7.2169199414E-01	7.7155204733E-01	7.7481642845E-01	2.1105117815E00	2.1182371239E00	2.0041026180E00	2.0098165294E00	1.9869180303E00	2.0213117862E00	1.5227253054E00	7.7998440423E01	1.2649198515E00	2.2758336997E00	7.7998439607E01	2.2756842300E00	2.0749572215E00	2.2747052547E00	2.0741298056E00	1.7604504238E00	
Caplet Vola Analytic Single-Curve	8.4581165946E-01	8.1726485580E-01	0.0000000000E00	2.7207342274E-02	9.9329033326E-02	1.3825241255E-01	1.7717752710E-01	2.6697054178E-01	2.6697054178E-01	1.5266230204E-01	2.1642494554E00	2.1652543811E00	2.1421981386E00	2.1441413388E00	2.1573713970E00	2.1534667594E00	2.1534667594E00	2.1473509055E00	2.4657522208E-01	2.4071922239E-01	4.2522540623E-01	4.4617095086E-01	3.8402811665E-01	1.9451158555E00	1.9512012329E00	1.8824617434E00	1.8854638735E00	1.8658735075E00	1.6716212091E00	1.6075785196E00	7.7998440423E01	1.2207518973E00	1.9439233064E00	7.7998439607E01	1.9429222942E00	1.8337048904E00	1.9417250047E00	1.8315605027E00	1.3546562234E00	
Caplet Vola Monte-Carlo Single-Curve	8.5586639922E-01	8.2696675609E-01	2.7207342274E-02	0.0000000000E00	9.6975995845E-02	1.3445819962E-01	1.6903644123E-01	2.4788626704E-01	2.4788626704E-01	1.4492725337E-01	2.1603601817E00	2.1606327596E00	2.1446862819E00	2.1451593827E00	2.1592546977E00	2.1524702643E00	2.1524702643E00	2.1481816253E00	2.4685231701E-01	2.4093255195E-01	4.0120960877E-01	4.2218637422E-01	3.6025439028E-01	1.9209691717E00	1.9269077363E00	1.8622864412E00	1.8635508388E00	1.8483228273E00	1.6685101330E00	1.5881954163E00	7.7998440423E01	1.2254497213E00	1.9263765193E00	7.7998439607E01	1.9270611588E00	1.8447914394E00	1.9260836113E00	1.8444186523E00	1.3542077764E00	
Caplet Vola Analytic Multi-Curve Fenton-Wilkinson	8.5140087466E-01	8.2180092034E-01	9.9329033326E-02	9.6975995845E-02	0.0000000000E00	7.1021331104E-02	1.3909805850E-01	2.2797846382E-01	2.2797846382E-01	9.5769453050E-02	2.2275988769E00	2.2286446776E00	2.2064500920E00	2.2077216988E00	2.2226107663E00	2.2172400663E00	2.2172400663E00	2.2116437773E00	3.2899214223E-01	3.2067336656E-01	3.9410729080E-01	4.1953789293E-01	3.5083236873E-01	1.9923994445E00	1.9989067819E00	1.9253933039E00	1.9286217716E00	1.9077305522E00	1.6670088917E00	1.6326322437E00	7.7998440423E01	1.2691060536E00	1.9886959362E00	7.7998439607E01	1.9878445457E00	1.8819098022E00	1.9863150156E00	1.8798077733E00	1.3093883654E00	
Caplet Vola Analytic Multi-Curve Ju	9.0057414767E-01	8.6974268641E-01	1.3825241255E-01	1.3445819962E-01	7.1021331104E-02	0.0000000000E00	1.4796074650E-01	1.8043270970E-01	1.8043270970E-01	9.7240034916E-02	2.3328702446E00	2.3331921705E00	2.3150431283E00	2.3156477355E00	2.3312376568E00	2.3238446296E00	2.3238446296E00	2.3189954170E00	3.4627170946E-01	3.3803088403E-01	3.7159931562E-01	3.9735817767E-01	3.1717103317E-01	2.0702564137E00	2.0774697530E00	2.0070545775E00	2.0086716646E00	1.9912697769E00	1.5958046842E00	1.6958211771E00	7.7998440423E01	1.2838453228E00	2.0733187881E00	7.7998439607E01	2.0737990767E00	1.9809326702E00	2.0727041432E00	1.9804927606E00	1.2309986941E00	
Caplet Vola Analytic Multi-Curve Ho	7.5678132081E-01	7.2678183176E-01	1.7717752710E-01	1.6903644123E-01	1.3909805850E-01	1.4796074650E-01	0.0000000000E00	9.4173646861E-02	9.4173646861E-02	6.7427081856E-02	2.1852259694E00	2.1855428523E00	2.1671225941E00	2.1676780070E00	2.1838910426E00	2.1761023077E00	2.1761023077E00	2.1711541803E00	3.6440088824E-01	3.5612838180E-01	2.6500451219E-01	2.9109325891E-01	2.2394314538E-01	1.9209268541E00	1.9281807491E00	1.8584034839E00	1.8598221297E00	1.8426928985E00	1.5784689873E00	1.5553535004E00	7.7998440423E01	1.3099435855E00	1.9174976789E00	7.7998439607E01	1.9182774405E00	1.8253287037E00	1.9171676313E00	1.8249123721E00	1.2292465879E00	
Caplet Vola Analytic Multi-Curve Drift-Freeze	7.8581013805E-01	7.5446644447E-01	2.6697054178E-01	2.4788626704E-01	2.2797846382E-01	1.8043270970E-01	9.4173646861E-02	0.0000000000E00	0.0000000000E00	1.3731672625E-01	2.3114945008E00	2.3118518409E00	2.2916344925E00	2.2922979024E00	2.3097243754E00	2.3014432072E00	2.3014432072E00	2.2960382692E00	3.7864322099E-01	3.7034602746E-01	2.0052615726E-01	2.2698993944E-01	1.8007554201E-01	2.0021158995E00	2.0099363544E00	1.9342562484E00	1.9358961311E00	1.9173049332E00	1.5043574029E00	1.6071413777E00	7.7998440423E01	1.3303027843E00	2.0229751069E00	7.7998439607E01	2.0237895377E00	1.9224462880E00	2.0225862017E00	1.9219771518E00	1.1686319201E00	
Caplet Vola Analytic Multi-Curve Integrated-Expectation	7.8581013805E-01	7.5446644447E-01	2.6697054178E-01	2.4788626704E-01	2.2797846382E-01	1.8043270970E-01	9.4173646861E-02	0.0000000000E00	0.0000000000E00	1.3731672625E-01	2.3114945008E00	2.3118518409E00	2.2916344925E00	2.2922979024E00	2.3097243754E00	2.3014432072E00	2.3014432072E00	2.2960382692E00	3.7864322099E-01	3.7034602746E-01	2.0052615726E-01	2.2698993944E-01	1.8007554201E-01	2.0021158995E00	2.0099363544E00	1.9342562484E00	1.9358961311E00	1.9173049332E00	1.5043574029E00	1.6071413777E00	7.7998440423E01	1.3303027843E00	2.0229751069E00	7.7998439607E01	2.0237895377E00	1.9224462880E00	2.0225862017E00	1.9219771518E00	1.1686319201E00	
Caplet Vola Monte-Carlo Multi-Curve	8.2233925651E-01	7.9196527207E-01	1.5266230204E-01	1.4492725337E-01	9.5769453050E-02	9.7240034916E-02	6.7427081856E-02	1.3731672625E-01	1.3731672625E-01	0.0000000000E00	2.2516042108E00	2.2519230895E00	2.2336489628E00	2.2342266426E00	2.2501324173E00	2.2425360956E00	2.2425360956E00	2.2376393231E00	3.5309646040E-01	3.4480408556E-01	3.0418931931E-01	3.3006593239E-01	2.6211137739E-01	1.9682739554E00	1.9754524350E00	1.9060486787E00	1.9075212727E00	1.8904403464E00	1.5968102359E00	1.6023957407E00	7.7998440423E01	1.2977806248E00	1.9878327561E00	7.7998439607E01	1.9885877896E00	1.8957572115E00	1.9874859064E00	1.8953302236E00	1.2365392966E00	
Caplet Value Analytic Single-Curve	2.5379417016E00	2.5399675428E00	2.1642494554E00	2.1603601817E00	2.2275988769E00	2.3328702446E00	2.1852259694E00	2.3114945008E00	2.3114945008E00	2.2516042108E00	0.0000000000E00	2.7518751573E-02	5.0161255365E-01	4.3042041163E-01	3.8577821491E-01	3.3969434939E-01	3.3969434939E-01	4.2499701074E-01	2.2396414822E00	2.2004321910E00	2.3242275648E00	2.4303121474E00	2.3461093229E00	3.9190475269E00	3.8981362215E00	3.8344195786E00	3.7930113247E00	3.8258070289E00	4.4734011603E00	4.8930019058E00	7.7998440423E01	2.3955378188E00	1.8057334939E00	7.7998439607E01	1.7942912813E00	1.7583210208E00	1.7925117367E00	1.7580811505E00	3.5735255910E00	
Caplet Value Monte-Carlo Single-Curve	2.5385621948E00	2.5405682450E00	2.1652543811E00	2.1606327596E00	2.2286446776E00	2.3331921705E00	2.1855428523E00	2.3118518409E00	2.3118518409E00	2.2519230895E00	2.7518751573E-02	0.0000000000E00	5.2169712185E-01	4.4495207260E-01	3.9140657490E-01	3.4365808260E-01	3.4365808260E-01	4.3050456169E-01	2.2404804707E00	2.2012845576E00	2.3249079115E00	2.4310206630E00	2.3471248682E00	3.9290447276E00	3.9083118947E00	3.8421856219E00	3.8008357509E00	3.8332447966E00	4.4771712480E00	4.8953141465E00	7.7998440423E01	2.3957185345E00	1.8086220809E00	7.7998439607E01	1.7983611048E00	1.7620182280E00	1.7953600877E00	1.7644519158E00	3.5754355367E00	
Caplet Value Analytic Multi-Curve Fenton-Wilkinson	2.5068553323E00	2.5098721979E00	2.1421981386E00	2.1446862819E00	2.2064500920E00	2.3150431283E00	2.1671225941E00	2.2916344925E00	2.2916344925E00	2.2336489628E00	5.0161255365E-01	5.2169712185E-01	0.0000000000E00	7.2833576429E-02	2.8555830690E-01	2.3572390134E-01	2.3572390134E-01	9.7318653855E-02	2.2206675710E00	2.1812275958E00	2.3026595133E00	2.4078101970E00	2.3229470998E00	3.6760751848E00	3.6512568126E00	3.6140581650E00	3.5712801077E00	3.6145004302E00	4.3115434824E00	4.7890990290E00	7.7998440423E01	2.3886807116E00	1.6337769471E00	7.7998439607E01	1.6231579880E00	1.5490246680E00	1.6221515175E00	1.5493960982E00	3.4851572474E00	
Caplet Value Analytic Multi-Curve Ju	2.5093744706E00	2.5123120896E00	2.1441413388E00	2.1451593827E00	2.2077216988E00	2.3156477355E00	2.1676780070E00	2.2922979024E00	2.2922979024E00	2.2342266426E00	4.3042041163E-01	4.4495207260E-01	7.2833576429E-02	0.0000000000E00	2.9365366466E-01	1.7467108850E-01	1.7467108850E-01	7.8111052025E-02	2.2215677234E00	2.1821274899E00	2.3034132857E00	2.4086416277E00	2.3240783580E00	3.6977040736E00	3.6732089630E00	3.6412180469E00	3.5986368565E00	3.6405760383E00	4.3209360069E00	4.7986005704E00	7.7998440423E01	2.3893007500E00	1.6363599953E00	7.7998439607E01	1.6256704915E00	1.5736418196E00	1.6246477499E00	1.5749403133E00	3.4896640173E00	
Caplet Value Analytic Multi-Curve Ho	2.5191385458E00	2.5217689357E00	2.1573713970E00	2.1592546977E00	2.2226107663E00	2.3312376568E00	2.1838910426E00	2.3097243754E00	2.3097243754E00	2.2501324173E00	3.8577821491E-01	3.9140657490E-01	2.8555830690E-01	2.9365366466E-01	0.0000000000E00	1.8846104576E-01	1.8846104576E-01	2.2983595140E-01	2.2361534206E00	2.1969591801E00	2.3217033267E00	2.4274396854E00	2.3416673993E00	3.8325138196E00	3.8102686774E00	3.7345239499E00	3.6924891083E00	3.7300894910E00	4.4341532438E00	4.8337178257E00	7.7998440423E01	2.3920170685E00	1.8024054334E00	7.7998439607E01	1.7913157025E00	1.6528265336E00	1.7896023630E00	1.6548920703E00	3.5561983806E00	
Caplet Value Analytic Multi-Curve Drift-Freeze	2.5175610432E00	2.5202406684E00	2.1534667594E00	2.1524702643E00	2.2172400663E00	2.3238446296E00	2.1761023077E00	2.3014432072E00	2.3014432072E00	2.2425360956E00	3.3969434939E-01	3.4365808260E-01	2.3572390134E-01	1.7467108850E-01	1.8846104576E-01	0.0000000000E00	0.0000000000E00	1.4189036763E-01	2.2303698874E00	2.1910613685E00	2.3134163196E00	2.4189943970E00	2.3347420958E00	3.7945590730E00	3.7716451325E00	3.7185803766E00	3.6764812228E00	3.7148041967E00	4.3872994727E00	4.8285523994E00	7.7998440423E01	2.3915200871E00	1.7180356392E00	7.7998439607E01	1.7070593539E00	1.6411793270E00	1.7056907593E00	1.6453003005E00	3.5272699019E00	
Caplet Value Analytic Multi-Curve Integrated-Expectation	2.5175610432E00	2.5202406684E00	2.1534667594E00	2.1524702643E00	2.2172400663E00	2.3238446296E00	2.1761023077E00	2.3014432072E00	2.3014432072E00	2.2425360956E00	3.3969434939E-01	3.4365808260E-01	2.3572390134E-01	1.7467108850E-01	1.8846104576E-01	0.0000000000E00	0.0000000000E00	1.4189036763E-01	2.2303698874E00	2.1910613685E00	2.3134163196E00	2.4189943970E00	2.3347420958E00	3.7945590730E00	3.7716451325E00	3.7185803766E00	3.6764812228E00	3.7148041967E00	4.3872994727E00	4.8285523994E00	7.7998440423E01	2.3915200871E00	1.7180356392E00	7.7998439607E01	1.7070593539E00	1.6411793270E00	1.7056907593E00	1.6453003005E00	3.5272699019E00	
Caplet Value Monte-Carlo Multi-Curve	2.5119458582E00	2.5148024145E00	2.1473509055E00	2.1481816253E00	2.2116437773E00	2.3189954170E00	2.1711541803E00	2.2960382692E00	2.2960382692E00	2.2376393231E00	4.2499701074E-01	4.3050456169E-01	9.7318653855E-02	7.8111052025E-02	2.2983595140E-01	1.4189036763E-01	1.4189036763E-01	0.0000000000E00	2.2253781629E00	2.1860052163E00	2.3077457818E00	2.4130913571E00	2.3286622805E00	3.7295771646E00	3.7056104133E00	3.6591021763E00	3.6166016028E00	3.6577408899E00	4.3453785364E00	4.8069275657E00	7.7998440423E01	2.3900167066E00	1.6710380538E00	7.7998439607E01	1.6602610143E00	1.5846465157E00	1.6590967195E00	1.5884384929E00	3.5040105933E00	
Swaption Vola Analytic Single-Curve	8.9001679261E-01	8.6036634860E-01	2.4657522208E-01	2.4685231701E-01	3.2899214223E-01	3.4627170946E-01	3.6440088824E-01	3.7864322099E-01	3.7864322099E-01	3.5309646040E-01	2.2396414822E00	2.2404804707E00	2.2206675710E00	2.2215677234E00	2.2361534206E00	2.2303698874E00	2.2303698874E00	2.2253781629E00	0.0000000000E00	4.6470816128E-02	2.6616493534E-01	2.8045609954E-01	2.3413297297E-01	2.0053085825E00	2.0119082478E00	1.9434232518E00	1.9455086749E00	1.9260646706E00	1.6793657281E00	1.6582141288E00	7.7998440423E01	1.1622256546E00	2.0038372350E00	7.7998439607E01	2.0038908161E00	1.9073757423E00	2.0019184632E00	1.9054772432E00	1.5078078379E00	
Swaption Vola Monte-Carlo Single-Curve	8.4518179915E-01	8.1569501681E-01	2.4071922239E-01	2.4093255195E-01	3.2067336656E-01	3.3803088403E-01	3.5612838180E-01	3.7034602746E-01	3.7034602746E-01	3.4480408556E-01	2.2004321910E00	2.2012845576E00	2.1812275958E00	2.1821274899E00	2.1969591801E00	2.1910613685E00	2.1910613685E00	2.1860052163E00	4.6470816128E-02	0.0000000000E00	2.3848858438E-01	2.4776149627E-01	2.2043216383E-01	1.9647533694E00	1.9713988246E00	1.9026469273E00	1.9047029807E00	1.8851735665E00	1.6868475381E00	1.6182518509E00	7.7998440423E01	1.1728542887E00	1.9613357151E00	7.7998439607E01	1.9613921139E00	1.8641506739E00	1.9593889936E00	1.8620805441E00	1.5168569962E00	
Swaption Vola Analytic Multi-Curve Drift-Freeze	7.5346649612E-01	7.2169199414E-01	4.2522540623E-01	4.0120960877E-01	3.9410729080E-01	3.7159931562E-01	2.6500451219E-01	2.0052615726E-01	2.0052615726E-01	3.0418931931E-01	2.3242275648E00	2.3249079115E00	2.3026595133E00	2.3034132857E00	2.3217033267E00	2.3134163196E00	2.3134163196E00	2.3077457818E00	2.6616493534E-01	2.3848858438E-01	0.0000000000E00	4.0675005078E-02	1.1213906630E-01	2.0251393758E00	2.0332835384E00	1.9543897323E00	1.9561248838E00	1.9367568254E00	1.5720137697E00	1.6151762442E00	7.7998440423E01	1.2957343428E00	2.0261090250E00	7.7998439607E01	2.0258750969E00	1.9181582847E00	2.0249171581E00	1.9169473575E00	1.3874447956E00	
Swaption Vola Analytic Multi-Curve Integrated-Expectation	8.0427773118E-01	7.7155204733E-01	4.4617095086E-01	4.2218637422E-01	4.1953789293E-01	3.9735817767E-01	2.9109325891E-01	2.2698993944E-01	2.2698993944E-01	3.3006593239E-01	2.4303121474E00	2.4310206630E00	2.4078101970E00	2.4086416277E00	2.4274396854E00	2.4189943970E00	2.4189943970E00	2.4130913571E00	2.8045609954E-01	2.4776149627E-01	4.0675005078E-02	0.0000000000E00	1.2205104477E-01	2.1164948874E00	2.1249753029E00	2.0422226391E00	2.0441615513E00	2.0238013101E00	1.5723146693E00	1.6856313890E00	7.7998440423E01	1.3051412509E00	2.1227226762E00	7.7998439607E01	2.1224818210E00	2.0099916625E00	2.1214780718E00	2.0087365565E00	1.3861489789E00	
Swaption Vola Monte-Carlo Multi-Curve	8.0647697103E-01	7.7481642845E-01	3.8402811665E-01	3.6025439028E-01	3.5083236873E-01	3.1717103317E-01	2.2394314538E-01	1.8007554201E-01	1.8007554201E-01	2.6211137739E-01	2.3461093229E00	2.3471248682E00	2.3229470998E00	2.3240783580E00	2.3416673993E00	2.3347420958E00	2.3347420958E00	2.3286622805E00	2.3413297297E-01	2.2043216383E-01	1.1213906630E-01	1.2205104477E-01	0.0000000000E00	2.0613255623E00	2.0691817297E00	1.9877291557E00	1.9902436464E00	1.9672722054E00	1.5297782069E00	1.6565250095E00	7.7998440423E01	1.2789493030E00	2.0626367561E00	7.7998439607E01	2.0626971975E00	1.9499044215E00	2.0603562968E00	1.9487353110E00	1.3556363687E00	
Swaption Value Analytic Single-Curve	2.0974724605E00	2.1105117815E00	1.9451158555E00	1.9209691717E00	1.9923994445E00	2.0702564137E00	1.9209268541E00	2.0021158995E00	2.0021158995E00	1.9682739554E00	3.9190475269E00	3.9290447276E00	3.6760751848E00	3.6977040736E00	3.8325138196E00	3.7945590730E00	3.7945590730E00	3.7295771646E00	2.0053085825E00	1.9647533694E00	2.0251393758E00	2.1164948874E00	2.0613255623E00	0.0000000000E00	6.2083326123E-02	4.2447648444E-01	3.9890371296E-01	5.0860001788E-01	2.6627556393E00	3.2758356838E00	7.7998440423E01	2.2827707110E00	2.0711782779E00	7.7998439607E01	2.0701406766E00	1.4597660168E00	2.0592768237E00	1.4506919212E00	2.4019392486E00	
Swaption Value Monte-Carlo Single-Curve	2.1051202268E00	2.1182371239E00	1.9512012329E00	1.9269077363E00	1.9989067819E00	2.0774697530E00	1.9281807491E00	2.0099363544E00	2.0099363544E00	1.9754524350E00	3.8981362215E00	3.9083118947E00	3.6512568126E00	3.6732089630E00	3.8102686774E00	3.7716451325E00	3.7716451325E00	3.7056104133E00	2.0119082478E00	1.9713988246E00	2.0332835384E00	2.1249753029E00	2.0691817297E00	6.2083326123E-02	0.0000000000E00	4.8365800273E-01	4.4471877883E-01	5.6417130551E-01	2.6964567689E00	3.3076248105E00	7.7998440423E01	2.2854429294E00	2.0216144416E00	7.7998439607E01	2.0205731391E00	1.4176596698E00	2.0096424084E00	1.4085385342E00	2.4252273718E00	
Swaption Value Analytic Multi-Curve Drift-Freeze	1.9896262854E00	2.0041026180E00	1.8824617434E00	1.8622864412E00	1.9253933039E00	2.0070545775E00	1.8584034839E00	1.9342562484E00	1.9342562484E00	1.9060486787E00	3.8344195786E00	3.8421856219E00	3.6140581650E00	3.6412180469E00	3.7345239499E00	3.7185803766E00	3.7185803766E00	3.6591021763E00	1.9434232518E00	1.9026469273E00	1.9543897323E00	2.0422226391E00	1.9877291557E00	4.2447648444E-01	4.8365800273E-01	0.0000000000E00	5.5590722332E-02	1.1322093893E-01	2.3782246608E00	2.9322209328E00	7.7998440423E01	2.2500991767E00	2.3045434260E00	7.7998439607E01	2.3036070350E00	1.6657748745E00	2.2939135621E00	1.6606016424E00	2.2033893272E00	
Swaption Value Analytic Multi-Curve Integrated-Expectation	1.9954623878E00	2.0098165294E00	1.8854638735E00	1.8635508388E00	1.9286217716E00	2.0086716646E00	1.8598221297E00	1.9358961311E00	1.9358961311E00	1.9075212727E00	3.7930113247E00	3.8008357509E00	3.5712801077E00	3.5986368565E00	3.6924891083E00	3.6764812228E00	3.6764812228E00	3.6166016028E00	1.9455086749E00	1.9047029807E00	1.9561248838E00	2.0441615513E00	1.9902436464E00	3.9890371296E-01	4.4471877883E-01	5.5590722332E-02	0.0000000000E00	1.6100614542E-01	2.3865349500E00	2.9487978964E00	7.7998440423E01	2.2521881869E00	2.2587089176E00	7.7998439607E01	2.2577723761E00	1.6211759559E00	2.2480560976E00	1.6160178219E00	2.2088536697E00	
Swaption Value Monte-Carlo Multi-Curve	1.9720914707E00	1.9869180303E00	1.8658735075E00	1.8483228273E00	1.9077305522E00	1.9912697769E00	1.8426928985E00	1.9173049332E00	1.9173049332E00	1.8904403464E00	3.8258070289E00	3.8332447966E00	3.6145004302E00	3.6405760383E00	3.7300894910E00	3.7148041967E00	3.7148041967E00	3.6577408899E00	1.9260646706E00	1.8851735665E00	1.9367568254E00	2.0238013101E00	1.9672722054E00	5.0860001788E-01	5.6417130551E-01	1.1322093893E-01	1.6100614542E-01	0.0000000000E00	2.3143708194E00	2.8875567089E00	7.7998440423E01	2.2433206364E00	2.3457798620E00	7.7998439607E01	2.3448649948E00	1.7227988354E00	2.3354123177E00	1.7147053581E00	2.1571480649E00	
Swaption Exercise Date	2.0054266043E00	2.0213117862E00	1.6716212091E00	1.6685101330E00	1.6670088917E00	1.5958046842E00	1.5784689873E00	1.5043574029E00	1.5043574029E00	1.5968102359E00	4.4734011603E00	4.4771712480E00	4.3115434824E00	4.3209360069E00	4.4341532438E00	4.3872994727E00	4.3872994727E00	4.3453785364E00	1.6793657281E00	1.6868475381E00	1.5720137697E00	1.5723146693E00	1.5297782069E00	2.6627556393E00	2.6964567689E00	2.3782246608E00	2.3865349500E00	2.3143708194E00	0.0000000000E00	3.3669064748E00	7.7998440423E01	2.2174210052E00	2.8080608141E00	7.7998439607E01	2.8079207166E00	2.3350211885E00	2.8021515653E00	2.3328155646E00	7.9654359780E-01	
Swaption Number Of Periods	1.5014567980E00	1.5227253054E00	1.6075785196E00	1.5881954163E00	1.6326322437E00	1.6958211771E00	1.5553535004E00	1.6071413777E00	1.6071413777E00	1.6023957407E00	4.8930019058E00	4.8953141465E00	4.7890990290E00	4.7986005704E00	4.8337178257E00	4.8285523994E00	4.8285523994E00	4.8069275657E00	1.6582141288E00	1.6182518509E00	1.6151762442E00	1.6856313890E00	1.6565250095E00	3.2758356838E00	3.3076248105E00	2.9322209328E00	2.9487978964E00	2.8875567089E00	3.3669064748E00	0.0000000000E00	7.7998440423E01	2.0359298265E00	4.0648267665E00	7.7998439607E01	4.0642704603E00	3.5384492998E00	4.0611326302E00	3.5359975525E00	2.5341409692E00	
Numeraire Single-Curve	7.7998440423E01	7.7998440423E01	7.7998440423E01	7.7998440423E01	7.7998440423E01	7.7998440423E01	7.7998440423E01	7.7998440423E01	7.7998440423E01	7.7998440423E01	7.7998440423E01	7.7998440423E01	7.7998440423E01	7.7998440423E01	7.7998440423E01	7.7998440423E01	7.7998440423E01	7.7998440423E01	7.7998440423E01	7.7998440423E01	7.7998440423E01	7.7998440423E01	7.7998440423E01	7.7998440423E01	7.7998440423E01	7.7998440423E01	7.7998440423E01	7.7998440423E01	7.7998440423E01	7.7998440423E01	0.0000000000E00	7.7998440423E01	7.7998440423E01	7.5147656952E01	7.7998440423E01	7.7998440423E01	7.7998440423E01	7.7998440423E01	7.7998440423E01	
Discount Single-Curve	1.2943447396E00	1.2649198515E00	1.2207518973E00	1.2254497213E00	1.2691060536E00	1.2838453228E00	1.3099435855E00	1.3303027843E00	1.3303027843E00	1.2977806248E00	2.3955378188E00	2.3957185345E00	2.3886807116E00	2.3893007500E00	2.3920170685E00	2.3915200871E00	2.3915200871E00	2.3900167066E00	1.1622256546E00	1.1728542887E00	1.2957343428E00	1.3051412509E00	1.2789493030E00	2.2827707110E00	2.2854429294E00	2.2500991767E00	2.2521881869E00	2.2433206364E00	2.2174210052E00	2.0359298265E00	7.7998440423E01	0.0000000000E00	2.3237293847E00	7.7998439607E01	2.3236845689E00	2.2673060536E00	2.3233398967E00	2.2669824942E00	2.1402705730E00	
OIS Spot Rate Single-Curve	2.2659546014E00	2.2758336997E00	1.9439233064E00	1.9263765193E00	1.9886959362E00	2.0733187881E00	1.9174976789E00	2.0229751069E00	2.0229751069E00	1.9878327561E00	1.8057334939E00	1.8086220809E00	1.6337769471E00	1.6363599953E00	1.8024054334E00	1.7180356392E00	1.7180356392E00	1.6710380538E00	2.0038372350E00	1.9613357151E00	2.0261090250E00	2.1227226762E00	2.0626367561E00	2.0711782779E00	2.0216144416E00	2.3045434260E00	2.2587089176E00	2.3457798620E00	2.8080608141E00	4.0648267665E00	7.7998440423E01	2.3237293847E00	0.0000000000E00	7.7998439607E01	7.8272251729E-03	5.9287001370E-01	1.3471131450E-02	5.9260804681E-01	2.5409343482E00	
Numeraire Multi-Curve	7.7998439607E01	7.7998439607E01	7.7998439607E01	7.7998439607E01	7.7998439607E01	7.7998439607E01	7.7998439607E01	7.7998439607E01	7.7998439607E01	7.7998439607E01	7.7998439607E01	7.7998439607E01	7.7998439607E01	7.7998439607E01	7.7998439607E01	7.7998439607E01	7.7998439607E01	7.7998439607E01	7.7998439607E01	7.7998439607E01	7.7998439607E01	7.7998439607E01	7.7998439607E01	7.7998439607E01	7.7998439607E01	7.7998439607E01	7.7998439607E01	7.7998439607E01	7.7998439607E01	7.7998439607E01	7.5147656952E01	7.7998439607E01	7.7998439607E01	0.0000000000E00	7.7998439607E01	7.7998439607E01	7.7998439607E01	7.7998439607E01	7.7998439607E01	
OIS Spot Rate Multi-Curve	2.2658010478E00	2.2756842300E00	1.9429222942E00	1.9270611588E00	1.9878445457E00	2.0737990767E00	1.9182774405E00	2.0237895377E00	2.0237895377E00	1.9885877896E00	1.7942912813E00	1.7983611048E00	1.6231579880E00	1.6256704915E00	1.7913157025E00	1.7070593539E00	1.7070593539E00	1.6602610143E00	2.0038908161E00	1.9613921139E00	2.0258750969E00	2.1224818210E00	2.0626971975E00	2.0701406766E00	2.0205731391E00	2.3036070350E00	2.2577723761E00	2.3448649948E00	2.8079207166E00	4.0642704603E00	7.7998440423E01	2.3236845689E00	7.8272251729E-03	7.7998439607E01	0.0000000000E00	5.9304043749E-01	1.3359799783E-02	5.9277820908E-01	2.5431964197E00	
LIBOR Spot Rate Multi-Curve	2.0595816676E00	2.0749572215E00	1.8337048904E00	1.8447914394E00	1.8819098022E00	1.9809326702E00	1.8253287037E00	1.9224462880E00	1.9224462880E00	1.8957572115E00	1.7583210208E00	1.7620182280E00	1.5490246680E00	1.5736418196E00	1.6528265336E00	1.6411793270E00	1.6411793270E00	1.5846465157E00	1.9073757423E00	1.8641506739E00	1.9181582847E00	2.0099916625E00	1.9499044215E00	1.4597660168E00	1.4176596698E00	1.6657748745E00	1.6211759559E00	1.7227988354E00	2.3350211885E00	3.5384492998E00	7.7998440423E01	2.2673060536E00	5.9287001370E-01	7.7998439607E01	5.9304043749E-01	0.0000000000E00	5.9120463674E-01	9.9158687988E-03	2.2209759079E00	
OIS Forward Rate Multi-Curve	2.2647961638E00	2.2747052547E00	1.9417250047E00	1.9260836113E00	1.9863150156E00	2.0727041432E00	1.9171676313E00	2.0225862017E00	2.0225862017E00	1.9874859064E00	1.7925117367E00	1.7953600877E00	1.6221515175E00	1.6246477499E00	1.7896023630E00	1.7056907593E00	1.7056907593E00	1.6590967195E00	2.0019184632E00	1.9593889936E00	2.0249171581E00	2.1214780718E00	2.0603562968E00	2.0592768237E00	2.0096424084E00	2.2939135621E00	2.2480560976E00	2.3354123177E00	2.8021515653E00	4.0611326302E00	7.7998440423E01	2.3233398967E00	1.3471131450E-02	7.7998439607E01	1.3359799783E-02	5.9120463674E-01	0.0000000000E00	5.9094642038E-01	2.5392314027E00	
LIBOR Forward Rate Multi-Curve	2.0587363934E00	2.0741298056E00	1.8315605027E00	1.8444186523E00	1.8798077733E00	1.9804927606E00	1.8249123721E00	1.9219771518E00	1.9219771518E00	1.8953302236E00	1.7580811505E00	1.7644519158E00	1.5493960982E00	1.5749403133E00	1.6548920703E00	1.6453003005E00	1.6453003005E00	1.5884384929E00	1.9054772432E00	1.8620805441E00	1.9169473575E00	2.0087365565E00	1.9487353110E00	1.4506919212E00	1.4085385342E00	1.6606016424E00	1.6160178219E00	1.7147053581E00	2.3328155646E00	3.5359975525E00	7.7998440423E01	2.2669824942E00	5.9260804681E-01	7.7998439607E01	5.9277820908E-01	9.9158687988E-03	5.9094642038E-01	0.0000000000E00	2.2194535096E00	
Time	1.7406487295E00	1.7604504238E00	1.3546562234E00	1.3542077764E00	1.3093883654E00	1.2309986941E00	1.2292465879E00	1.1686319201E00	1.1686319201E00	1.2365392966E00	3.5735255910E00	3.5754355367E00	3.4851572474E00	3.4896640173E00	3.5561983806E00	3.5272699019E00	3.5272699019E00	3.5040105933E00	1.5078078379E00	1.5168569962E00	1.3874447956E00	1.3861489789E00	1.3556363687E00	2.4019392486E00	2.4252273718E00	2.2033893272E00	2.2088536697E00	2.1571480649E00	7.9654359780E-01	2.5341409692E00	7.7998440423E01	2.1402705730E00	2.5409343482E00	7.7998439607E01	2.5431964197E00	2.2209759079E00	2.5392314027E00	2.2194535096E00	0.0000000000E00	
