	Target (OIS)	Target (LIBOR)	Caplet Vola Analytic Single-Curve	Caplet Vola Monte-Carlo Single-Curve	Caplet Vola Analytic Multi-Curve Fenton-Wilkinson	Caplet Vola Analytic Multi-Curve Ju	Caplet Vola Analytic Multi-Curve Ho	Caplet Vola Analytic Multi-Curve Drift-Freeze	Caplet Vola Analytic Multi-Curve Integrated-Expectation	Caplet Vola Monte-Carlo Multi-Curve	Caplet Value Analytic Single-Curve	Caplet Value Monte-Carlo Single-Curve	Caplet Value Analytic Multi-Curve Fenton-Wilkinson	Caplet Value Analytic Multi-Curve Ju	Caplet Value Analytic Multi-Curve Ho	Caplet Value Analytic Multi-Curve Drift-Freeze	Caplet Value Analytic Multi-Curve Integrated-Expectation	Caplet Value Monte-Carlo Multi-Curve	Swaption Vola Analytic Single-Curve	Swaption Vola Monte-Carlo Single-Curve	Swaption Vola Analytic Multi-Curve Drift-Freeze	Swaption Vola Analytic Multi-Curve Integrated-Expectation	Swaption Vola Monte-Carlo Multi-Curve	Swaption Value Analytic Single-Curve	Swaption Value Monte-Carlo Single-Curve	Swaption Value Analytic Multi-Curve Drift-Freeze	Swaption Value Analytic Multi-Curve Integrated-Expectation	Swaption Value Monte-Carlo Multi-Curve	Swaption Exercise Date	Swaption Number Of Periods	Numeraire Single-Curve	Discount Single-Curve	OIS Spot Rate Single-Curve	Numeraire Multi-Curve	OIS Spot Rate Multi-Curve	LIBOR Spot Rate Multi-Curve	OIS Forward Rate Multi-Curve	LIBOR Forward Rate Multi-Curve	Time
Target (OIS)	0.0000000000E00	2.6101160960E-02	1.7377938274E-01	1.7295069639E-01	1.9011057694E-01	1.9148119060E-01	2.0037125437E-01	1.9404974505E-01	1.9404394621E-01	1.9174691860E-01	4.9170808576E-01	4.9175760162E-01	4.9153693277E-01	4.9154429636E-01	4.9213355240E-01	4.9160671145E-01	4.9160632417E-01	4.9163625752E-01	1.4860380794E-01	1.5099149121E-01	1.7322053506E-01	1.7329839729E-01	1.7418023920E-01	4.5629249016E-01	4.5709043975E-01	4.5556257398E-01	4.5566180478E-01	4.5618219792E-01	4.4646496522E-01	3.6960670619E-01	2.7317612103E83	3.6136751638E-01	4.7515540643E-01	7.0260408445E81	4.7514106647E-01	4.7319177301E-01	4.7504871584E-01	4.7310081517E-01	4.1646752606E-01	
Target (LIBOR)	2.6101160960E-02	0.0000000000E00	1.9077073104E-01	1.9060281296E-01	2.0778315587E-01	2.0915890260E-01	2.1987751532E-01	2.1232197174E-01	2.1231256478E-01	2.1043597791E-01	5.1780872953E-01	5.1785826261E-01	5.1763756890E-01	5.1764493050E-01	5.1823433864E-01	5.1770735861E-01	5.1770697122E-01	5.1773692014E-01	1.6776411191E-01	1.7111627392E-01	1.9368044162E-01	1.9378451142E-01	1.9524245006E-01	4.8232674054E-01	4.8312790338E-01	4.8159531421E-01	4.8169565906E-01	4.8221767741E-01	4.7236885188E-01	3.9505024844E-01	2.7317612103E83	3.3571113090E-01	5.0124760149E-01	7.0260408445E81	5.0123323667E-01	4.9928467091E-01	5.0114073728E-01	4.9919357391E-01	4.4216097139E-01	
Caplet Vola Analytic Single-Curve	1.7377938274E-01	1.9077073104E-01	0.0000000000E00	6.7170046094E-03	1.9354244514E-02	2.0644261669E-02	3.9145235852E-02	2.5952781149E-02	2.5926778664E-02	2.6435150713E-02	4.0897439972E-01	4.0903798704E-01	4.0880806089E-01	4.0881261075E-01	4.0953512435E-01	4.0888327936E-01	4.0888282277E-01	4.0892677008E-01	4.9305353736E-02	5.2250041195E-02	4.8448648959E-02	4.9361091692E-02	5.3511176824E-02	3.6920651385E-01	3.7013637373E-01	3.6847827812E-01	3.6861779143E-01	3.6921994228E-01	3.4869575374E-01	2.9887304410E-01	2.7317612103E83	4.6803271547E-01	3.9009970009E-01	7.0260408445E81	3.9008024152E-01	3.8844863852E-01	3.8995741309E-01	3.8832786675E-01	3.1110151195E-01	
Caplet Vola Monte-Carlo Single-Curve	1.7295069639E-01	1.9060281296E-01	6.7170046094E-03	0.0000000000E00	1.9065394971E-02	2.0413902944E-02	3.5588251169E-02	2.4219642848E-02	2.4202103581E-02	2.3374316331E-02	4.0347991779E-01	4.0354307871E-01	4.0331332164E-01	4.0331795446E-01	4.0403825359E-01	4.0338848618E-01	4.0338803097E-01	4.0343159303E-01	4.6454792554E-02	4.8413388226E-02	4.3552711992E-02	4.4492788497E-02	4.8218290516E-02	3.6381277049E-01	3.6473859964E-01	3.6308479351E-01	3.6322271052E-01	3.6382279556E-01	3.4340034348E-01	2.9330226717E-01	2.7317612103E83	4.7159890632E-01	3.8463367700E-01	7.0260408445E81	3.8461453213E-01	3.8297384178E-01	3.8449252581E-01	3.8285388069E-01	3.0596723629E-01	
Caplet Vola Analytic Multi-Curve Fenton-Wilkinson	1.9011057694E-01	2.0778315587E-01	1.9354244514E-02	1.9065394971E-02	0.0000000000E00	1.7382773679E-03	2.3682149133E-02	8.2575882461E-03	8.2182960454E-03	1.1494685954E-02	3.9670157227E-01	3.9676626883E-01	3.9653677826E-01	3.9654099573E-01	3.9727232143E-01	3.9661203016E-01	3.9661156926E-01	3.9665680104E-01	5.9496247588E-02	6.0375874151E-02	4.9510865279E-02	5.0404160181E-02	5.3522446809E-02	3.5683539879E-01	3.5777020184E-01	3.5611394538E-01	3.5625645616E-01	3.5686166685E-01	3.3534835621E-01	2.8992812081E-01	2.7317612103E83	4.8498127815E-01	3.7773145750E-01	7.0260408445E81	3.7771159675E-01	3.7612205513E-01	3.7758629111E-01	3.7599886317E-01	2.9733287697E-01	
Caplet Vola Analytic Multi-Curve Ju	1.9148119060E-01	2.0915890260E-01	2.0644261669E-02	2.0413902944E-02	1.7382773679E-03	0.0000000000E00	2.3094503326E-02	7.4172945752E-03	7.3756012510E-03	1.1228134373E-02	3.9615198629E-01	3.9621679766E-01	3.9598743311E-01	3.9599158704E-01	3.9672379404E-01	3.9606262103E-01	3.9606215989E-01	3.9610752917E-01	6.0231153946E-02	6.1051683092E-02	4.9741968071E-02	5.0641929357E-02	5.3726308448E-02	3.5627834251E-01	3.5721353913E-01	3.5555779962E-01	3.5570076560E-01	3.5630595930E-01	3.3466469361E-01	2.8965983316E-01	2.7317612103E83	4.8608349647E-01	3.7717672752E-01	7.0260408445E81	3.7715679922E-01	3.7557176615E-01	3.7703124876E-01	3.7544834253E-01	2.9660284190E-01	
Caplet Vola Analytic Multi-Curve Ho	2.0037125437E-01	2.1987751532E-01	3.9145235852E-02	3.5588251169E-02	2.3682149133E-02	2.3094503326E-02	0.0000000000E00	1.6052476961E-02	1.6091605009E-02	1.3471786501E-02	3.7344928131E-01	3.7351404229E-01	3.7328528959E-01	3.7328944451E-01	3.7402065765E-01	3.7336021111E-01	3.7335975178E-01	3.7340515861E-01	6.5320236087E-02	6.2907676297E-02	4.5034060985E-02	4.5820094260E-02	4.6352226937E-02	3.3366854516E-01	3.3460014827E-01	3.3295128252E-01	3.3309268230E-01	3.3369611198E-01	3.1198916172E-01	2.6839501591E-01	2.7317612103E83	5.0593169280E-01	3.5447485274E-01	7.0260408445E81	3.5445502419E-01	3.5287397275E-01	3.5432946315E-01	3.5275050543E-01	2.7397893667E-01	
Caplet Vola Analytic Multi-Curve Drift-Freeze	1.9404974505E-01	2.1232197174E-01	2.5952781149E-02	2.4219642848E-02	8.2575882461E-03	7.4172945752E-03	1.6052476961E-02	0.0000000000E00	4.3142797743E-05	5.5304269918E-03	3.8920818959E-01	3.8927299629E-01	3.8904406945E-01	3.8904817821E-01	3.8977988115E-01	3.8911899763E-01	3.8911853777E-01	3.8916398108E-01	6.0577355354E-02	6.0375116662E-02	4.6798608270E-02	4.7699122164E-02	5.0119640731E-02	3.4939569961E-01	3.5032905565E-01	3.4867717561E-01	3.4881978251E-01	3.4942361776E-01	3.2764530037E-01	2.8334053398E-01	2.7317612103E83	4.9214087131E-01	3.7024189670E-01	7.0260408445E81	3.7022198841E-01	3.6863936883E-01	3.7009637735E-01	3.6851587748E-01	2.8960278380E-01	
Caplet Vola Analytic Multi-Curve Integrated-Expectation	1.9404394621E-01	2.1231256478E-01	2.5926778664E-02	2.4202103581E-02	8.2182960454E-03	7.3756012510E-03	1.6091605009E-02	4.3142797743E-05	0.0000000000E00	5.5589482208E-03	3.8924730750E-01	3.8931211516E-01	3.8908318591E-01	3.8908729467E-01	3.8981900772E-01	3.8915811573E-01	3.8915765586E-01	3.8920309975E-01	6.0582073536E-02	6.0385800296E-02	4.6820847822E-02	4.7721330201E-02	5.0145904078E-02	3.4943433052E-01	3.5036770316E-01	3.4871579853E-01	3.4885841058E-01	3.4946225718E-01	3.2768408363E-01	2.8337800572E-01	2.7317612103E83	4.9211164187E-01	3.7028088914E-01	7.0260408445E81	3.7026098030E-01	3.6867838010E-01	3.7013536763E-01	3.6855488724E-01	2.8964109526E-01	
Caplet Vola Monte-Carlo Multi-Curve	1.9174691860E-01	2.1043597791E-01	2.6435150713E-02	2.3374316331E-02	1.1494685954E-02	1.1228134373E-02	1.3471786501E-02	5.5304269918E-03	5.5589482208E-03	0.0000000000E00	3.8588674159E-01	3.8595113021E-01	3.8572208077E-01	3.8572630083E-01	3.8645560509E-01	3.8579704458E-01	3.8579658584E-01	3.8584153977E-01	5.8056872954E-02	5.7212048243E-02	4.3086369755E-02	4.4003086566E-02	4.6007319443E-02	3.4613609569E-01	3.4706639887E-01	3.4541634674E-01	3.4555737199E-01	3.4615978674E-01	3.2462898293E-01	2.7951508260E-01	2.7317612103E83	4.9314318938E-01	3.6694713471E-01	7.0260408445E81	3.6692733845E-01	3.6533121557E-01	3.6680272852E-01	3.6520871338E-01	2.8674995925E-01	
Caplet Value Analytic Single-Curve	4.9170808576E-01	5.1780872953E-01	4.0897439972E-01	4.0347991779E-01	3.9670157227E-01	3.9615198629E-01	3.7344928131E-01	3.8920818959E-01	3.8924730750E-01	3.8588674159E-01	0.0000000000E00	7.7889259813E-05	1.8327978334E-04	1.7487726955E-04	6.4635295366E-04	1.0500721779E-04	1.0539184908E-04	1.0248395510E-04	4.0234975052E-01	3.9332584996E-01	3.7754159013E-01	3.7724782667E-01	3.7112905498E-01	4.8314592922E-02	4.7174127824E-02	4.9103091910E-02	4.8835369650E-02	4.8183161976E-02	7.2536910063E-02	1.5704695453E-01	2.7317612103E83	8.4954199743E-01	1.9291112017E-02	7.0260408445E81	1.9312394004E-02	2.0753180963E-02	1.9445744666E-02	2.0880558176E-02	1.0963887884E-01	
Caplet Value Monte-Carlo Single-Curve	4.9175760162E-01	5.1785826261E-01	4.0903798704E-01	4.0354307871E-01	3.9676626883E-01	3.9621679766E-01	3.7351404229E-01	3.8927299629E-01	3.8931211516E-01	3.8595113021E-01	7.7889259813E-05	0.0000000000E00	2.4222971431E-04	2.3639080539E-04	5.7504427079E-04	1.6112115766E-04	1.6159409898E-04	1.2756616132E-04	4.0240991577E-01	3.9338574604E-01	3.7760290822E-01	3.7730909088E-01	3.7119007665E-01	4.8376140557E-02	4.7235560799E-02	4.9164617907E-02	4.8896913491E-02	4.8244571692E-02	7.2599121014E-02	1.5709062457E-01	2.7317612103E83	8.4959551094E-01	1.9359612161E-02	7.0260408445E81	1.9380954345E-02	2.0820105497E-02	1.9514423896E-02	2.0947613157E-02	1.0970611949E-01	
Caplet Value Analytic Multi-Curve Fenton-Wilkinson	4.9153693277E-01	5.1763756890E-01	4.0880806089E-01	4.0331332164E-01	3.9653677826E-01	3.9598743311E-01	3.7328528959E-01	3.8904406945E-01	3.8908318591E-01	3.8572208077E-01	1.8327978334E-04	2.4222971431E-04	0.0000000000E00	1.6509373096E-05	7.8422586041E-04	8.6129680803E-05	8.5628881423E-05	1.3284680534E-04	4.0218329237E-01	3.9315912421E-01	3.7737652771E-01	3.7708274885E-01	3.7096370410E-01	4.8172715888E-02	4.7032230011E-02	4.8960590180E-02	4.8692526536E-02	4.8040619130E-02	7.2424339585E-02	1.5689828119E-01	2.7317612103E83	8.4937037642E-01	1.9131473539E-02	7.0260408445E81	1.9152785801E-02	2.0588302930E-02	1.9286321172E-02	2.0715852432E-02	1.0950888919E-01	
Caplet Value Analytic Multi-Curve Ju	4.9154429636E-01	5.1764493050E-01	4.0881261075E-01	4.0331795446E-01	3.9654099573E-01	3.9599158704E-01	3.7328944451E-01	3.8904817821E-01	3.8908729467E-01	3.8572630083E-01	1.7487726955E-04	2.3639080539E-04	1.6509373096E-05	0.0000000000E00	7.8351677577E-04	7.9604372359E-05	7.9084383482E-05	1.3081629502E-04	4.0218804148E-01	3.9316393010E-01	3.7738095783E-01	3.7708719754E-01	3.7096819712E-01	4.8176072074E-02	4.7035599039E-02	4.8964020233E-02	4.8695994207E-02	4.8044064677E-02	7.2422430552E-02	1.5690537485E-01	2.7317612103E83	8.4937703239E-01	1.9135218005E-02	7.0260408445E81	1.9156515927E-02	2.0592751890E-02	1.9290014902E-02	2.0720266159E-02	1.0950852009E-01	
Caplet Value Analytic Multi-Curve Ho	4.9213355240E-01	5.1823433864E-01	4.0953512435E-01	4.0403825359E-01	3.9727232143E-01	3.9672379404E-01	3.7402065765E-01	3.8977988115E-01	3.8981900772E-01	3.8645560509E-01	6.4635295366E-04	5.7504427079E-04	7.8422586041E-04	7.8351677577E-04	0.0000000000E00	7.1021651101E-04	7.1070717443E-04	6.5779469716E-04	4.0287992359E-01	3.9385393708E-01	3.7808457799E-01	3.7779033244E-01	3.7166947032E-01	4.8828548579E-02	4.7687537593E-02	4.9616577722E-02	4.9349149491E-02	4.8695961651E-02	7.3143754323E-02	1.5741080404E-01	2.7317612103E83	8.5000290246E-01	1.9895059544E-02	7.0260408445E81	1.9916515918E-02	2.1342074332E-02	2.0050356296E-02	2.1470067075E-02	1.1026395357E-01	
Caplet Value Analytic Multi-Curve Drift-Freeze	4.9160671145E-01	5.1770735861E-01	4.0888327936E-01	4.0338848618E-01	3.9661203016E-01	3.9606262103E-01	3.7336021111E-01	3.8911899763E-01	3.8915811573E-01	3.8579704458E-01	1.0500721779E-04	1.6112115766E-04	8.6129680803E-05	7.9604372359E-05	7.1021651101E-04	0.0000000000E00	5.2397680575E-07	6.2874621234E-05	4.0225579693E-01	3.9323160695E-01	3.7744927243E-01	3.7715548637E-01	3.7103637954E-01	4.8241293488E-02	4.7100780633E-02	4.9029373025E-02	4.8761450004E-02	4.8109358699E-02	7.2481303768E-02	1.5696116686E-01	2.7317612103E83	8.4944191421E-01	1.9208980782E-02	7.0260408445E81	1.9230286029E-02	2.0666606918E-02	1.9363779592E-02	2.0794127213E-02	1.0957387648E-01	
Caplet Value Analytic Multi-Curve Integrated-Expectation	4.9160632417E-01	5.1770697122E-01	4.0888282277E-01	4.0338803097E-01	3.9661156926E-01	3.9606215989E-01	3.7335975178E-01	3.8911853777E-01	3.8915765586E-01	3.8579658584E-01	1.0539184908E-04	1.6159409898E-04	8.5628881423E-05	7.9084383482E-05	7.1070717443E-04	5.2397680575E-07	0.0000000000E00	6.3266703961E-05	4.0225536238E-01	3.9323117320E-01	3.7744883273E-01	3.7715504692E-01	3.7103594105E-01	4.8240865635E-02	4.7100353139E-02	4.9028944565E-02	4.8761020994E-02	4.8108930755E-02	7.2480902126E-02	1.5696082361E-01	2.7317612103E83	8.4944150680E-01	1.9208496840E-02	7.0260408445E81	1.9229801979E-02	2.0666125825E-02	1.9363295394E-02	2.0793645898E-02	1.0957343607E-01	
Caplet Value Monte-Carlo Multi-Curve	4.9163625752E-01	5.1773692014E-01	4.0892677008E-01	4.0343159303E-01	3.9665680104E-01	3.9610752917E-01	3.7340515861E-01	3.8916398108E-01	3.8920309975E-01	3.8584153977E-01	1.0248395510E-04	1.2756616132E-04	1.3284680534E-04	1.3081629502E-04	6.5779469716E-04	6.2874621234E-05	6.3266703961E-05	0.0000000000E00	4.0229624450E-01	3.9327178508E-01	3.7749096336E-01	3.7719712615E-01	3.7107777350E-01	4.8283429210E-02	4.7142811086E-02	4.9071426963E-02	4.8803480592E-02	4.8151301891E-02	7.2530882668E-02	1.5698599531E-01	2.7317612103E83	8.4947528342E-01	1.9257571917E-02	7.0260408445E81	1.9278893114E-02	2.0713093983E-02	1.9412535416E-02	2.0840772458E-02	1.0962542314E-01	
Swaption Vola Analytic Single-Curve	1.4860380794E-01	1.6776411191E-01	4.9305353736E-02	4.6454792554E-02	5.9496247588E-02	6.0231153946E-02	6.5320236087E-02	6.0577355354E-02	6.0582073536E-02	5.8056872954E-02	4.0234975052E-01	4.0240991577E-01	4.0218329237E-01	4.0218804148E-01	4.0287992359E-01	4.0225579693E-01	4.0225536238E-01	4.0229624450E-01	0.0000000000E00	9.7188718329E-03	2.9774621034E-02	2.9824552891E-02	3.3885271681E-02	3.6489399562E-01	3.6575846165E-01	3.6418240070E-01	3.6429513375E-01	3.6486603145E-01	3.4430807580E-01	2.9423052062E-01	2.7317612103E83	4.6194312840E-01	3.8403442901E-01	7.0260408445E81	3.8401618371E-01	3.8229466357E-01	3.8390060082E-01	3.8218097964E-01	3.0895654678E-01	
Swaption Vola Monte-Carlo Single-Curve	1.5099149121E-01	1.7111627392E-01	5.2250041195E-02	4.8413388226E-02	6.0375874151E-02	6.1051683092E-02	6.2907676297E-02	6.0375116662E-02	6.0385800296E-02	5.7212048243E-02	3.9332584996E-01	3.9338574604E-01	3.9315912421E-01	3.9316393010E-01	3.9385393708E-01	3.9323160695E-01	3.9323117320E-01	3.9327178508E-01	9.7188718329E-03	0.0000000000E00	2.4738966247E-02	2.4728094648E-02	2.7049524206E-02	3.5594910976E-01	3.5680943684E-01	3.5523798059E-01	3.5534999445E-01	3.5591787050E-01	3.3558832513E-01	2.8559287081E-01	2.7317612103E83	4.6946623653E-01	3.7504459032E-01	7.0260408445E81	3.7502649396E-01	3.7329698541E-01	3.7491151438E-01	3.7318390149E-01	3.0043827737E-01	
Swaption Vola Analytic Multi-Curve Drift-Freeze	1.7322053506E-01	1.9368044162E-01	4.8448648959E-02	4.3552711992E-02	4.9510865279E-02	4.9741968071E-02	4.5034060985E-02	4.6798608270E-02	4.6820847822E-02	4.3086369755E-02	3.7754159013E-01	3.7760290822E-01	3.7737652771E-01	3.7738095783E-01	3.7808457799E-01	3.7744927243E-01	3.7744883273E-01	3.7749096336E-01	2.9774621034E-02	2.4738966247E-02	0.0000000000E00	1.9451080215E-03	7.5308115570E-03	3.3965203466E-01	3.4052843393E-01	3.3894418090E-01	3.3906021573E-01	3.3963893243E-01	3.1810711921E-01	2.7136340455E-01	2.7317612103E83	4.9003307027E-01	3.5903804008E-01	7.0260408445E81	3.5901942727E-01	3.5734104128E-01	3.5890125979E-01	3.5722482242E-01	2.8204780012E-01	
Swaption Vola Analytic Multi-Curve Integrated-Expectation	1.7329839729E-01	1.9378451142E-01	4.9361091692E-02	4.4492788497E-02	5.0404160181E-02	5.0641929357E-02	4.5820094260E-02	4.7699122164E-02	4.7721330201E-02	4.4003086566E-02	3.7724782667E-01	3.7730909088E-01	3.7708274885E-01	3.7708719754E-01	3.7779033244E-01	3.7715548637E-01	3.7715504692E-01	3.7719712615E-01	2.9824552891E-02	2.4728094648E-02	1.9451080215E-03	0.0000000000E00	7.5897732064E-03	3.3948874106E-01	3.4036202238E-01	3.3878237451E-01	3.3889644156E-01	3.3947462479E-01	3.1783480725E-01	2.7144147006E-01	2.7317612103E83	4.9030708467E-01	3.5875135326E-01	7.0260408445E81	3.5873277329E-01	3.5705361126E-01	3.5861471763E-01	3.5693749743E-01	2.8183943400E-01	
Swaption Vola Monte-Carlo Multi-Curve	1.7418023920E-01	1.9524245006E-01	5.3511176824E-02	4.8218290516E-02	5.3522446809E-02	5.3726308448E-02	4.6352226937E-02	5.0119640731E-02	5.0145904078E-02	4.6007319443E-02	3.7112905498E-01	3.7119007665E-01	3.7096370410E-01	3.7096819712E-01	3.7166947032E-01	3.7103637954E-01	3.7103594105E-01	3.7107777350E-01	3.3885271681E-02	2.7049524206E-02	7.5308115570E-03	7.5897732064E-03	0.0000000000E00	3.3332685783E-01	3.3419899071E-01	3.3261927086E-01	3.3273462330E-01	3.3330999499E-01	3.1201699836E-01	2.6517660519E-01	2.7317612103E83	4.9472931316E-01	3.5266419729E-01	7.0260408445E81	3.5264573070E-01	3.5095734147E-01	3.5252821752E-01	3.5084177050E-01	2.7616568318E-01	
Swaption Value Analytic Single-Curve	4.5629249016E-01	4.8232674054E-01	3.6920651385E-01	3.6381277049E-01	3.5683539879E-01	3.5627834251E-01	3.3366854516E-01	3.4939569961E-01	3.4943433052E-01	3.4613609569E-01	4.8314592922E-02	4.8376140557E-02	4.8172715888E-02	4.8176072074E-02	4.8828548579E-02	4.8241293488E-02	4.8240865635E-02	4.8283429210E-02	3.6489399562E-01	3.5594910976E-01	3.3965203466E-01	3.3948874106E-01	3.3332685783E-01	0.0000000000E00	1.1564706711E-03	8.4815706749E-04	7.4192838948E-04	4.1206951089E-04	5.3731563573E-02	1.1614759449E-01	2.7317612103E83	8.1230832935E-01	3.3220904832E-02	7.0260408445E81	3.3199450449E-02	3.2247163929E-02	3.3107642640E-02	3.2158296208E-02	7.7570697021E-02	
Swaption Value Monte-Carlo Single-Curve	4.5709043975E-01	4.8312790338E-01	3.7013637373E-01	3.6473859964E-01	3.5777020184E-01	3.5721353913E-01	3.3460014827E-01	3.5032905565E-01	3.5036770316E-01	3.4706639887E-01	4.7174127824E-02	4.7235560799E-02	4.7032230011E-02	4.7035599039E-02	4.7687537593E-02	4.7100780633E-02	4.7100353139E-02	4.7142811086E-02	3.6575846165E-01	3.5680943684E-01	3.4052843393E-01	3.4036202238E-01	3.3419899071E-01	1.1564706711E-03	0.0000000000E00	1.9620999660E-03	1.7539108845E-03	1.0619434240E-03	5.3792330364E-02	1.1702293051E-01	2.7317612103E83	8.1316961309E-01	3.2149912946E-02	7.0260408445E81	3.2128653696E-02	3.1186903980E-02	3.2038247160E-02	3.1099524616E-02	7.8176539990E-02	
Swaption Value Analytic Multi-Curve Drift-Freeze	4.5556257398E-01	4.8159531421E-01	3.6847827812E-01	3.6308479351E-01	3.5611394538E-01	3.5555779962E-01	3.3295128252E-01	3.4867717561E-01	3.4871579853E-01	3.4541634674E-01	4.9103091910E-02	4.9164617907E-02	4.8960590180E-02	4.8964020233E-02	4.9616577722E-02	4.9029373025E-02	4.9028944565E-02	4.9071426963E-02	3.6418240070E-01	3.5523798059E-01	3.3894418090E-01	3.3878237451E-01	3.3261927086E-01	8.4815706749E-04	1.9620999660E-03	0.0000000000E00	4.0177100682E-04	9.4284323803E-04	5.3776653479E-02	1.1541302203E-01	2.7317612103E83	8.1155942368E-01	3.3944220373E-02	7.0260408445E81	3.3922736287E-02	3.2948268339E-02	3.3830273245E-02	3.2858649187E-02	7.7213369153E-02	
Swaption Value Analytic Multi-Curve Integrated-Expectation	4.5566180478E-01	4.8169565906E-01	3.6861779143E-01	3.6322271052E-01	3.5625645616E-01	3.5570076560E-01	3.3309268230E-01	3.4881978251E-01	3.4885841058E-01	3.4555737199E-01	4.8835369650E-02	4.8896913491E-02	4.8692526536E-02	4.8695994207E-02	4.9349149491E-02	4.8761450004E-02	4.8761020994E-02	4.8803480592E-02	3.6429513375E-01	3.5534999445E-01	3.3906021573E-01	3.3889644156E-01	3.3273462330E-01	7.4192838948E-04	1.7539108845E-03	4.0177100682E-04	0.0000000000E00	7.5216553225E-04	5.3723412096E-02	1.1557570812E-01	2.7317612103E83	8.1167897829E-01	3.3653747324E-02	7.0260408445E81	3.3632266384E-02	3.2653347454E-02	3.3539901342E-02	3.2563826795E-02	7.7289531284E-02	
Swaption Value Monte-Carlo Multi-Curve	4.5618219792E-01	4.8221767741E-01	3.6921994228E-01	3.6382279556E-01	3.5686166685E-01	3.5630595930E-01	3.3369611198E-01	3.4942361776E-01	3.4946225718E-01	3.4615978674E-01	4.8183161976E-02	4.8244571692E-02	4.8040619130E-02	4.8044064677E-02	4.8695961651E-02	4.8109358699E-02	4.8108930755E-02	4.8151301891E-02	3.6486603145E-01	3.5591787050E-01	3.3963893243E-01	3.3947462479E-01	3.3330999499E-01	4.1206951089E-04	1.0619434240E-03	9.4284323803E-04	7.5216553225E-04	0.0000000000E00	5.3819141038E-02	1.1608557027E-01	2.7317612103E83	8.1223487691E-01	3.3079066843E-02	7.0260408445E81	3.3057741304E-02	3.2089128626E-02	3.2966428432E-02	3.2000717247E-02	7.7701105802E-02	
Swaption Exercise Date	4.4646496522E-01	4.7236885188E-01	3.4869575374E-01	3.4340034348E-01	3.3534835621E-01	3.3466469361E-01	3.1198916172E-01	3.2764530037E-01	3.2768408363E-01	3.2462898293E-01	7.2536910063E-02	7.2599121014E-02	7.2424339585E-02	7.2422430552E-02	7.3143754323E-02	7.2481303768E-02	7.2480902126E-02	7.2530882668E-02	3.4430807580E-01	3.3558832513E-01	3.1810711921E-01	3.1783480725E-01	3.1201699836E-01	5.3731563573E-02	5.3792330364E-02	5.3776653479E-02	5.3723412096E-02	5.3819141038E-02	0.0000000000E00	1.3723692783E-01	2.7317612103E83	7.9902528083E-01	5.6081453713E-02	7.0260408445E81	5.6065949794E-02	5.5467166841E-02	5.5949513722E-02	5.5354389650E-02	4.0596513681E-02	
Swaption Number Of Periods	3.6960670619E-01	3.9505024844E-01	2.9887304410E-01	2.9330226717E-01	2.8992812081E-01	2.8965983316E-01	2.6839501591E-01	2.8334053398E-01	2.8337800572E-01	2.7951508260E-01	1.5704695453E-01	1.5709062457E-01	1.5689828119E-01	1.5690537485E-01	1.5741080404E-01	1.5696116686E-01	1.5696082361E-01	1.5698599531E-01	2.9423052062E-01	2.8559287081E-01	2.7136340455E-01	2.7144147006E-01	2.6517660519E-01	1.1614759449E-01	1.1702293051E-01	1.1541302203E-01	1.1557570812E-01	1.1608557027E-01	1.3723692783E-01	0.0000000000E00	2.7317612103E83	7.2345790659E-01	1.4311905823E-01	7.0260408445E81	1.4310611121E-01	1.4151796215E-01	1.4303431067E-01	1.4144732075E-01	1.2423096769E-01	
Numeraire Single-Curve	2.7317612103E83	2.7317612103E83	2.7317612103E83	2.7317612103E83	2.7317612103E83	2.7317612103E83	2.7317612103E83	2.7317612103E83	2.7317612103E83	2.7317612103E83	2.7317612103E83	2.7317612103E83	2.7317612103E83	2.7317612103E83	2.7317612103E83	2.7317612103E83	2.7317612103E83	2.7317612103E83	2.7317612103E83	2.7317612103E83	2.7317612103E83	2.7317612103E83	2.7317612103E83	2.7317612103E83	2.7317612103E83	2.7317612103E83	2.7317612103E83	2.7317612103E83	2.7317612103E83	2.7317612103E83	0.0000000000E00	2.7317612103E83	2.7317612103E83	2.6615008019E83	2.7317612103E83	2.7317612103E83	2.7317612103E83	2.7317612103E83	2.7317612103E83	
Discount Single-Curve	3.6136751638E-01	3.3571113090E-01	4.6803271547E-01	4.7159890632E-01	4.8498127815E-01	4.8608349647E-01	5.0593169280E-01	4.9214087131E-01	4.9211164187E-01	4.9314318938E-01	8.4954199743E-01	8.4959551094E-01	8.4937037642E-01	8.4937703239E-01	8.5000290246E-01	8.4944191421E-01	8.4944150680E-01	8.4947528342E-01	4.6194312840E-01	4.6946623653E-01	4.9003307027E-01	4.9030708467E-01	4.9472931316E-01	8.1230832935E-01	8.1316961309E-01	8.1155942368E-01	8.1167897829E-01	8.1223487691E-01	7.9902528083E-01	7.2345790659E-01	2.7317612103E83	0.0000000000E00	8.3228644284E-01	7.0260408445E81	8.3227044811E-01	8.3037675450E-01	8.3216882949E-01	8.3027679136E-01	7.6566517376E-01	
OIS Spot Rate Single-Curve	4.7515540643E-01	5.0124760149E-01	3.9009970009E-01	3.8463367700E-01	3.7773145750E-01	3.7717672752E-01	3.5447485274E-01	3.7024189670E-01	3.7028088914E-01	3.6694713471E-01	1.9291112017E-02	1.9359612161E-02	1.9131473539E-02	1.9135218005E-02	1.9895059544E-02	1.9208980782E-02	1.9208496840E-02	1.9257571917E-02	3.8403442901E-01	3.7504459032E-01	3.5903804008E-01	3.5875135326E-01	3.5266419729E-01	3.3220904832E-02	3.2149912946E-02	3.3944220373E-02	3.3653747324E-02	3.3079066843E-02	5.6081453713E-02	1.4311905823E-01	2.7317612103E83	8.3228644284E-01	0.0000000000E00	7.0260408445E81	5.7699806497E-05	2.0574548821E-03	1.8156978788E-04	2.1198924675E-03	9.1496210451E-02	
Numeraire Multi-Curve	7.0260408445E81	7.0260408445E81	7.0260408445E81	7.0260408445E81	7.0260408445E81	7.0260408445E81	7.0260408445E81	7.0260408445E81	7.0260408445E81	7.0260408445E81	7.0260408445E81	7.0260408445E81	7.0260408445E81	7.0260408445E81	7.0260408445E81	7.0260408445E81	7.0260408445E81	7.0260408445E81	7.0260408445E81	7.0260408445E81	7.0260408445E81	7.0260408445E81	7.0260408445E81	7.0260408445E81	7.0260408445E81	7.0260408445E81	7.0260408445E81	7.0260408445E81	7.0260408445E81	7.0260408445E81	2.6615008019E83	7.0260408445E81	7.0260408445E81	0.0000000000E00	7.0260408445E81	7.0260408445E81	7.0260408445E81	7.0260408445E81	7.0260408445E81	
OIS Spot Rate Multi-Curve	4.7514106647E-01	5.0123323667E-01	3.9008024152E-01	3.8461453213E-01	3.7771159675E-01	3.7715679922E-01	3.5445502419E-01	3.7022198841E-01	3.7026098030E-01	3.6692733845E-01	1.9312394004E-02	1.9380954345E-02	1.9152785801E-02	1.9156515927E-02	1.9916515918E-02	1.9230286029E-02	1.9229801979E-02	1.9278893114E-02	3.8401618371E-01	3.7502649396E-01	3.5901942727E-01	3.5873277329E-01	3.5264573070E-01	3.3199450449E-02	3.2128653696E-02	3.3922736287E-02	3.3632266384E-02	3.3057741304E-02	5.6065949794E-02	1.4310611121E-01	2.7317612103E83	8.3227044811E-01	5.7699806497E-05	7.0260408445E81	0.0000000000E00	2.0479866464E-03	1.5321086267E-04	2.1092934694E-03	9.1475942085E-02	
LIBOR Spot Rate Multi-Curve	4.7319177301E-01	4.9928467091E-01	3.8844863852E-01	3.8297384178E-01	3.7612205513E-01	3.7557176615E-01	3.5287397275E-01	3.6863936883E-01	3.6867838010E-01	3.6533121557E-01	2.0753180963E-02	2.0820105497E-02	2.0588302930E-02	2.0592751890E-02	2.1342074332E-02	2.0666606918E-02	2.0666125825E-02	2.0713093983E-02	3.8229466357E-01	3.7329698541E-01	3.5734104128E-01	3.5705361126E-01	3.5095734147E-01	3.2247163929E-02	3.1186903980E-02	3.2948268339E-02	3.2653347454E-02	3.2089128626E-02	5.5467166841E-02	1.4151796215E-01	2.7317612103E83	8.3037675450E-01	2.0574548821E-03	7.0260408445E81	2.0479866464E-03	0.0000000000E00	1.9956338899E-03	1.5108772268E-04	9.0547059496E-02	
OIS Forward Rate Multi-Curve	4.7504871584E-01	5.0114073728E-01	3.8995741309E-01	3.8449252581E-01	3.7758629111E-01	3.7703124876E-01	3.5432946315E-01	3.7009637735E-01	3.7013536763E-01	3.6680272852E-01	1.9445744666E-02	1.9514423896E-02	1.9286321172E-02	1.9290014902E-02	2.0050356296E-02	1.9363779592E-02	1.9363295394E-02	1.9412535416E-02	3.8390060082E-01	3.7491151438E-01	3.5890125979E-01	3.5861471763E-01	3.5252821752E-01	3.3107642640E-02	3.2038247160E-02	3.3830273245E-02	3.3539901342E-02	3.2966428432E-02	5.5949513722E-02	1.4303431067E-01	2.7317612103E83	8.3216882949E-01	1.8156978788E-04	7.0260408445E81	1.5321086267E-04	1.9956338899E-03	0.0000000000E00	2.0472352341E-03	9.1343941348E-02	
LIBOR Forward Rate Multi-Curve	4.7310081517E-01	4.9919357391E-01	3.8832786675E-01	3.8285388069E-01	3.7599886317E-01	3.7544834253E-01	3.5275050543E-01	3.6851587748E-01	3.6855488724E-01	3.6520871338E-01	2.0880558176E-02	2.0947613157E-02	2.0715852432E-02	2.0720266159E-02	2.1470067075E-02	2.0794127213E-02	2.0793645898E-02	2.0840772458E-02	3.8218097964E-01	3.7318390149E-01	3.5722482242E-01	3.5693749743E-01	3.5084177050E-01	3.2158296208E-02	3.1099524616E-02	3.2858649187E-02	3.2563826795E-02	3.2000717247E-02	5.5354389650E-02	1.4144732075E-01	2.7317612103E83	8.3027679136E-01	2.1198924675E-03	7.0260408445E81	2.1092934694E-03	1.5108772268E-04	2.0472352341E-03	0.0000000000E00	9.0417842597E-02	
Time	4.1646752606E-01	4.4216097139E-01	3.1110151195E-01	3.0596723629E-01	2.9733287697E-01	2.9660284190E-01	2.7397893667E-01	2.8960278380E-01	2.8964109526E-01	2.8674995925E-01	1.0963887884E-01	1.0970611949E-01	1.0950888919E-01	1.0950852009E-01	1.1026395357E-01	1.0957387648E-01	1.0957343607E-01	1.0962542314E-01	3.0895654678E-01	3.0043827737E-01	2.8204780012E-01	2.8183943400E-01	2.7616568318E-01	7.7570697021E-02	7.8176539990E-02	7.7213369153E-02	7.7289531284E-02	7.7701105802E-02	4.0596513681E-02	1.2423096769E-01	2.7317612103E83	7.6566517376E-01	9.1496210451E-02	7.0260408445E81	9.1475942085E-02	9.0547059496E-02	9.1343941348E-02	9.0417842597E-02	0.0000000000E00	
