	Target (OIS)	Target (LIBOR)	Caplet Vola Analytic Single-Curve	Caplet Vola Monte-Carlo Single-Curve	Caplet Vola Analytic Multi-Curve Fenton-Wilkinson	Caplet Vola Analytic Multi-Curve Ju	Caplet Vola Analytic Multi-Curve Ho	Caplet Vola Analytic Multi-Curve Drift-Freeze	Caplet Vola Analytic Multi-Curve Integrated-Expectation	Caplet Vola Monte-Carlo Multi-Curve	Caplet Value Analytic Single-Curve	Caplet Value Monte-Carlo Single-Curve	Caplet Value Analytic Multi-Curve Fenton-Wilkinson	Caplet Value Analytic Multi-Curve Ju	Caplet Value Analytic Multi-Curve Ho	Caplet Value Analytic Multi-Curve Drift-Freeze	Caplet Value Analytic Multi-Curve Integrated-Expectation	Caplet Value Monte-Carlo Multi-Curve	Swaption Vola Analytic Single-Curve	Swaption Vola Monte-Carlo Single-Curve	Swaption Vola Analytic Multi-Curve Drift-Freeze	Swaption Vola Analytic Multi-Curve Integrated-Expectation	Swaption Vola Monte-Carlo Multi-Curve	Swaption Value Analytic Single-Curve	Swaption Value Monte-Carlo Single-Curve	Swaption Value Analytic Multi-Curve Drift-Freeze	Swaption Value Analytic Multi-Curve Integrated-Expectation	Swaption Value Monte-Carlo Multi-Curve	Swaption Exercise Date	Swaption Number Of Periods	Numeraire Single-Curve	Discount Single-Curve	OIS Spot Rate Single-Curve	Numeraire Multi-Curve	OIS Spot Rate Multi-Curve	LIBOR Spot Rate Multi-Curve	OIS Forward Rate Multi-Curve	LIBOR Forward Rate Multi-Curve	Time
Target (OIS)	0.0000000000E00	5.8407657944E-02	6.6280463367E-01	6.8926845560E-01	6.2732457872E-01	?	7.1939011839E-01	5.9933361608E-01	5.9933361608E-01	5.5796709510E-01	2.0441354700E00	2.0441357421E00	2.0424824563E00	?	2.0426588223E00	2.0436966093E00	2.0436966093E00	2.0436738546E00	6.6226260579E-01	6.8147722622E-01	6.1785367779E-01	6.2483049929E-01	5.9372565627E-01	2.0432613567E00	2.0432627499E00	2.0391402903E00	2.0391801079E00	2.0390085562E00	1.7510952667E00	1.4229113979E00	3.5829076625E-01	3.7519219696E-01	2.0473122488E00	3.5829093883E-01	2.0473058038E00	2.0447268376E00	2.0473108752E00	2.0447493278E00	1.5968631358E00	
Target (LIBOR)	5.8407657944E-02	0.0000000000E00	7.0815929563E-01	7.3403180695E-01	6.6401334107E-01	?	7.5868595467E-01	6.4976462330E-01	6.4976462330E-01	6.0640493616E-01	2.0441428340E00	2.0441430910E00	2.0425816125E00	?	2.0427481877E00	2.0437283505E00	2.0437283505E00	2.0437068596E00	7.0962692395E-01	7.2816580530E-01	6.6830247855E-01	6.7532759487E-01	6.4296735646E-01	2.0433172650E00	2.0433185807E00	2.0394248092E00	2.0394624204E00	2.0393003738E00	1.7658104227E00	1.4514419312E00	3.1413970637E-01	3.3047636700E-01	2.0471429847E00	3.1413988352E-01	2.0471368982E00	2.0447013362E00	2.0471416875E00	2.0447225769E00	1.6182248660E00	
Caplet Vola Analytic Single-Curve	6.6280463367E-01	7.0815929563E-01	0.0000000000E00	6.2951454126E-02	5.3504854838E-01	?	6.0639782120E-01	1.8109507877E-01	1.8109507877E-01	1.4320413255E-01	2.0214799259E00	2.0214800799E00	2.0189548844E00	?	2.0192775389E00	2.0207765417E00	2.0207765417E00	2.0207291503E00	9.9160551684E-02	1.0182033444E-01	2.1845543487E-01	2.2046771422E-01	1.6834047831E-01	2.0198081821E00	2.0198060981E00	2.0129806444E00	2.0130531982E00	2.0126965172E00	1.4751881691E00	1.1021146796E00	8.3544356170E-01	8.4896937176E-01	2.0260018998E00	8.3544364615E-01	2.0259892850E00	2.0220133891E00	2.0259998638E00	2.0220549801E00	1.2211016549E00	
Caplet Vola Monte-Carlo Single-Curve	6.8926845560E-01	7.3403180695E-01	6.2951454126E-02	0.0000000000E00	5.4730377104E-01	?	6.1239350365E-01	2.1215948321E-01	2.1215948321E-01	1.8324199892E-01	2.0275435924E00	2.0275432141E00	2.0249744964E00	?	2.0253048051E00	2.0268280247E00	2.0268280247E00	2.0267790176E00	1.0829485153E-01	1.1108757950E-01	2.3605884193E-01	2.3780168004E-01	1.7961266218E-01	2.0258311276E00	2.0258292409E00	2.0188884964E00	2.0189624630E00	2.0185911818E00	1.4670794546E00	1.0982384179E00	8.5641574112E-01	8.6975572343E-01	2.0321307164E00	8.5641581308E-01	2.0321189625E00	2.0280669591E00	2.0321296570E00	2.0281091692E00	1.2077114398E00	
Caplet Vola Analytic Multi-Curve Fenton-Wilkinson	6.2732457872E-01	6.6401334107E-01	5.3504854838E-01	5.4730377104E-01	0.0000000000E00	?	3.0696125477E-01	5.3057960817E-01	5.3057960817E-01	4.9970916826E-01	2.1794674198E00	2.1794676076E00	2.1771571144E00	?	2.1774282730E00	2.1788606158E00	2.1788606158E00	2.1788197749E00	5.0713467672E-01	5.1392344610E-01	5.0139857938E-01	5.0422575430E-01	4.7867403722E-01	2.1780251756E00	2.1780228388E00	2.1719993358E00	2.1720621273E00	2.1717622728E00	1.7025032658E00	1.3675005544E00	7.9083947732E-01	8.0515971850E-01	2.1838917484E00	7.9083956520E-01	2.1838809756E00	2.1800927076E00	2.1838899042E00	2.1801283388E00	1.4867409640E00	
Caplet Vola Analytic Multi-Curve Ju	?	?	?	?	?	?	?	?	?	?	?	?	?	?	?	?	?	?	?	?	?	?	?	?	?	?	?	?	?	?	?	?	?	?	?	?	?	?	?	
Caplet Vola Analytic Multi-Curve Ho	7.1939011839E-01	7.5868595467E-01	6.0639782120E-01	6.1239350365E-01	3.0696125477E-01	?	0.0000000000E00	5.7934234514E-01	5.7934234514E-01	5.7079294244E-01	2.2455202456E00	2.2455203807E00	2.2427194418E00	?	2.2430233603E00	2.2448027061E00	2.2448027061E00	2.2447559600E00	5.5263934064E-01	5.5765083916E-01	5.3117703973E-01	5.3041353523E-01	5.2494683524E-01	2.2438947796E00	2.2438923607E00	2.2369105422E00	2.2369801223E00	2.2366467877E00	1.7241238606E00	1.3423253142E00	9.0956655464E-01	9.2387871534E-01	2.2510337453E00	9.0956664298E-01	2.2510214881E00	2.2464214555E00	2.2510318238E00	2.2464635665E00	1.4977170269E00	
Caplet Vola Analytic Multi-Curve Drift-Freeze	5.9933361608E-01	6.4976462330E-01	1.8109507877E-01	2.1215948321E-01	5.3057960817E-01	?	5.7934234514E-01	0.0000000000E00	0.0000000000E00	1.3281202017E-01	2.0138197225E00	2.0138201418E00	2.0111077507E00	?	2.0114261962E00	2.0130777461E00	2.0130777461E00	2.0130354966E00	1.6212513147E-01	1.8365259149E-01	1.3167927846E-01	1.2943707150E-01	1.4636468897E-01	2.0122194978E00	2.0122202353E00	2.0051264331E00	2.0051981866E00	2.0048749029E00	1.5067044560E00	1.0710657344E00	8.2735087015E-01	8.4172640260E-01	2.0188453427E00	8.2735098095E-01	2.0188336887E00	2.0146055658E00	2.0188429363E00	2.0146451172E00	1.2660513835E00	
Caplet Vola Analytic Multi-Curve Integrated-Expectation	5.9933361608E-01	6.4976462330E-01	1.8109507877E-01	2.1215948321E-01	5.3057960817E-01	?	5.7934234514E-01	0.0000000000E00	0.0000000000E00	1.3281202017E-01	2.0138197225E00	2.0138201418E00	2.0111077507E00	?	2.0114261962E00	2.0130777461E00	2.0130777461E00	2.0130354966E00	1.6212513147E-01	1.8365259149E-01	1.3167927846E-01	1.2943707150E-01	1.4636468897E-01	2.0122194978E00	2.0122202353E00	2.0051264331E00	2.0051981866E00	2.0048749029E00	1.5067044560E00	1.0710657344E00	8.2735087015E-01	8.4172640260E-01	2.0188453427E00	8.2735098095E-01	2.0188336887E00	2.0146055658E00	2.0188429363E00	2.0146451172E00	1.2660513835E00	
Caplet Vola Monte-Carlo Multi-Curve	5.5796709510E-01	6.0640493616E-01	1.4320413255E-01	1.8324199892E-01	4.9970916826E-01	?	5.7079294244E-01	1.3281202017E-01	1.3281202017E-01	0.0000000000E00	2.0112088174E00	2.0112092632E00	2.0087768262E00	?	2.0090715261E00	2.0105398590E00	2.0105398590E00	2.0104970180E00	1.5816207912E-01	1.7578156113E-01	1.8328753286E-01	1.8857119104E-01	1.5168165251E-01	2.0097009290E00	2.0097002658E00	2.0032568453E00	2.0033240134E00	2.0030108176E00	1.5222469981E00	1.1262324150E00	7.6445203100E-01	7.7894112947E-01	2.0156595360E00	7.6445214177E-01	2.0156463584E00	2.0118318930E00	2.0156571863E00	2.0118724726E00	1.2878756029E00	
Caplet Value Analytic Single-Curve	2.0441354700E00	2.0441428340E00	2.0214799259E00	2.0275435924E00	2.1794674198E00	?	2.2455202456E00	2.0138197225E00	2.0138197225E00	2.0112088174E00	0.0000000000E00	7.3979326363E-02	2.3296824835E00	?	2.4467036808E00	1.4964530438E00	1.4964530438E00	1.4608147404E00	2.0083325966E00	2.0112276737E00	2.0161825326E00	2.0151478712E00	2.0088861216E00	2.1390034713E00	2.1535519486E00	2.1958408533E00	2.1952665931E00	2.1761339602E00	2.4464895514E00	2.4196041777E00	1.9999044372E00	1.9999060536E00	-3.7523085091E00	1.9999044367E00	-3.7617633295E00	-2.9335350815E01	-3.7525640815E00	-2.4717957331E01	2.2936522915E00	
Caplet Value Monte-Carlo Single-Curve	2.0441357421E00	2.0441430910E00	2.0214800799E00	2.0275432141E00	2.1794676076E00	?	2.2455203807E00	2.0138201418E00	2.0138201418E00	2.0112092632E00	7.3979326363E-02	0.0000000000E00	2.3308587986E00	?	2.4480615849E00	1.4999434259E00	1.4999434259E00	1.4642021848E00	2.0083326620E00	2.0112278526E00	2.0161827616E00	2.0151481284E00	2.0088860446E00	2.1409185222E00	2.1556018889E00	2.1963848571E00	2.1958146206E00	2.1766142941E00	2.4464896838E00	2.4196067771E00	1.9999045424E00	1.9999061559E00	-3.7512744064E00	1.9999045419E00	-3.7607772507E00	-2.9282496722E01	-3.7515667581E00	-2.4676618155E01	2.2936517145E00	
Caplet Value Analytic Multi-Curve Fenton-Wilkinson	2.0424824563E00	2.0425816125E00	2.0189548844E00	2.0249744964E00	2.1771571144E00	?	2.2427194418E00	2.0111077507E00	2.0111077507E00	2.0087768262E00	2.3296824835E00	2.3308587986E00	0.0000000000E00	?	1.2534326030E-01	1.4444149440E00	1.4444149440E00	1.4286165723E00	2.0056746575E00	2.0085530963E00	2.0134012555E00	2.0123344885E00	2.0062949598E00	1.5465198172E00	1.5577792873E00	1.2652689495E00	1.2578326361E00	1.2805861705E00	2.4328839379E00	2.4105347653E00	1.9987997747E00	1.9988232011E00	-1.3577595356E01	1.9987997744E00	-1.3669026047E01	5.4147032840E00	-1.3590228344E01	5.5119522470E00	2.2849107438E00	
Caplet Value Analytic Multi-Curve Ju	?	?	?	?	?	?	?	?	?	?	?	?	?	?	?	?	?	?	?	?	?	?	?	?	?	?	?	?	?	?	?	?	?	?	?	?	?	?	?	
Caplet Value Analytic Multi-Curve Ho	2.0426588223E00	2.0427481877E00	2.0192775389E00	2.0253048051E00	2.1774282730E00	?	2.2430233603E00	2.0114261962E00	2.0114261962E00	2.0090715261E00	2.4467036808E00	2.4480615849E00	1.2534326030E-01	?	0.0000000000E00	1.4735124818E00	1.4735124818E00	1.4587517660E00	2.0060012638E00	2.0088845126E00	2.0137227161E00	2.0126588786E00	2.0066023553E00	1.6359736797E00	1.6480777843E00	1.3507728059E00	1.3436616477E00	1.3651034116E00	2.4350312974E00	2.4115316283E00	1.9989302419E00	1.9989515111E00	-1.1353356802E01	1.9989302416E00	-1.1417947168E01	6.1002904472E00	-1.1361789035E01	6.2241089440E00	2.2862640744E00	
Caplet Value Analytic Multi-Curve Drift-Freeze	2.0436966093E00	2.0437283505E00	2.0207765417E00	2.0268280247E00	2.1788606158E00	?	2.2448027061E00	2.0130777461E00	2.0130777461E00	2.0105398590E00	1.4964530438E00	1.4999434259E00	1.4444149440E00	?	1.4735124818E00	0.0000000000E00	0.0000000000E00	8.5002168439E-02	2.0076027689E00	2.0104922758E00	2.0154288358E00	2.0143860754E00	2.0081814651E00	1.4582011780E00	1.4757647053E00	1.8730560030E00	1.8698556788E00	1.8656466080E00	2.4425137581E00	2.4171358958E00	1.9996048361E00	1.9996120416E00	-4.9346732062E00	1.9996048357E00	-4.9496670126E00	1.5614143076E01	-4.9356111232E00	1.6980348057E01	2.2910958397E00	
Caplet Value Analytic Multi-Curve Integrated-Expectation	2.0436966093E00	2.0437283505E00	2.0207765417E00	2.0268280247E00	2.1788606158E00	?	2.2448027061E00	2.0130777461E00	2.0130777461E00	2.0105398590E00	1.4964530438E00	1.4999434259E00	1.4444149440E00	?	1.4735124818E00	0.0000000000E00	0.0000000000E00	8.5002168439E-02	2.0076027689E00	2.0104922758E00	2.0154288358E00	2.0143860754E00	2.0081814651E00	1.4582011780E00	1.4757647053E00	1.8730560030E00	1.8698556788E00	1.8656466080E00	2.4425137581E00	2.4171358958E00	1.9996048361E00	1.9996120416E00	-4.9346732062E00	1.9996048357E00	-4.9496670126E00	1.5614143076E01	-4.9356111232E00	1.6980348057E01	2.2910958397E00	
Caplet Value Monte-Carlo Multi-Curve	2.0436738546E00	2.0437068596E00	2.0207291503E00	2.0267790176E00	2.1788197749E00	?	2.2447559600E00	2.0130354966E00	2.0130354966E00	2.0104970180E00	1.4608147404E00	1.4642021848E00	1.4286165723E00	?	1.4587517660E00	8.5002168439E-02	8.5002168439E-02	0.0000000000E00	2.0075551887E00	2.0104434420E00	2.0153848329E00	2.0143418383E00	2.0081381798E00	1.4041146817E00	1.4211857843E00	1.8599690172E00	1.8567313402E00	1.8523933468E00	2.4421420686E00	2.4170078260E00	1.9995862963E00	1.9995937913E00	-4.9918720428E00	1.9995862959E00	-5.0070051322E00	1.4243000194E01	-4.9928447172E00	1.5386570425E01	2.2908672138E00	
Swaption Vola Analytic Single-Curve	6.6226260579E-01	7.0962692395E-01	9.9160551684E-02	1.0829485153E-01	5.0713467672E-01	?	5.5263934064E-01	1.6212513147E-01	1.6212513147E-01	1.5816207912E-01	2.0083325966E00	2.0083326620E00	2.0056746575E00	?	2.0060012638E00	2.0076027689E00	2.0076027689E00	2.0075551887E00	0.0000000000E00	3.9639410728E-02	1.5345272158E-01	1.5201972021E-01	1.0796984635E-01	2.0066721916E00	2.0066705497E00	1.9996517952E00	1.9997244349E00	1.9993728757E00	1.4591191078E00	1.0836390658E00	8.5334288945E-01	8.6732421257E-01	2.0131818508E00	8.5334297741E-01	2.0131695434E00	2.0089768719E00	2.0131799708E00	2.0090188257E00	1.2077861389E00	
Swaption Vola Monte-Carlo Single-Curve	6.8147722622E-01	7.2816580530E-01	1.0182033444E-01	1.1108757950E-01	5.1392344610E-01	?	5.5765083916E-01	1.8365259149E-01	1.8365259149E-01	1.7578156113E-01	2.0112276737E00	2.0112278526E00	2.0085530963E00	?	2.0088845126E00	2.0104922758E00	2.0104922758E00	2.0104434420E00	3.9639410728E-02	0.0000000000E00	1.8290461189E-01	1.7939633081E-01	1.3977497624E-01	2.0095277342E00	2.0095251956E00	2.0024447424E00	2.0025180383E00	2.0021570171E00	1.4498126681E00	1.0791893472E00	8.6571524102E-01	8.7954660263E-01	2.0160930828E00	8.6571532717E-01	2.0160799929E00	2.0118553170E00	2.0160909361E00	2.0118980944E00	1.1951037974E00	
Swaption Vola Analytic Multi-Curve Drift-Freeze	6.1785367779E-01	6.6830247855E-01	2.1845543487E-01	2.3605884193E-01	5.0139857938E-01	?	5.3117703973E-01	1.3167927846E-01	1.3167927846E-01	1.8328753286E-01	2.0161825326E00	2.0161827616E00	2.0134012555E00	?	2.0137227161E00	2.0154288358E00	2.0154288358E00	2.0153848329E00	1.5345272158E-01	1.8290461189E-01	0.0000000000E00	2.0872330486E-02	1.0571303001E-01	2.0146213421E00	2.0146221191E00	2.0074767166E00	2.0075490021E00	2.0072324855E00	1.4989580155E00	1.0990695799E00	8.4742077334E-01	8.6191826653E-01	2.0213824114E00	8.4742088012E-01	2.0213708256E00	2.0170070414E00	2.0213803366E00	2.0170481703E00	1.2602896498E00	
Swaption Vola Analytic Multi-Curve Integrated-Expectation	6.2483049929E-01	6.7532759487E-01	2.2046771422E-01	2.3780168004E-01	5.0422575430E-01	?	5.3041353523E-01	1.2943707150E-01	1.2943707150E-01	1.8857119104E-01	2.0151478712E00	2.0151481284E00	2.0123344885E00	?	2.0126588786E00	2.0143860754E00	2.0143860754E00	2.0143418383E00	1.5201972021E-01	1.7939633081E-01	2.0872330486E-02	0.0000000000E00	1.0809697233E-01	2.0135708322E00	2.0135715008E00	2.0063592591E00	2.0064316890E00	2.0061122269E00	1.4939383380E00	1.0920732346E00	8.5472324537E-01	8.6920725655E-01	2.0204132377E00	8.5472335240E-01	2.0204015498E00	2.0159884507E00	2.0204110925E00	2.0160297335E00	1.2543887850E00	
Swaption Vola Monte-Carlo Multi-Curve	5.9372565627E-01	6.4296735646E-01	1.6834047831E-01	1.7961266218E-01	4.7867403722E-01	?	5.2494683524E-01	1.4636468897E-01	1.4636468897E-01	1.5168165251E-01	2.0088861216E00	2.0088860446E00	2.0062949598E00	?	2.0066023553E00	2.0081814651E00	2.0081814651E00	2.0081381798E00	1.0796984635E-01	1.3977497624E-01	1.0571303001E-01	1.0809697233E-01	0.0000000000E00	2.0073654896E00	2.0073650982E00	2.0006833923E00	2.0007510827E00	2.0004304165E00	1.4978471210E00	1.1283122050E00	8.0634163695E-01	8.2099241646E-01	2.0136807272E00	8.0634173685E-01	2.0136700550E00	2.0095957410E00	2.0136792663E00	2.0096343941E00	1.2617218351E00	
Swaption Value Analytic Single-Curve	2.0432613567E00	2.0433172650E00	2.0198081821E00	2.0258311276E00	2.1780251756E00	?	2.2438947796E00	2.0122194978E00	2.0122194978E00	2.0097009290E00	2.1390034713E00	2.1409185222E00	1.5465198172E00	?	1.6359736797E00	1.4582011780E00	1.4582011780E00	1.4041146817E00	2.0066721916E00	2.0095277342E00	2.0146213421E00	2.0135708322E00	2.0073654896E00	0.0000000000E00	3.1176472572E-02	1.5847391287E00	1.5807547702E00	1.5662918192E00	2.4348787802E00	2.4138146482E00	1.9992353918E00	1.9992479118E00	-6.3888418924E00	1.9992353915E00	-6.4116559228E00	5.2421066195E00	-6.3905600323E00	5.4209270501E00	2.2862184422E00	
Swaption Value Monte-Carlo Single-Curve	2.0432627499E00	2.0433185807E00	2.0198060981E00	2.0258292409E00	2.1780228388E00	?	2.2438923607E00	2.0122202353E00	2.0122202353E00	2.0097002658E00	2.1535519486E00	2.1556018889E00	1.5577792873E00	?	1.6480777843E00	1.4757647053E00	1.4757647053E00	1.4211857843E00	2.0066705497E00	2.0095251956E00	2.0146221191E00	2.0135715008E00	2.0073650982E00	3.1176472572E-02	0.0000000000E00	1.5882322974E00	1.5842701205E00	1.5693371340E00	2.4348007949E00	2.4138295892E00	1.9992349957E00	1.9992475108E00	-6.3816174373E00	1.9992349954E00	-6.4042528524E00	5.2231732396E00	-6.3832654012E00	5.4016445085E00	2.2861805258E00	
Swaption Value Analytic Multi-Curve Drift-Freeze	2.0391402903E00	2.0394248092E00	2.0129806444E00	2.0188884964E00	2.1719993358E00	?	2.2369105422E00	2.0051264331E00	2.0051264331E00	2.0032568453E00	2.1958408533E00	2.1963848571E00	1.2652689495E00	?	1.3507728059E00	1.8730560030E00	1.8730560030E00	1.8599690172E00	1.9996517952E00	2.0024447424E00	2.0074767166E00	2.0063592591E00	2.0006833923E00	1.5847391287E00	1.5882322974E00	0.0000000000E00	1.2152134962E-02	6.8032488480E-02	2.3964830981E00	2.3891953034E00	1.9963676952E00	1.9964316458E00	8.0861967456E00	1.9963676953E00	8.0587051610E00	2.7871649062E00	8.0797133874E00	2.8068375224E00	2.2609181115E00	
Swaption Value Analytic Multi-Curve Integrated-Expectation	2.0391801079E00	2.0394624204E00	2.0130531982E00	2.0189624630E00	2.1720621273E00	?	2.2369801223E00	2.0051981866E00	2.0051981866E00	2.0033240134E00	2.1952665931E00	2.1958146206E00	1.2578326361E00	?	1.3436616477E00	1.8698556788E00	1.8698556788E00	1.8567313402E00	1.9997244349E00	2.0025180383E00	2.0075490021E00	2.0064316890E00	2.0007510827E00	1.5807547702E00	1.5842701205E00	1.2152134962E-02	0.0000000000E00	7.1794253138E-02	2.3969132850E00	2.3894408160E00	1.9963969072E00	1.9964603905E00	8.1974004355E00	1.9963969073E00	8.1691307444E00	2.7946699800E00	8.1907499398E00	2.8144787659E00	2.2612059282E00	
Swaption Value Monte-Carlo Multi-Curve	2.0390085562E00	2.0393003738E00	2.0126965172E00	2.0185911818E00	2.1717622728E00	?	2.2366467877E00	2.0048749029E00	2.0048749029E00	2.0030108176E00	2.1761339602E00	2.1766142941E00	1.2805861705E00	?	1.3651034116E00	1.8656466080E00	1.8656466080E00	1.8523933468E00	1.9993728757E00	2.0021570171E00	2.0072324855E00	2.0061122269E00	2.0004304165E00	1.5662918192E00	1.5693371340E00	6.8032488480E-02	7.1794253138E-02	0.0000000000E00	2.3942236751E00	2.3883437907E00	1.9962573823E00	1.9963230184E00	7.6359672382E00	1.9962573824E00	7.6111724700E00	2.7274221397E00	7.6301793623E00	2.7464223459E00	2.2594982005E00	
Swaption Exercise Date	1.7510952667E00	1.7658104227E00	1.4751881691E00	1.4670794546E00	1.7025032658E00	?	1.7241238606E00	1.5067044560E00	1.5067044560E00	1.5222469981E00	2.4464895514E00	2.4464896838E00	2.4328839379E00	?	2.4350312974E00	2.4425137581E00	2.4425137581E00	2.4421420686E00	1.4591191078E00	1.4498126681E00	1.4989580155E00	1.4939383380E00	1.4978471210E00	2.4348787802E00	2.4348007949E00	2.3964830981E00	2.3969132850E00	2.3942236751E00	0.0000000000E00	1.4001936390E00	1.7624511097E00	1.7659784663E00	2.4689078285E00	1.7624511242E00	2.4688091792E00	2.4463951124E00	2.4688931826E00	2.4466637961E00	4.9749066255E-01	
Swaption Number Of Periods	1.4229113979E00	1.4514419312E00	1.1021146796E00	1.0982384179E00	1.3675005544E00	?	1.3423253142E00	1.0710657344E00	1.0710657344E00	1.1262324150E00	2.4196041777E00	2.4196067771E00	2.4105347653E00	?	2.4115316283E00	2.4171358958E00	2.4171358958E00	2.4170078260E00	1.0836390658E00	1.0791893472E00	1.0990695799E00	1.0920732346E00	1.1283122050E00	2.4138146482E00	2.4138295892E00	2.3891953034E00	2.3894408160E00	2.3883437907E00	1.4001936390E00	0.0000000000E00	1.5357830170E00	1.5428776876E00	2.4367625374E00	1.5357830755E00	2.4367198073E00	2.4226541479E00	2.4367529254E00	2.4227875882E00	1.0671823216E00	
Numeraire Single-Curve	3.5829076625E-01	3.1413970637E-01	8.3544356170E-01	8.5641574112E-01	7.9083947732E-01	?	9.0956655464E-01	8.2735087015E-01	8.2735087015E-01	7.6445203100E-01	1.9999044372E00	1.9999045424E00	1.9987997747E00	?	1.9989302419E00	1.9996048361E00	1.9996048361E00	1.9995862963E00	8.5334288945E-01	8.6571524102E-01	8.4742077334E-01	8.5472324537E-01	8.0634163695E-01	1.9992353918E00	1.9992349957E00	1.9963676952E00	1.9963969072E00	1.9962573823E00	1.7624511097E00	1.5357830170E00	0.0000000000E00	1.8836548007E-02	2.0019528184E00	3.9984963634E-07	2.0019477860E00	2.0002089761E00	2.0019519321E00	2.0002257544E00	1.6369703866E00	
Discount Single-Curve	3.7519219696E-01	3.3047636700E-01	8.4896937176E-01	8.6975572343E-01	8.0515971850E-01	?	9.2387871534E-01	8.4172640260E-01	8.4172640260E-01	7.7894112947E-01	1.9999060536E00	1.9999061559E00	1.9988232011E00	?	1.9989515111E00	1.9996120416E00	1.9996120416E00	1.9995937913E00	8.6732421257E-01	8.7954660263E-01	8.6191826653E-01	8.6920725655E-01	8.2099241646E-01	1.9992479118E00	1.9992475108E00	1.9964316458E00	1.9964603905E00	1.9963230184E00	1.7659784663E00	1.5428776876E00	1.8836548007E-02	0.0000000000E00	2.0019111016E00	1.8836411621E-02	2.0019061515E00	2.0002018699E00	2.0019102317E00	2.0002183696E00	1.6421578923E00	
OIS Spot Rate Single-Curve	2.0473122488E00	2.0471429847E00	2.0260018998E00	2.0321307164E00	2.1838917484E00	?	2.2510337453E00	2.0188453427E00	2.0188453427E00	2.0156595360E00	-3.7523085091E00	-3.7512744064E00	-1.3577595356E01	?	-1.1353356802E01	-4.9346732062E00	-4.9346732062E00	-4.9918720428E00	2.0131818508E00	2.0160930828E00	2.0213824114E00	2.0204132377E00	2.0136807272E00	-6.3888418924E00	-6.3816174373E00	8.0861967456E00	8.1974004355E00	7.6359672382E00	2.4689078285E00	2.4367625374E00	2.0019528184E00	2.0019111016E00	-0.0000000000E00	2.0019528176E00	-1.7273831609E-02	-2.1322998089E00	-7.8327015505E-03	-2.1067322584E00	2.3080346771E00	
Numeraire Multi-Curve	3.5829093883E-01	3.1413988352E-01	8.3544364615E-01	8.5641581308E-01	7.9083956520E-01	?	9.0956664298E-01	8.2735098095E-01	8.2735098095E-01	7.6445214177E-01	1.9999044367E00	1.9999045419E00	1.9987997744E00	?	1.9989302416E00	1.9996048357E00	1.9996048357E00	1.9995862959E00	8.5334297741E-01	8.6571532717E-01	8.4742088012E-01	8.5472335240E-01	8.0634173685E-01	1.9992353915E00	1.9992349954E00	1.9963676953E00	1.9963969073E00	1.9962573824E00	1.7624511242E00	1.5357830755E00	3.9984963634E-07	1.8836411621E-02	2.0019528176E00	0.0000000000E00	2.0019477852E00	2.0002089756E00	2.0019519312E00	2.0002257538E00	1.6369704104E00	
OIS Spot Rate Multi-Curve	2.0473058038E00	2.0471368982E00	2.0259892850E00	2.0321189625E00	2.1838809756E00	?	2.2510214881E00	2.0188336887E00	2.0188336887E00	2.0156463584E00	-3.7617633295E00	-3.7607772507E00	-1.3669026047E01	?	-1.1417947168E01	-4.9496670126E00	-4.9496670126E00	-5.0070051322E00	2.0131695434E00	2.0160799929E00	2.0213708256E00	2.0204015498E00	2.0136700550E00	-6.4116559228E00	-6.4042528524E00	8.0587051610E00	8.1691307444E00	7.6111724700E00	2.4688091792E00	2.4367198073E00	2.0019477860E00	2.0019061515E00	-1.7273831609E-02	2.0019477852E00	-0.0000000000E00	-2.1350704017E00	-1.4030611613E-02	-2.1098803268E00	2.3079752917E00	
LIBOR Spot Rate Multi-Curve	2.0447268376E00	2.0447013362E00	2.0220133891E00	2.0280669591E00	2.1800927076E00	?	2.2464214555E00	2.0146055658E00	2.0146055658E00	2.0118318930E00	-2.9335350815E01	-2.9282496722E01	5.4147032840E00	?	6.1002904472E00	1.5614143076E01	1.5614143076E01	1.4243000194E01	2.0089768719E00	2.0118553170E00	2.0170070414E00	2.0159884507E00	2.0095957410E00	5.2421066195E00	5.2231732396E00	2.7871649062E00	2.7946699800E00	2.7274221397E00	2.4463951124E00	2.4226541479E00	2.0002089761E00	2.0002018699E00	-2.1322998089E00	2.0002089756E00	-2.1350704017E00	-0.0000000000E00	-2.1319392600E00	-2.1810142174E-01	2.2937912532E00	
OIS Forward Rate Multi-Curve	2.0473108752E00	2.0471416875E00	2.0259998638E00	2.0321296570E00	2.1838899042E00	?	2.2510318238E00	2.0188429363E00	2.0188429363E00	2.0156571863E00	-3.7525640815E00	-3.7515667581E00	-1.3590228344E01	?	-1.1361789035E01	-4.9356111232E00	-4.9356111232E00	-4.9928447172E00	2.0131799708E00	2.0160909361E00	2.0213803366E00	2.0204110925E00	2.0136792663E00	-6.3905600323E00	-6.3832654012E00	8.0797133874E00	8.1907499398E00	7.6301793623E00	2.4688931826E00	2.4367529254E00	2.0019519321E00	2.0019102317E00	-7.8327015505E-03	2.0019519312E00	-1.4030611613E-02	-2.1319392600E00	-0.0000000000E00	-2.1064200128E00	2.3080272558E00	
LIBOR Forward Rate Multi-Curve	2.0447493278E00	2.0447225769E00	2.0220549801E00	2.0281091692E00	2.1801283388E00	?	2.2464635665E00	2.0146451172E00	2.0146451172E00	2.0118724726E00	-2.4717957331E01	-2.4676618155E01	5.5119522470E00	?	6.2241089440E00	1.6980348057E01	1.6980348057E01	1.5386570425E01	2.0090188257E00	2.0118980944E00	2.0170481703E00	2.0160297335E00	2.0096343941E00	5.4209270501E00	5.4016445085E00	2.8068375224E00	2.8144787659E00	2.7464223459E00	2.4466637961E00	2.4227875882E00	2.0002257544E00	2.0002183696E00	-2.1067322584E00	2.0002257538E00	-2.1098803268E00	-2.1810142174E-01	-2.1064200128E00	-0.0000000000E00	2.2939650437E00	
Time	1.5968631358E00	1.6182248660E00	1.2211016549E00	1.2077114398E00	1.4867409640E00	?	1.4977170269E00	1.2660513835E00	1.2660513835E00	1.2878756029E00	2.2936522915E00	2.2936517145E00	2.2849107438E00	?	2.2862640744E00	2.2910958397E00	2.2910958397E00	2.2908672138E00	1.2077861389E00	1.1951037974E00	1.2602896498E00	1.2543887850E00	1.2617218351E00	2.2862184422E00	2.2861805258E00	2.2609181115E00	2.2612059282E00	2.2594982005E00	4.9749066255E-01	1.0671823216E00	1.6369703866E00	1.6421578923E00	2.3080346771E00	1.6369704104E00	2.3079752917E00	2.2937912532E00	2.3080272558E00	2.2939650437E00	0.0000000000E00	
