	Target (OIS)	Target (LIBOR)	Caplet Vola Analytic Single-Curve	Caplet Vola Monte-Carlo Single-Curve	Caplet Vola Analytic Multi-Curve Fenton-Wilkinson	Caplet Vola Analytic Multi-Curve Ju	Caplet Vola Analytic Multi-Curve Ho	Caplet Vola Analytic Multi-Curve Drift-Freeze	Caplet Vola Analytic Multi-Curve Integrated-Expectation	Caplet Vola Monte-Carlo Multi-Curve	Caplet Value Analytic Single-Curve	Caplet Value Monte-Carlo Single-Curve	Caplet Value Analytic Multi-Curve Fenton-Wilkinson	Caplet Value Analytic Multi-Curve Ju	Caplet Value Analytic Multi-Curve Ho	Caplet Value Analytic Multi-Curve Drift-Freeze	Caplet Value Analytic Multi-Curve Integrated-Expectation	Caplet Value Monte-Carlo Multi-Curve	Swaption Vola Analytic Single-Curve	Swaption Vola Monte-Carlo Single-Curve	Swaption Vola Analytic Multi-Curve Drift-Freeze	Swaption Vola Analytic Multi-Curve Integrated-Expectation	Swaption Vola Monte-Carlo Multi-Curve	Swaption Value Analytic Single-Curve	Swaption Value Monte-Carlo Single-Curve	Swaption Value Analytic Multi-Curve Drift-Freeze	Swaption Value Analytic Multi-Curve Integrated-Expectation	Swaption Value Monte-Carlo Multi-Curve	Swaption Exercise Date	Swaption Number Of Periods	Numeraire Single-Curve	Discount Single-Curve	OIS Spot Rate Single-Curve	Numeraire Multi-Curve	OIS Spot Rate Multi-Curve	LIBOR Spot Rate Multi-Curve	OIS Forward Rate Multi-Curve	LIBOR Forward Rate Multi-Curve	Time
Target (OIS)	0.0000000000E00	5.1282051282E-02	3.0772880588E-01	3.0491602545E-01	3.4434589488E-01	3.4922582759E-01	3.5308979487E-01	3.5737094302E-01	3.5737094302E-01	3.5054969468E-01	1.9612729985E00	1.9617480246E00	1.9599232126E00	1.9599358671E00	1.9646154231E00	1.9607560764E00	1.9607560764E00	1.9610190483E00	2.7496312122E-01	2.7808842442E-01	3.2863425661E-01	3.3072228882E-01	3.3432518920E-01	1.6676740349E00	1.6741281403E00	1.6641102208E00	1.6656095759E00	1.6696647431E00	1.5389752351E00	1.1403252068E00	2.0000000000E00	5.4211942888E-01	1.8196927269E00	2.0000000000E00	1.8195579763E00	1.8063623281E00	1.8187036297E00	1.8055144931E00	1.3164531562E00	
Target (LIBOR)	5.1282051282E-02	0.0000000000E00	3.1926073340E-01	3.1873722534E-01	3.5596886250E-01	3.6054981589E-01	3.7181489532E-01	3.7010174884E-01	3.7010174884E-01	3.6611264534E-01	1.9631915300E00	1.9636432394E00	1.9619079694E00	1.9619200032E00	1.9663697771E00	1.9626999751E00	1.9626999751E00	1.9629500429E00	2.9471183833E-01	3.0253467968E-01	3.5587403940E-01	3.5817117605E-01	3.6302584724E-01	1.6829733810E00	1.6891555400E00	1.6795593004E00	1.6809956973E00	1.6848803167E00	1.5594878859E00	1.1744375056E00	2.0000000000E00	4.9427269596E-01	1.8283211538E00	2.0000000000E00	1.8281925614E00	1.8155978718E00	1.8273772497E00	1.8147885066E00	1.3450342513E00	
Caplet Vola Analytic Single-Curve	3.0772880588E-01	3.1926073340E-01	0.0000000000E00	1.3140043835E-02	4.0420839730E-02	4.1925852779E-02	9.2115742552E-02	6.4984063203E-02	6.4984063203E-02	7.0134190329E-02	1.9542021887E00	1.9547629550E00	1.9526089061E00	1.9526238425E00	1.9581484286E00	1.9535919923E00	1.9535919923E00	1.9539024117E00	9.2525558366E-02	1.0533335078E-01	1.1094299463E-01	1.1317783270E-01	1.2619248979E-01	1.6122449290E00	1.6196638920E00	1.6081502078E00	1.6098727624E00	1.6145327740E00	1.4652102507E00	1.0204306489E00	2.0000000000E00	6.9526822841E-01	1.7881544954E00	2.0000000000E00	1.7879974832E00	1.7726312195E00	1.7870020388E00	1.7716445545E00	1.2149818577E00	
Caplet Vola Monte-Carlo Single-Curve	3.0491602545E-01	3.1873722534E-01	1.3140043835E-02	0.0000000000E00	4.0482251887E-02	4.5352040922E-02	7.9663487377E-02	5.5193925141E-02	5.5193925141E-02	5.7671663417E-02	1.9536339326E00	1.9542015763E00	1.9520211205E00	1.9520362399E00	1.9576286125E00	1.9530162549E00	1.9530162549E00	1.9533304799E00	8.4454069156E-02	9.3538658935E-02	9.9428317802E-02	1.0203521108E-01	1.1352662941E-01	1.6078544751E00	1.6153484961E00	1.6037184768E00	1.6054583828E00	1.6101654291E00	1.4594041136E00	1.0111735715E00	2.0000000000E00	7.0621202525E-01	1.7856376229E00	2.0000000000E00	1.7854788509E00	1.7699411201E00	1.7844722534E00	1.7689434965E00	1.2070806679E00	
Caplet Vola Analytic Multi-Curve Fenton-Wilkinson	3.4434589488E-01	3.5596886250E-01	4.0420839730E-02	4.0482251887E-02	0.0000000000E00	5.3830182479E-03	5.1743067801E-02	2.4579364191E-02	2.4579364191E-02	2.9742864757E-02	1.9523353318E00	1.9529186845E00	1.9506779123E00	1.9506934497E00	1.9564406603E00	1.9517005657E00	1.9517005657E00	1.9520234832E00	1.1051006556E-01	1.1985637463E-01	1.0999598754E-01	1.1199415316E-01	1.2470146879E-01	1.5978564845E00	1.6055206793E00	1.5936269137E00	1.5954061531E00	1.6002198290E00	1.4462022535E00	9.9176597452E-01	2.0000000000E00	7.3055630272E-01	1.7798957971E00	2.0000000000E00	1.7797330197E00	1.7638050862E00	1.7787010371E00	1.7627825286E00	1.1891611181E00	
Caplet Vola Analytic Multi-Curve Ju	3.4922582759E-01	3.6054981589E-01	4.1925852779E-02	4.5352040922E-02	5.3830182479E-03	0.0000000000E00	5.0404926876E-02	2.3240541418E-02	2.3240541418E-02	2.8592044969E-02	1.9522722274E00	1.9528563432E00	1.9506126410E00	1.9506281987E00	1.9563829311E00	1.9516366313E00	1.9516366313E00	1.9519599710E00	1.1400271193E-01	1.2403152079E-01	1.1114929780E-01	1.1276167648E-01	1.2568555441E-01	1.5973718856E00	1.6050443023E00	1.5931377944E00	1.5949189339E00	1.5997377612E00	1.4455630673E00	9.9161613546E-01	2.0000000000E00	7.3171637089E-01	1.7796171258E00	2.0000000000E00	1.7794541544E00	1.7635073173E00	1.7784209419E00	1.7624835520E00	1.1882951357E00	
Caplet Vola Analytic Multi-Curve Ho	3.5308979487E-01	3.7181489532E-01	9.2115742552E-02	7.9663487377E-02	5.1743067801E-02	5.0404926876E-02	0.0000000000E00	3.0082123353E-02	3.0082123353E-02	2.2055419868E-02	1.9498352656E00	1.9504488322E00	1.9480920543E00	1.9481083956E00	1.9541534255E00	1.9491676336E00	1.9491676336E00	1.9495072692E00	1.1557683984E-01	1.0862551525E-01	8.0306071988E-02	8.2243841487E-02	8.6774749083E-02	1.5787452911E00	1.5867318768E00	1.5743384977E00	1.5761922287E00	1.5812078761E00	1.4210436950E00	9.5476611301E-01	2.0000000000E00	7.7497561377E-01	1.7688799831E00	2.0000000000E00	1.7687095575E00	1.7520367904E00	1.7676291036E00	1.7509666554E00	1.1551879732E00	
Caplet Vola Analytic Multi-Curve Drift-Freeze	3.5737094302E-01	3.7010174884E-01	6.4984063203E-02	5.5193925141E-02	2.4579364191E-02	2.3240541418E-02	3.0082123353E-02	0.0000000000E00	0.0000000000E00	1.2983632859E-02	1.9511636689E00	1.9517611862E00	1.9494660287E00	1.9494819430E00	1.9553687725E00	1.9505134948E00	1.9505134948E00	1.9508442501E00	1.1446311577E-01	1.1744068619E-01	9.8957566834E-02	1.0073257629E-01	1.1043696008E-01	1.5888776331E00	1.5966937679E00	1.5845645309E00	1.5863788816E00	1.5912877508E00	1.4343696779E00	9.7549475353E-01	2.0000000000E00	7.5176089771E-01	1.7747269351E00	2.0000000000E00	1.7745605631E00	1.7582825188E00	1.7735057989E00	1.7572375945E00	1.1731542336E00	
Caplet Vola Analytic Multi-Curve Integrated-Expectation	3.5737094302E-01	3.7010174884E-01	6.4984063203E-02	5.5193925141E-02	2.4579364191E-02	2.3240541418E-02	3.0082123353E-02	0.0000000000E00	0.0000000000E00	1.2983632859E-02	1.9511636689E00	1.9517611862E00	1.9494660287E00	1.9494819430E00	1.9553687725E00	1.9505134948E00	1.9505134948E00	1.9508442501E00	1.1446311577E-01	1.1744068619E-01	9.8957566834E-02	1.0073257629E-01	1.1043696008E-01	1.5888776331E00	1.5966937679E00	1.5845645309E00	1.5863788816E00	1.5912877508E00	1.4343696779E00	9.7549475353E-01	2.0000000000E00	7.5176089771E-01	1.7747269351E00	2.0000000000E00	1.7745605631E00	1.7582825188E00	1.7735057989E00	1.7572375945E00	1.1731542336E00	
Caplet Vola Monte-Carlo Multi-Curve	3.5054969468E-01	3.6611264534E-01	7.0134190329E-02	5.7671663417E-02	2.9742864757E-02	2.8592044969E-02	2.2055419868E-02	1.2983632859E-02	1.2983632859E-02	0.0000000000E00	1.9509143158E00	1.9515148466E00	1.9492081191E00	1.9492241135E00	1.9551406464E00	1.9502608638E00	1.9502608638E00	1.9505932864E00	1.1026669927E-01	1.0795183139E-01	8.9286462616E-02	9.1428604852E-02	9.9214517301E-02	1.5869718512E00	1.5948201276E00	1.5826410805E00	1.5844628577E00	1.5893918629E00	1.4318610485E00	9.7047307496E-01	2.0000000000E00	7.5618414192E-01	1.7736283276E00	2.0000000000E00	1.7734611930E00	1.7571088759E00	1.7724015954E00	1.7560592073E00	1.1697671494E00	
Caplet Value Analytic Single-Curve	1.9612729985E00	1.9631915300E00	1.9542021887E00	1.9536339326E00	1.9523353318E00	1.9522722274E00	1.9498352656E00	1.9511636689E00	1.9511636689E00	1.9509143158E00	0.0000000000E00	1.2745619291E-02	3.4597580364E-02	3.4278673679E-02	1.0275411469E-01	1.3389850460E-02	1.3389850460E-02	1.4865591796E-02	1.9537702281E00	1.9527544355E00	1.9502951818E00	1.9501549064E00	1.9494191937E00	1.6104470194E00	1.6028679944E00	1.6145203037E00	1.6128160687E00	1.6081375535E00	1.7207681364E00	1.8620758456E00	2.0000000000E00	1.9776983527E00	1.3137085479E00	2.0000000000E00	1.3141532263E00	1.3552090196E00	1.3169599470E00	1.3576885723E00	1.8188583841E00	
Caplet Value Monte-Carlo Single-Curve	1.9617480246E00	1.9636432394E00	1.9547629550E00	1.9542015763E00	1.9529186845E00	1.9528563432E00	1.9504488322E00	1.9517611862E00	1.9517611862E00	1.9515148466E00	1.2745619291E-02	0.0000000000E00	4.7054124773E-02	4.6735298885E-02	9.0449877971E-02	2.5850388275E-02	2.5850388275E-02	1.9193870685E-02	1.9543362225E00	1.9533327195E00	1.9509031930E00	1.9507646122E00	1.9500377849E00	1.6148068377E00	1.6073034101E00	1.6188393472E00	1.6171521845E00	1.6125204451E00	1.7239876478E00	1.8637257676E00	2.0000000000E00	1.9779730254E00	1.3207646272E00	2.0000000000E00	1.3212056702E00	1.3619205749E00	1.3239894168E00	1.3643792076E00	1.8210013348E00	
Caplet Value Analytic Multi-Curve Fenton-Wilkinson	1.9599232126E00	1.9619079694E00	1.9526089061E00	1.9520211205E00	1.9506779123E00	1.9506126410E00	1.9480920543E00	1.9494660287E00	1.9494660287E00	1.9492081191E00	3.4597580364E-02	4.7054124773E-02	0.0000000000E00	3.9709067083E-03	1.2554020743E-01	2.1210186342E-02	2.1210186342E-02	2.7999055350E-02	1.9521620996E00	1.9511114090E00	1.9485677443E00	1.9484226575E00	1.9476617156E00	1.5981101425E00	1.5903183306E00	1.6022982154E00	1.6005459172E00	1.5957357269E00	1.7116460166E00	1.8573931226E00	2.0000000000E00	1.9769177181E00	1.2938122774E00	2.0000000000E00	1.2942671018E00	1.3362749039E00	1.2971379442E00	1.3388129195E00	1.8127794956E00	
Caplet Value Analytic Multi-Curve Ju	1.9599358671E00	1.9619200032E00	1.9526238425E00	1.9520362399E00	1.9506934497E00	1.9506281987E00	1.9481083956E00	1.9494819430E00	1.9494819430E00	1.9492241135E00	3.4278673679E-02	4.6735298885E-02	3.9709067083E-03	0.0000000000E00	1.2522245987E-01	2.0891220415E-02	2.0891220415E-02	2.7680115893E-02	1.9521771751E00	1.9511268115E00	1.9485839378E00	1.9484388960E00	1.9476781906E00	1.5982254503E00	1.5904356195E00	1.6024124544E00	1.6006606037E00	1.5958516394E00	1.7117313591E00	1.8574369860E00	2.0000000000E00	1.9769250378E00	1.2939977614E00	2.0000000000E00	1.2944524920E00	1.3364514817E00	1.2973227411E00	1.3389889559E00	1.8128364156E00	
Caplet Value Analytic Multi-Curve Ho	1.9646154231E00	1.9663697771E00	1.9581484286E00	1.9576286125E00	1.9564406603E00	1.9563829311E00	1.9541534255E00	1.9553687725E00	1.9553687725E00	1.9551406464E00	1.0275411469E-01	9.0449877971E-02	1.2554020743E-01	1.2522245987E-01	0.0000000000E00	1.0621760239E-01	1.0621760239E-01	9.8497147602E-02	1.9577532909E00	1.9568240612E00	1.9545742075E00	1.9544458691E00	1.9537727497E00	1.6413267044E00	1.6342876100E00	1.6451088398E00	1.6435265019E00	1.6391820133E00	1.7435239451E00	1.8737067573E00	2.0000000000E00	1.9796304383E00	1.3639667524E00	2.0000000000E00	1.3643851126E00	1.4029756359E00	1.3670255285E00	1.4053040591E00	1.8339770835E00	
Caplet Value Analytic Multi-Curve Drift-Freeze	1.9607560764E00	1.9626999751E00	1.9535919923E00	1.9530162549E00	1.9517005657E00	1.9516366313E00	1.9491676336E00	1.9505134948E00	1.9505134948E00	1.9502608638E00	1.3389850460E-02	2.5850388275E-02	2.1210186342E-02	2.0891220415E-02	1.0621760239E-01	0.0000000000E00	0.0000000000E00	1.0460521444E-02	1.9531543445E00	1.9521251832E00	1.9496335926E00	1.9494914740E00	1.9487460961E00	1.6057134274E00	1.5980525600E00	1.6098308587E00	1.6081081392E00	1.6033789812E00	1.7172701173E00	1.8602815567E00	2.0000000000E00	1.9773994229E00	1.3060622240E00	2.0000000000E00	1.3065108199E00	1.3479340877E00	1.3093422982E00	1.3504362001E00	1.8165285776E00	
Caplet Value Analytic Multi-Curve Integrated-Expectation	1.9607560764E00	1.9626999751E00	1.9535919923E00	1.9530162549E00	1.9517005657E00	1.9516366313E00	1.9491676336E00	1.9505134948E00	1.9505134948E00	1.9502608638E00	1.3389850460E-02	2.5850388275E-02	2.1210186342E-02	2.0891220415E-02	1.0621760239E-01	0.0000000000E00	0.0000000000E00	1.0460521444E-02	1.9531543445E00	1.9521251832E00	1.9496335926E00	1.9494914740E00	1.9487460961E00	1.6057134274E00	1.5980525600E00	1.6098308587E00	1.6081081392E00	1.6033789812E00	1.7172701173E00	1.8602815567E00	2.0000000000E00	1.9773994229E00	1.3060622240E00	2.0000000000E00	1.3065108199E00	1.3479340877E00	1.3093422982E00	1.3504362001E00	1.8165285776E00	
Caplet Value Monte-Carlo Multi-Curve	1.9610190483E00	1.9629500429E00	1.9539024117E00	1.9533304799E00	1.9520234832E00	1.9519599710E00	1.9495072692E00	1.9508442501E00	1.9508442501E00	1.9505932864E00	1.4865591796E-02	1.9193870685E-02	2.7999055350E-02	2.7680115893E-02	9.8497147602E-02	1.0460521444E-02	1.0460521444E-02	0.0000000000E00	1.9534676569E00	1.9524452959E00	1.9499701544E00	1.9498289734E00	1.9490885119E00	1.6081201331E00	1.6005008463E00	1.6122151348E00	1.6105018067E00	1.6057983785E00	1.7190489439E00	1.8611942091E00	2.0000000000E00	1.9775515005E00	1.3099479458E00	2.0000000000E00	1.3103945538E00	1.3516313286E00	1.3132134687E00	1.3541219909E00	1.8177135324E00	
Swaption Vola Analytic Single-Curve	2.7496312122E-01	2.9471183833E-01	9.2525558366E-02	8.4454069156E-02	1.1051006556E-01	1.1400271193E-01	1.1557683984E-01	1.1446311577E-01	1.1446311577E-01	1.1026669927E-01	1.9537702281E00	1.9543362225E00	1.9521620996E00	1.9521771751E00	1.9577532909E00	1.9531543445E00	1.9531543445E00	1.9534676569E00	0.0000000000E00	2.1990837173E-02	7.3324298250E-02	7.6174015725E-02	9.0986413766E-02	1.6089066616E00	1.6163827129E00	1.6047805450E00	1.6065162971E00	1.6112120831E00	1.4607950856E00	1.0133889352E00	2.0000000000E00	7.0360365403E-01	1.7862410525E00	2.0000000000E00	1.7860827022E00	1.7705860576E00	1.7850787772E00	1.7695910598E00	1.2089724223E00	
Swaption Vola Monte-Carlo Single-Curve	2.7808842442E-01	3.0253467968E-01	1.0533335078E-01	9.3538658935E-02	1.1985637463E-01	1.2403152079E-01	1.0862551525E-01	1.1744068619E-01	1.1744068619E-01	1.0795183139E-01	1.9527544355E00	1.9533327195E00	1.9511114090E00	1.9511268115E00	1.9568240612E00	1.9521251832E00	1.9521251832E00	1.9524452959E00	2.1990837173E-02	0.0000000000E00	5.3996817295E-02	5.7441517917E-02	6.9030106615E-02	1.6010778400E00	1.6086873184E00	1.5968783538E00	1.5986449472E00	1.6034243397E00	1.4504528742E00	9.9695243682E-01	2.0000000000E00	7.2279855580E-01	1.7817473917E00	2.0000000000E00	1.7815859046E00	1.7657836542E00	1.7805620990E00	1.7647691271E00	1.1949237401E00	
Swaption Vola Analytic Multi-Curve Drift-Freeze	3.2863425661E-01	3.5587403940E-01	1.1094299463E-01	9.9428317802E-02	1.0999598754E-01	1.1114929780E-01	8.0306071988E-02	9.8957566834E-02	9.8957566834E-02	8.9286462616E-02	1.9502951818E00	1.9509031930E00	1.9485677443E00	1.9485839378E00	1.9545742075E00	1.9496335926E00	1.9496335926E00	1.9499701544E00	7.3324298250E-02	5.3996817295E-02	0.0000000000E00	4.7474534598E-03	1.8610239520E-02	1.5822475719E00	1.5901753616E00	1.5778730948E00	1.5797132428E00	1.5846920592E00	1.4256466736E00	9.5996547093E-01	2.0000000000E00	7.6703488132E-01	1.7709026925E00	2.0000000000E00	1.7707336677E00	1.7541972937E00	1.7696620913E00	1.7531358693E00	1.1613864971E00	
Swaption Vola Analytic Multi-Curve Integrated-Expectation	3.3072228882E-01	3.5817117605E-01	1.1317783270E-01	1.0203521108E-01	1.1199415316E-01	1.1276167648E-01	8.2243841487E-02	1.0073257629E-01	1.0073257629E-01	9.1428604852E-02	1.9501549064E00	1.9507646122E00	1.9484226575E00	1.9484388960E00	1.9544458691E00	1.9494914740E00	1.9494914740E00	1.9498289734E00	7.6174015725E-02	5.7441517917E-02	4.7474534598E-03	0.0000000000E00	1.6553403649E-02	1.5811787293E00	1.5891244762E00	1.5767943821E00	1.5786386786E00	1.5836287439E00	1.4242415572E00	9.5788433014E-01	2.0000000000E00	7.6946751379E-01	1.7702855819E00	2.0000000000E00	1.7701161296E00	1.7535381255E00	1.7690418436E00	1.7524740424E00	1.1594935081E00	
Swaption Vola Monte-Carlo Multi-Curve	3.3432518920E-01	3.6302584724E-01	1.2619248979E-01	1.1352662941E-01	1.2470146879E-01	1.2568555441E-01	8.6774749083E-02	1.1043696008E-01	1.1043696008E-01	9.9214517301E-02	1.9494191937E00	1.9500377849E00	1.9476617156E00	1.9476781906E00	1.9537727497E00	1.9487460961E00	1.9487460961E00	1.9490885119E00	9.0986413766E-02	6.9030106615E-02	1.8610239520E-02	1.6553403649E-02	0.0000000000E00	1.5755820801E00	1.5836216597E00	1.5711461614E00	1.5730121341E00	1.5780609766E00	1.4168892470E00	9.4753605223E-01	2.0000000000E00	7.8207330266E-01	1.7670515640E00	2.0000000000E00	1.7668798735E00	1.7500839584E00	1.7657914035E00	1.7490059593E00	1.1496000280E00	
Swaption Value Analytic Single-Curve	1.6676740349E00	1.6829733810E00	1.6122449290E00	1.6078544751E00	1.5978564845E00	1.5973718856E00	1.5787452911E00	1.5888776331E00	1.5888776331E00	1.5869718512E00	1.6104470194E00	1.6148068377E00	1.5981101425E00	1.5982254503E00	1.6413267044E00	1.6057134274E00	1.6057134274E00	1.6081201331E00	1.6089066616E00	1.6010778400E00	1.5822475719E00	1.5811787293E00	1.5755820801E00	0.0000000000E00	2.1369441181E-02	1.1638781590E-02	8.9883388081E-03	9.8585608421E-03	7.4680812567E-01	1.0052833258E00	2.0000000000E00	1.8024128006E00	7.9153522801E-01	2.0000000000E00	7.9102770123E-01	7.4616375383E-01	7.8792440854E-01	7.4324405596E-01	7.8197449111E-01	
Swaption Value Monte-Carlo Single-Curve	1.6741281403E00	1.6891555400E00	1.6196638920E00	1.6153484961E00	1.6055206793E00	1.6050443023E00	1.5867318768E00	1.5966937679E00	1.5966937679E00	1.5948201276E00	1.6028679944E00	1.6073034101E00	1.5903183306E00	1.5904356195E00	1.6342876100E00	1.5980525600E00	1.5980525600E00	1.6005008463E00	1.6163827129E00	1.6086873184E00	1.5901753616E00	1.5891244762E00	1.5836216597E00	2.1369441181E-02	0.0000000000E00	3.3006170494E-02	2.8124373689E-02	1.4819118174E-02	7.4921592767E-01	1.0211684940E00	2.0000000000E00	1.8063882787E00	7.7785802313E-01	2.0000000000E00	7.7734706071E-01	7.3224056718E-01	7.7422364620E-01	7.2930417545E-01	7.9816626364E-01	
Swaption Value Analytic Multi-Curve Drift-Freeze	1.6641102208E00	1.6795593004E00	1.6081502078E00	1.6037184768E00	1.5936269137E00	1.5931377944E00	1.5743384977E00	1.5845645309E00	1.5845645309E00	1.5826410805E00	1.6145203037E00	1.6188393472E00	1.6022982154E00	1.6024124544E00	1.6451088398E00	1.6098308587E00	1.6098308587E00	1.6122151348E00	1.6047805450E00	1.5968783538E00	1.5778730948E00	1.5767943821E00	1.5711461614E00	1.1638781590E-02	3.3006170494E-02	0.0000000000E00	5.2505309724E-03	1.8262240032E-02	7.4554568436E-01	9.9655954892E-01	2.0000000000E00	1.8002151976E00	7.9781304153E-01	2.0000000000E00	7.9730772069E-01	7.5201470930E-01	7.9421751105E-01	7.4910710891E-01	7.7371972371E-01	
Swaption Value Analytic Multi-Curve Integrated-Expectation	1.6656095759E00	1.6809956973E00	1.6098727624E00	1.6054583828E00	1.5954061531E00	1.5949189339E00	1.5761922287E00	1.5863788816E00	1.5863788816E00	1.5844628577E00	1.6128160687E00	1.6171521845E00	1.6005459172E00	1.6006606037E00	1.6435265019E00	1.6081081392E00	1.6081081392E00	1.6105018067E00	1.6065162971E00	1.5986449472E00	1.5797132428E00	1.5786386786E00	1.5730121341E00	8.9883388081E-03	2.8124373689E-02	5.2505309724E-03	0.0000000000E00	1.3571966681E-02	7.4470772657E-01	1.0002256717E00	2.0000000000E00	1.8011399763E00	7.9354925553E-01	2.0000000000E00	7.9304344275E-01	7.4774811748E-01	7.8995048786E-01	7.4483841344E-01	7.7765871300E-01	
Swaption Value Monte-Carlo Multi-Curve	1.6696647431E00	1.6848803167E00	1.6145327740E00	1.6101654291E00	1.6002198290E00	1.5997377612E00	1.5812078761E00	1.5912877508E00	1.5912877508E00	1.5893918629E00	1.6081375535E00	1.6125204451E00	1.5957357269E00	1.5958516394E00	1.6391820133E00	1.6033789812E00	1.6033789812E00	1.6057983785E00	1.6112120831E00	1.6034243397E00	1.5846920592E00	1.5836287439E00	1.5780609766E00	9.8585608421E-03	1.4819118174E-02	1.8262240032E-02	1.3571966681E-02	0.0000000000E00	7.4702764578E-01	1.0101710592E00	2.0000000000E00	1.8036396044E00	7.8585867762E-01	2.0000000000E00	7.8535049113E-01	7.3978750914E-01	7.8224351933E-01	7.3686614931E-01	7.8731063517E-01	
Swaption Exercise Date	1.5389752351E00	1.5594878859E00	1.4652102507E00	1.4594041136E00	1.4462022535E00	1.4455630673E00	1.4210436950E00	1.4343696779E00	1.4343696779E00	1.4318610485E00	1.7207681364E00	1.7239876478E00	1.7116460166E00	1.7117313591E00	1.7435239451E00	1.7172701173E00	1.7172701173E00	1.7190489439E00	1.4607950856E00	1.4504528742E00	1.4256466736E00	1.4242415572E00	1.4168892470E00	7.4680812567E-01	7.4921592767E-01	7.4554568436E-01	7.4470772657E-01	7.4702764578E-01	0.0000000000E00	1.1079136691E00	2.0000000000E00	1.7219378677E00	9.5085541494E-01	2.0000000000E00	9.5026335185E-01	9.0608195318E-01	9.4632304942E-01	9.0227369488E-01	4.5404556167E-01	
Swaption Number Of Periods	1.1403252068E00	1.1744375056E00	1.0204306489E00	1.0111735715E00	9.9176597452E-01	9.9161613546E-01	9.5476611301E-01	9.7549475353E-01	9.7549475353E-01	9.7047307496E-01	1.8620758456E00	1.8637257676E00	1.8573931226E00	1.8574369860E00	1.8737067573E00	1.8602815567E00	1.8602815567E00	1.8611942091E00	1.0133889352E00	9.9695243682E-01	9.5996547093E-01	9.5788433014E-01	9.4753605223E-01	1.0052833258E00	1.0211684940E00	9.9655954892E-01	1.0002256717E00	1.0101710592E00	1.1079136691E00	0.0000000000E00	2.0000000000E00	1.4572321565E00	1.4394316520E00	2.0000000000E00	1.4391116444E00	1.4040170694E00	1.4371997017E00	1.4021581764E00	8.7224669604E-01	
Numeraire Single-Curve	2.0000000000E00	2.0000000000E00	2.0000000000E00	2.0000000000E00	2.0000000000E00	2.0000000000E00	2.0000000000E00	2.0000000000E00	2.0000000000E00	2.0000000000E00	2.0000000000E00	2.0000000000E00	2.0000000000E00	2.0000000000E00	2.0000000000E00	2.0000000000E00	2.0000000000E00	2.0000000000E00	2.0000000000E00	2.0000000000E00	2.0000000000E00	2.0000000000E00	2.0000000000E00	2.0000000000E00	2.0000000000E00	2.0000000000E00	2.0000000000E00	2.0000000000E00	2.0000000000E00	2.0000000000E00	0.0000000000E00	2.0000000000E00	2.0000000000E00	1.8997004040E00	2.0000000000E00	2.0000000000E00	2.0000000000E00	2.0000000000E00	2.0000000000E00	
Discount Single-Curve	5.4211942888E-01	4.9427269596E-01	6.9526822841E-01	7.0621202525E-01	7.3055630272E-01	7.3171637089E-01	7.7497561377E-01	7.5176089771E-01	7.5176089771E-01	7.5618414192E-01	1.9776983527E00	1.9779730254E00	1.9769177181E00	1.9769250378E00	1.9796304383E00	1.9773994229E00	1.9773994229E00	1.9775515005E00	7.0360365403E-01	7.2279855580E-01	7.6703488132E-01	7.6946751379E-01	7.8207330266E-01	1.8024128006E00	1.8063882787E00	1.8002151976E00	1.8011399763E00	1.8036396044E00	1.7219378677E00	1.4572321565E00	2.0000000000E00	0.0000000000E00	1.8945685526E00	2.0000000000E00	1.8944882139E00	1.8866095097E00	1.8939787950E00	1.8861025201E00	1.5771750499E00	
OIS Spot Rate Single-Curve	1.8196927269E00	1.8283211538E00	1.7881544954E00	1.7856376229E00	1.7798957971E00	1.7796171258E00	1.7688799831E00	1.7747269351E00	1.7747269351E00	1.7736283276E00	1.3137085479E00	1.3207646272E00	1.2938122774E00	1.2939977614E00	1.3639667524E00	1.3060622240E00	1.3060622240E00	1.3099479458E00	1.7862410525E00	1.7817473917E00	1.7709026925E00	1.7702855819E00	1.7670515640E00	7.9153522801E-01	7.7785802313E-01	7.9781304153E-01	7.9354925553E-01	7.8585867762E-01	9.5085541494E-01	1.4394316520E00	2.0000000000E00	1.8945685526E00	0.0000000000E00	2.0000000000E00	1.4423791408E-03	7.4787404397E-02	5.9980608455E-03	7.9372252053E-02	1.2546019073E00	
Numeraire Multi-Curve	2.0000000000E00	2.0000000000E00	2.0000000000E00	2.0000000000E00	2.0000000000E00	2.0000000000E00	2.0000000000E00	2.0000000000E00	2.0000000000E00	2.0000000000E00	2.0000000000E00	2.0000000000E00	2.0000000000E00	2.0000000000E00	2.0000000000E00	2.0000000000E00	2.0000000000E00	2.0000000000E00	2.0000000000E00	2.0000000000E00	2.0000000000E00	2.0000000000E00	2.0000000000E00	2.0000000000E00	2.0000000000E00	2.0000000000E00	2.0000000000E00	2.0000000000E00	2.0000000000E00	2.0000000000E00	1.8997004040E00	2.0000000000E00	2.0000000000E00	0.0000000000E00	2.0000000000E00	2.0000000000E00	2.0000000000E00	2.0000000000E00	2.0000000000E00	
OIS Spot Rate Multi-Curve	1.8195579763E00	1.8281925614E00	1.7879974832E00	1.7854788509E00	1.7797330197E00	1.7794541544E00	1.7687095575E00	1.7745605631E00	1.7745605631E00	1.7734611930E00	1.3141532263E00	1.3212056702E00	1.2942671018E00	1.2944524920E00	1.3643851126E00	1.3065108199E00	1.3065108199E00	1.3103945538E00	1.7860827022E00	1.7815859046E00	1.7707336677E00	1.7701161296E00	1.7668798735E00	7.9102770123E-01	7.7734706071E-01	7.9730772069E-01	7.9304344275E-01	7.8535049113E-01	9.5026335185E-01	1.4391116444E00	2.0000000000E00	1.8944882139E00	1.4423791408E-03	2.0000000000E00	0.0000000000E00	7.4006148493E-02	5.0878486074E-03	7.8591133690E-02	1.2541273077E00	
LIBOR Spot Rate Multi-Curve	1.8063623281E00	1.8155978718E00	1.7726312195E00	1.7699411201E00	1.7638050862E00	1.7635073173E00	1.7520367904E00	1.7582825188E00	1.7582825188E00	1.7571088759E00	1.3552090196E00	1.3619205749E00	1.3362749039E00	1.3364514817E00	1.4029756359E00	1.3479340877E00	1.3479340877E00	1.3516313286E00	1.7705860576E00	1.7657836542E00	1.7541972937E00	1.7535381255E00	1.7500839584E00	7.4616375383E-01	7.3224056718E-01	7.5201470930E-01	7.4774811748E-01	7.3978750914E-01	9.0608195318E-01	1.4040170694E00	2.0000000000E00	1.8866095097E00	7.4787404397E-02	2.0000000000E00	7.4006148493E-02	0.0000000000E00	6.9065209252E-02	4.7189282916E-03	1.2081543054E00	
OIS Forward Rate Multi-Curve	1.8187036297E00	1.8273772497E00	1.7870020388E00	1.7844722534E00	1.7787010371E00	1.7784209419E00	1.7676291036E00	1.7735057989E00	1.7735057989E00	1.7724015954E00	1.3169599470E00	1.3239894168E00	1.2971379442E00	1.2973227411E00	1.3670255285E00	1.3093422982E00	1.3093422982E00	1.3132134687E00	1.7850787772E00	1.7805620990E00	1.7696620913E00	1.7690418436E00	1.7657914035E00	7.8792440854E-01	7.7422364620E-01	7.9421751105E-01	7.8995048786E-01	7.8224351933E-01	9.4632304942E-01	1.4371997017E00	2.0000000000E00	1.8939787950E00	5.9980608455E-03	2.0000000000E00	5.0878486074E-03	6.9065209252E-02	0.0000000000E00	7.3651031856E-02	1.2511206898E00	
LIBOR Forward Rate Multi-Curve	1.8055144931E00	1.8147885066E00	1.7716445545E00	1.7689434965E00	1.7627825286E00	1.7624835520E00	1.7509666554E00	1.7572375945E00	1.7572375945E00	1.7560592073E00	1.3576885723E00	1.3643792076E00	1.3388129195E00	1.3389889559E00	1.4053040591E00	1.3504362001E00	1.3504362001E00	1.3541219909E00	1.7695910598E00	1.7647691271E00	1.7531358693E00	1.7524740424E00	1.7490059593E00	7.4324405596E-01	7.2930417545E-01	7.4910710891E-01	7.4483841344E-01	7.3686614931E-01	9.0227369488E-01	1.4021581764E00	2.0000000000E00	1.8861025201E00	7.9372252053E-02	2.0000000000E00	7.8591133690E-02	4.7189282916E-03	7.3651031856E-02	0.0000000000E00	1.2052341334E00	
Time	1.3164531562E00	1.3450342513E00	1.2149818577E00	1.2070806679E00	1.1891611181E00	1.1882951357E00	1.1551879732E00	1.1731542336E00	1.1731542336E00	1.1697671494E00	1.8188583841E00	1.8210013348E00	1.8127794956E00	1.8128364156E00	1.8339770835E00	1.8165285776E00	1.8165285776E00	1.8177135324E00	1.2089724223E00	1.1949237401E00	1.1613864971E00	1.1594935081E00	1.1496000280E00	7.8197449111E-01	7.9816626364E-01	7.7371972371E-01	7.7765871300E-01	7.8731063517E-01	4.5404556167E-01	8.7224669604E-01	2.0000000000E00	1.5771750499E00	1.2546019073E00	2.0000000000E00	1.2541273077E00	1.2081543054E00	1.2511206898E00	1.2052341334E00	0.0000000000E00	
