	Target (OIS)	Target (LIBOR)	Caplet Vola Analytic Single-Curve	Caplet Vola Monte-Carlo Single-Curve	Caplet Vola Analytic Multi-Curve Fenton-Wilkinson	Caplet Vola Analytic Multi-Curve Ju	Caplet Vola Analytic Multi-Curve Ho	Caplet Vola Analytic Multi-Curve Drift-Freeze	Caplet Vola Analytic Multi-Curve Integrated-Expectation	Caplet Vola Monte-Carlo Multi-Curve	Caplet Value Analytic Single-Curve	Caplet Value Monte-Carlo Single-Curve	Caplet Value Analytic Multi-Curve Fenton-Wilkinson	Caplet Value Analytic Multi-Curve Ju	Caplet Value Analytic Multi-Curve Ho	Caplet Value Analytic Multi-Curve Drift-Freeze	Caplet Value Analytic Multi-Curve Integrated-Expectation	Caplet Value Monte-Carlo Multi-Curve	Swaption Vola Analytic Single-Curve	Swaption Vola Monte-Carlo Single-Curve	Swaption Vola Analytic Multi-Curve Drift-Freeze	Swaption Vola Analytic Multi-Curve Integrated-Expectation	Swaption Vola Monte-Carlo Multi-Curve	Swaption Value Analytic Single-Curve	Swaption Value Monte-Carlo Single-Curve	Swaption Value Analytic Multi-Curve Drift-Freeze	Swaption Value Analytic Multi-Curve Integrated-Expectation	Swaption Value Monte-Carlo Multi-Curve	Swaption Exercise Date	Swaption Number Of Periods	Numeraire Single-Curve	Discount Single-Curve	OIS Spot Rate Single-Curve	Numeraire Multi-Curve	OIS Spot Rate Multi-Curve	LIBOR Spot Rate Multi-Curve	OIS Forward Rate Multi-Curve	LIBOR Forward Rate Multi-Curve	Time
Target (OIS)	0.0000000000E00	2.5535947931E-02	1.3766638557E-01	1.3563395795E-01	1.5125380776E-01	1.5330541701E-01	1.5159223911E-01	1.5526859200E-01	1.5526859200E-01	1.5195900858E-01	4.8043966600E-01	4.8049840972E-01	4.8027266891E-01	4.8027423506E-01	4.8085270529E-01	4.8037572525E-01	4.8037572525E-01	4.8040825569E-01	1.2247605072E-01	1.2264121556E-01	1.4166778391E-01	1.4239025453E-01	1.4301594316E-01	4.4122083991E-01	4.4215035532E-01	4.4070617879E-01	4.4092282711E-01	4.4150788892E-01	4.2197788248E-01	3.5236249786E-01	4.3744062568E82	3.6083495708E-01	4.6228011460E-01	1.1250894549E81	4.6226218977E-01	4.6050072862E-01	4.6214851330E-01	4.6038713514E-01	3.8518301068E-01	
Target (LIBOR)	2.5535947931E-02	0.0000000000E00	1.4690165239E-01	1.4585158759E-01	1.6090419319E-01	1.6287998544E-01	1.6437881987E-01	1.6552525306E-01	1.6552525306E-01	1.6337987422E-01	5.0597561393E-01	5.0603435765E-01	5.0580861684E-01	5.0581018299E-01	5.0638865322E-01	5.0591167318E-01	5.0591167318E-01	5.0594420362E-01	1.3503553939E-01	1.3728514005E-01	1.5795411061E-01	1.5878130834E-01	1.5992847046E-01	4.6675678784E-01	4.6768630325E-01	4.6624212672E-01	4.6645877504E-01	4.6704383685E-01	4.4751383041E-01	3.7789844579E-01	4.3744062568E82	3.3529900915E-01	4.8781606253E-01	1.1250894549E81	4.8779813770E-01	4.8603667655E-01	4.8768446123E-01	4.8592308307E-01	4.1071895861E-01	
Caplet Vola Analytic Single-Curve	1.3766638557E-01	1.4690165239E-01	0.0000000000E00	5.3480458008E-03	1.6226109767E-02	1.6819233251E-02	3.6064256101E-02	2.5776205580E-02	2.5776205580E-02	2.7749816644E-02	4.0479901932E-01	4.0485776304E-01	4.0463202222E-01	4.0463358838E-01	4.0521205861E-01	4.0473507857E-01	4.0473507857E-01	4.0476760900E-01	3.7714053027E-02	4.2469864893E-02	4.3629449600E-02	4.4447531555E-02	4.9209346024E-02	3.6558019323E-01	3.6650970864E-01	3.6506553211E-01	3.6528218043E-01	3.6586724224E-01	3.4633723579E-01	2.7672185118E-01	4.3744062568E82	4.3647560376E-01	3.8663946792E-01	1.1250894549E81	3.8662154309E-01	3.8486008194E-01	3.8650786662E-01	3.8474648846E-01	3.0954236400E-01	
Caplet Vola Monte-Carlo Single-Curve	1.3563395795E-01	1.4585158759E-01	5.3480458008E-03	0.0000000000E00	1.6147989543E-02	1.8078568118E-02	3.0986827922E-02	2.1752784005E-02	2.1752784005E-02	2.2672388464E-02	3.9972159114E-01	3.9978033486E-01	3.9955459405E-01	3.9955616020E-01	4.0013463043E-01	3.9965765039E-01	3.9965765039E-01	3.9969018083E-01	3.4209653857E-02	3.7476837938E-02	3.8848766938E-02	3.9812530170E-02	4.3982023437E-02	3.6050276505E-01	3.6143228046E-01	3.5998810393E-01	3.6020475225E-01	3.6078981406E-01	3.4125980762E-01	2.7164442300E-01	4.3744062568E82	4.4155303194E-01	3.8156203974E-01	1.1250894549E81	3.8154411491E-01	3.7978265376E-01	3.8143043844E-01	3.7966906028E-01	3.0446493582E-01	
Caplet Vola Analytic Multi-Curve Fenton-Wilkinson	1.5125380776E-01	1.6090419319E-01	1.6226109767E-02	1.6147989543E-02	0.0000000000E00	2.1158120228E-03	1.9838146335E-02	9.5500958135E-03	9.5500958135E-03	1.1526978129E-02	3.8857290955E-01	3.8863165327E-01	3.8840591246E-01	3.8840747861E-01	3.8898594884E-01	3.8850896880E-01	3.8850896880E-01	3.8854149924E-01	4.4148087444E-02	4.7353072018E-02	4.2364626045E-02	4.3074058730E-02	4.7616205618E-02	3.4935408346E-01	3.5028359887E-01	3.4883942235E-01	3.4905607066E-01	3.4964113248E-01	3.3011112603E-01	2.6090227175E-01	4.3744062568E82	4.5270171353E-01	3.7041335815E-01	1.1250894549E81	3.7039543333E-01	3.6863397217E-01	3.7028175685E-01	3.6852037869E-01	2.9331625423E-01	
Caplet Vola Analytic Multi-Curve Ju	1.5330541701E-01	1.6287998544E-01	1.6819233251E-02	1.8078568118E-02	2.1158120228E-03	0.0000000000E00	1.9311842729E-02	9.0237922078E-03	9.0237922078E-03	1.1073448807E-02	3.8804660595E-01	3.8810534967E-01	3.8787960885E-01	3.8788117501E-01	3.8845964523E-01	3.8798266519E-01	3.8798266519E-01	3.8801519563E-01	4.5513378040E-02	4.8969957151E-02	4.2779570909E-02	4.3339582350E-02	4.7958896043E-02	3.4882777986E-01	3.4975729527E-01	3.4831311874E-01	3.4852976706E-01	3.4911482887E-01	3.2958482242E-01	2.6060190826E-01	4.3744062568E82	4.5322801713E-01	3.6988705455E-01	1.1250894549E81	3.6986912972E-01	3.6810766857E-01	3.6975545324E-01	3.6799407508E-01	2.9278995063E-01	
Caplet Vola Analytic Multi-Curve Ho	1.5159223911E-01	1.6437881987E-01	3.6064256101E-02	3.0986827922E-02	1.9838146335E-02	1.9311842729E-02	0.0000000000E00	1.1389757714E-02	1.1389757714E-02	8.3289057079E-03	3.6873476322E-01	3.6879350694E-01	3.6856776612E-01	3.6856933228E-01	3.6914780250E-01	3.6867082247E-01	3.6867082247E-01	3.6870335290E-01	4.5025817288E-02	4.1838499466E-02	3.0133081949E-02	3.0816012002E-02	3.2273482032E-02	3.2951593713E-01	3.3044545254E-01	3.2900127601E-01	3.2921792433E-01	3.2980298614E-01	3.1027297969E-01	2.4169838306E-01	4.3744062568E82	4.7253985986E-01	3.5057521182E-01	1.1250894549E81	3.5055728699E-01	3.4879582584E-01	3.5044361052E-01	3.4868223236E-01	2.7347810790E-01	
Caplet Vola Analytic Multi-Curve Drift-Freeze	1.5526859200E-01	1.6552525306E-01	2.5776205580E-02	2.1752784005E-02	9.5500958135E-03	9.0237922078E-03	1.1389757714E-02	0.0000000000E00	0.0000000000E00	4.9698665841E-03	3.7902281374E-01	3.7908155746E-01	3.7885581664E-01	3.7885738280E-01	3.7943585303E-01	3.7895887299E-01	3.7895887299E-01	3.7899140342E-01	4.5180739686E-02	4.5837892583E-02	3.7640684158E-02	3.8261742032E-02	4.1642081327E-02	3.3980398765E-01	3.4073350306E-01	3.3928932653E-01	3.3950597485E-01	3.4009103666E-01	3.2056103021E-01	2.5196379377E-01	4.3744062568E82	4.6225180934E-01	3.6086326234E-01	1.1250894549E81	3.6084533751E-01	3.5908387636E-01	3.6073166104E-01	3.5897028288E-01	2.8376615842E-01	
Caplet Vola Analytic Multi-Curve Integrated-Expectation	1.5526859200E-01	1.6552525306E-01	2.5776205580E-02	2.1752784005E-02	9.5500958135E-03	9.0237922078E-03	1.1389757714E-02	0.0000000000E00	0.0000000000E00	4.9698665841E-03	3.7902281374E-01	3.7908155746E-01	3.7885581664E-01	3.7885738280E-01	3.7943585303E-01	3.7895887299E-01	3.7895887299E-01	3.7899140342E-01	4.5180739686E-02	4.5837892583E-02	3.7640684158E-02	3.8261742032E-02	4.1642081327E-02	3.3980398765E-01	3.4073350306E-01	3.3928932653E-01	3.3950597485E-01	3.4009103666E-01	3.2056103021E-01	2.5196379377E-01	4.3744062568E82	4.6225180934E-01	3.6086326234E-01	1.1250894549E81	3.6084533751E-01	3.5908387636E-01	3.6073166104E-01	3.5897028288E-01	2.8376615842E-01	
Caplet Vola Monte-Carlo Multi-Curve	1.5195900858E-01	1.6337987422E-01	2.7749816644E-02	2.2672388464E-02	1.1526978129E-02	1.1073448807E-02	8.3289057079E-03	4.9698665841E-03	4.9698665841E-03	0.0000000000E00	3.7704920268E-01	3.7710794640E-01	3.7688220558E-01	3.7688377174E-01	3.7746224196E-01	3.7698526192E-01	3.7698526192E-01	3.7701779236E-01	4.3415523557E-02	4.2027801036E-02	3.3873958867E-02	3.4637547274E-02	3.7312568335E-02	3.3783037659E-01	3.3875989200E-01	3.3731571547E-01	3.3753236379E-01	3.3811742560E-01	3.1858741915E-01	2.4970905946E-01	4.3744062568E82	4.6422542041E-01	3.5888965127E-01	1.1250894549E81	3.5887172645E-01	3.5711026529E-01	3.5875804997E-01	3.5699667181E-01	2.8179254736E-01	
Caplet Value Analytic Single-Curve	4.8043966600E-01	5.0597561393E-01	4.0479901932E-01	3.9972159114E-01	3.8857290955E-01	3.8804660595E-01	3.6873476322E-01	3.7902281374E-01	3.7902281374E-01	3.7704920268E-01	0.0000000000E00	6.0082502898E-05	1.6699709644E-04	1.6543094101E-04	4.6617744009E-04	6.3940754498E-05	6.3940754498E-05	7.0746092210E-05	4.0092802671E-01	3.9210399753E-01	3.7223442711E-01	3.7116017759E-01	3.6562355701E-01	3.9218826091E-02	3.8289310681E-02	3.9733487209E-02	3.9516838892E-02	3.8931777078E-02	5.8461783526E-02	1.2807716814E-01	4.3744062568E82	8.4127462308E-01	1.8159551402E-02	1.1250894549E81	1.8177476229E-02	1.9938937383E-02	1.8291152704E-02	2.0052530864E-02	9.5256655321E-02	
Caplet Value Monte-Carlo Single-Curve	4.8049840972E-01	5.0603435765E-01	4.0485776304E-01	3.9978033486E-01	3.8863165327E-01	3.8810534967E-01	3.6879350694E-01	3.7908155746E-01	3.7908155746E-01	3.7710794640E-01	6.0082502898E-05	0.0000000000E00	2.2574081629E-04	2.2417466086E-04	4.0769858976E-04	1.2268447435E-04	1.2268447435E-04	9.0780827469E-05	4.0098677043E-01	3.9216274125E-01	3.7229317083E-01	3.7121892131E-01	3.6568230073E-01	3.9277569810E-02	3.8348054400E-02	3.9792230928E-02	3.9575582612E-02	3.8990520798E-02	5.8520527246E-02	1.2813591186E-01	4.3744062568E82	8.4133336680E-01	1.8218295122E-02	1.1250894549E81	1.8236219949E-02	1.9997681103E-02	1.8349896424E-02	2.0111274584E-02	9.5315399041E-02	
Caplet Value Analytic Multi-Curve Fenton-Wilkinson	4.8027266891E-01	5.0580861684E-01	4.0463202222E-01	3.9955459405E-01	3.8840591246E-01	3.8787960885E-01	3.6856776612E-01	3.7885581664E-01	3.7885581664E-01	3.7688220558E-01	1.6699709644E-04	2.2574081629E-04	0.0000000000E00	1.9495399566E-05	5.8003638118E-04	1.0305634195E-04	1.0305634195E-04	1.3558678027E-04	4.0076102962E-01	3.9193700044E-01	3.7206743002E-01	3.7099318050E-01	3.6545655991E-01	3.9051828994E-02	3.8122313584E-02	3.9566490112E-02	3.9349841795E-02	3.8764779982E-02	5.8294786430E-02	1.2791017105E-01	4.3744062568E82	8.4110762599E-01	1.7992554306E-02	1.1250894549E81	1.8010479133E-02	1.9771940286E-02	1.8124155608E-02	1.9885533768E-02	9.5089658225E-02	
Caplet Value Analytic Multi-Curve Ju	4.8027423506E-01	5.0581018299E-01	4.0463358838E-01	3.9955616020E-01	3.8840747861E-01	3.8788117501E-01	3.6856933228E-01	3.7885738280E-01	3.7885738280E-01	3.7688377174E-01	1.6543094101E-04	2.2417466086E-04	1.9495399566E-05	0.0000000000E00	5.7847022574E-04	1.0149018651E-04	1.0149018651E-04	1.3402062483E-04	4.0076259577E-01	3.9193856659E-01	3.7206899617E-01	3.7099474665E-01	3.6545812606E-01	3.9053395150E-02	3.8123879740E-02	3.9568056268E-02	3.9351407951E-02	3.8766346137E-02	5.8296352585E-02	1.2791173720E-01	4.3744062568E82	8.4110919214E-01	1.7994120461E-02	1.1250894549E81	1.8012045288E-02	1.9773506442E-02	1.8125721763E-02	1.9887099923E-02	9.5091224380E-02	
Caplet Value Analytic Multi-Curve Ho	4.8085270529E-01	5.0638865322E-01	4.0521205861E-01	4.0013463043E-01	3.8898594884E-01	3.8845964523E-01	3.6914780250E-01	3.7943585303E-01	3.7943585303E-01	3.7746224196E-01	4.6617744009E-04	4.0769858976E-04	5.8003638118E-04	5.7847022574E-04	0.0000000000E00	4.8528649462E-04	4.8528649462E-04	4.4841123852E-04	4.0134106600E-01	3.9251703682E-01	3.7264746640E-01	3.7157321688E-01	3.6603659629E-01	3.9631865375E-02	3.8702349965E-02	4.0146526493E-02	3.9929878177E-02	3.9344816363E-02	5.8874822811E-02	1.2849020743E-01	4.3744062568E82	8.4168766237E-01	1.8572590687E-02	1.1250894549E81	1.8590515514E-02	2.0351976667E-02	1.8704191989E-02	2.0465570149E-02	9.5669694606E-02	
Caplet Value Analytic Multi-Curve Drift-Freeze	4.8037572525E-01	5.0591167318E-01	4.0473507857E-01	3.9965765039E-01	3.8850896880E-01	3.8798266519E-01	3.6867082247E-01	3.7895887299E-01	3.7895887299E-01	3.7698526192E-01	6.3940754498E-05	1.2268447435E-04	1.0305634195E-04	1.0149018651E-04	4.8528649462E-04	0.0000000000E00	0.0000000000E00	5.0116569689E-05	4.0086408596E-01	3.9204005678E-01	3.7217048636E-01	3.7109623684E-01	3.6555961625E-01	3.9154885336E-02	3.8225369926E-02	3.9669546454E-02	3.9452898137E-02	3.8867836324E-02	5.8397842772E-02	1.2801322739E-01	4.3744062568E82	8.4121068233E-01	1.8095610648E-02	1.1250894549E81	1.8113535475E-02	1.9874996628E-02	1.8227211950E-02	1.9988590110E-02	9.5192714567E-02	
Caplet Value Analytic Multi-Curve Integrated-Expectation	4.8037572525E-01	5.0591167318E-01	4.0473507857E-01	3.9965765039E-01	3.8850896880E-01	3.8798266519E-01	3.6867082247E-01	3.7895887299E-01	3.7895887299E-01	3.7698526192E-01	6.3940754498E-05	1.2268447435E-04	1.0305634195E-04	1.0149018651E-04	4.8528649462E-04	0.0000000000E00	0.0000000000E00	5.0116569689E-05	4.0086408596E-01	3.9204005678E-01	3.7217048636E-01	3.7109623684E-01	3.6555961625E-01	3.9154885336E-02	3.8225369926E-02	3.9669546454E-02	3.9452898137E-02	3.8867836324E-02	5.8397842772E-02	1.2801322739E-01	4.3744062568E82	8.4121068233E-01	1.8095610648E-02	1.1250894549E81	1.8113535475E-02	1.9874996628E-02	1.8227211950E-02	1.9988590110E-02	9.5192714567E-02	
Caplet Value Monte-Carlo Multi-Curve	4.8040825569E-01	5.0594420362E-01	4.0476760900E-01	3.9969018083E-01	3.8854149924E-01	3.8801519563E-01	3.6870335290E-01	3.7899140342E-01	3.7899140342E-01	3.7701779236E-01	7.0746092210E-05	9.0780827469E-05	1.3558678027E-04	1.3402062483E-04	4.4841123852E-04	5.0116569689E-05	5.0116569689E-05	0.0000000000E00	4.0089661640E-01	3.9207258722E-01	3.7220301680E-01	3.7112876728E-01	3.6559214669E-01	3.9187415774E-02	3.8257900364E-02	3.9702076892E-02	3.9485428576E-02	3.8900366762E-02	5.8430373210E-02	1.2804575783E-01	4.3744062568E82	8.4124321277E-01	1.8128141086E-02	1.1250894549E81	1.8146065913E-02	1.9907527067E-02	1.8259742388E-02	2.0021120548E-02	9.5225245005E-02	
Swaption Vola Analytic Single-Curve	1.2247605072E-01	1.3503553939E-01	3.7714053027E-02	3.4209653857E-02	4.4148087444E-02	4.5513378040E-02	4.5025817288E-02	4.5180739686E-02	4.5180739686E-02	4.3415523557E-02	4.0092802671E-01	4.0098677043E-01	4.0076102962E-01	4.0076259577E-01	4.0134106600E-01	4.0086408596E-01	4.0086408596E-01	4.0089661640E-01	0.0000000000E00	8.8240291797E-03	2.8693599600E-02	2.9767849120E-02	3.5304469706E-02	3.6170920062E-01	3.6263871603E-01	3.6119453950E-01	3.6141118782E-01	3.6199624963E-01	3.4246624319E-01	2.7285085857E-01	4.3744062568E82	4.4034659637E-01	3.8276847531E-01	1.1250894549E81	3.8275055048E-01	3.8098908933E-01	3.8263687401E-01	3.8087549585E-01	3.0567137139E-01	
Swaption Vola Monte-Carlo Single-Curve	1.2264121556E-01	1.3728514005E-01	4.2469864893E-02	3.7476837938E-02	4.7353072018E-02	4.8969957151E-02	4.1838499466E-02	4.5837892583E-02	4.5837892583E-02	4.2027801036E-02	3.9210399753E-01	3.9216274125E-01	3.9193700044E-01	3.9193856659E-01	3.9251703682E-01	3.9204005678E-01	3.9204005678E-01	3.9207258722E-01	8.8240291797E-03	0.0000000000E00	2.0892046649E-02	2.2193991314E-02	2.6480440526E-02	3.5288517144E-01	3.5381468685E-01	3.5237051032E-01	3.5258715864E-01	3.5317222045E-01	3.3364221401E-01	2.6402682939E-01	4.3744062568E82	4.4917062555E-01	3.7394444613E-01	1.1250894549E81	3.7392652130E-01	3.7216506015E-01	3.7381284483E-01	3.7205146667E-01	2.9684734221E-01	
Swaption Vola Analytic Multi-Curve Drift-Freeze	1.4166778391E-01	1.5795411061E-01	4.3629449600E-02	3.8848766938E-02	4.2364626045E-02	4.2779570909E-02	3.0133081949E-02	3.7640684158E-02	3.7640684158E-02	3.3873958867E-02	3.7223442711E-01	3.7229317083E-01	3.7206743002E-01	3.7206899617E-01	3.7264746640E-01	3.7217048636E-01	3.7217048636E-01	3.7220301680E-01	2.8693599600E-02	2.0892046649E-02	0.0000000000E00	1.7871344522E-03	6.9541316886E-03	3.3301560102E-01	3.3394511643E-01	3.3250093990E-01	3.3271758822E-01	3.3330265003E-01	3.1377264359E-01	2.4469437518E-01	4.3744062568E82	4.6904019597E-01	3.5407487571E-01	1.1250894549E81	3.5405695088E-01	3.5229548973E-01	3.5394327441E-01	3.5218189625E-01	2.7697777179E-01	
Swaption Vola Analytic Multi-Curve Integrated-Expectation	1.4239025453E-01	1.5878130834E-01	4.4447531555E-02	3.9812530170E-02	4.3074058730E-02	4.3339582350E-02	3.0816012002E-02	3.8261742032E-02	3.8261742032E-02	3.4637547274E-02	3.7116017759E-01	3.7121892131E-01	3.7099318050E-01	3.7099474665E-01	3.7157321688E-01	3.7109623684E-01	3.7109623684E-01	3.7112876728E-01	2.9767849120E-02	2.2193991314E-02	1.7871344522E-03	0.0000000000E00	6.1766577795E-03	3.3194135150E-01	3.3287086691E-01	3.3142669038E-01	3.3164333870E-01	3.3222840051E-01	3.1269839407E-01	2.4364939079E-01	4.3744062568E82	4.7011444549E-01	3.5300062619E-01	1.1250894549E81	3.5298270136E-01	3.5122124021E-01	3.5286902489E-01	3.5110764673E-01	2.7590352227E-01	
Swaption Vola Monte-Carlo Multi-Curve	1.4301594316E-01	1.5992847046E-01	4.9209346024E-02	4.3982023437E-02	4.7616205618E-02	4.7958896043E-02	3.2273482032E-02	4.1642081327E-02	4.1642081327E-02	3.7312568335E-02	3.6562355701E-01	3.6568230073E-01	3.6545655991E-01	3.6545812606E-01	3.6603659629E-01	3.6555961625E-01	3.6555961625E-01	3.6559214669E-01	3.5304469706E-02	2.6480440526E-02	6.9541316886E-03	6.1766577795E-03	0.0000000000E00	3.2640473092E-01	3.2733424633E-01	3.2589006980E-01	3.2610671811E-01	3.2669177993E-01	3.0716177348E-01	2.3839410814E-01	4.3744062568E82	4.7565106608E-01	3.4746400560E-01	1.1250894549E81	3.4744608078E-01	3.4568461962E-01	3.4733240430E-01	3.4557102614E-01	2.7036690168E-01	
Swaption Value Analytic Single-Curve	4.4122083991E-01	4.6675678784E-01	3.6558019323E-01	3.6050276505E-01	3.4935408346E-01	3.4882777986E-01	3.2951593713E-01	3.3980398765E-01	3.3980398765E-01	3.3783037659E-01	3.9218826091E-02	3.9277569810E-02	3.9051828994E-02	3.9053395150E-02	3.9631865375E-02	3.9154885336E-02	3.9154885336E-02	3.9187415774E-02	3.6170920062E-01	3.5288517144E-01	3.3301560102E-01	3.3194135150E-01	3.2640473092E-01	0.0000000000E00	9.2951541001E-04	5.1466111796E-04	3.9648620563E-04	4.3198879020E-04	4.0016704840E-02	8.8858342051E-02	4.3744062568E82	8.0205579699E-01	2.6463027967E-02	1.1250894549E81	2.6453149579E-02	2.5610001302E-02	2.6394155064E-02	2.5552004611E-02	5.6287372613E-02	
Swaption Value Monte-Carlo Single-Curve	4.4215035532E-01	4.6768630325E-01	3.6650970864E-01	3.6143228046E-01	3.5028359887E-01	3.4975729527E-01	3.3044545254E-01	3.4073350306E-01	3.4073350306E-01	3.3875989200E-01	3.8289310681E-02	3.8348054400E-02	3.8122313584E-02	3.8123879740E-02	3.8702349965E-02	3.8225369926E-02	3.8225369926E-02	3.8257900364E-02	3.6263871603E-01	3.5381468685E-01	3.3394511643E-01	3.3287086691E-01	3.2733424633E-01	9.2951541001E-04	0.0000000000E00	1.4441765280E-03	1.2275282112E-03	6.4246639785E-04	3.9797519783E-02	8.9787857461E-02	4.3744062568E82	8.0298531240E-01	2.5644248849E-02	1.1250894549E81	2.5634370460E-02	2.4791812092E-02	2.5575375945E-02	2.4733815401E-02	5.7081920054E-02	
Swaption Value Analytic Multi-Curve Drift-Freeze	4.4070617879E-01	4.6624212672E-01	3.6506553211E-01	3.5998810393E-01	3.4883942235E-01	3.4831311874E-01	3.2900127601E-01	3.3928932653E-01	3.3928932653E-01	3.3731571547E-01	3.9733487209E-02	3.9792230928E-02	3.9566490112E-02	3.9568056268E-02	4.0146526493E-02	3.9669546454E-02	3.9669546454E-02	3.9702076892E-02	3.6119453950E-01	3.5237051032E-01	3.3250093990E-01	3.3142669038E-01	3.2589006980E-01	5.1466111796E-04	1.4441765280E-03	0.0000000000E00	2.3295822403E-04	8.0492606835E-04	4.0140910315E-02	8.8343680933E-02	4.3744062568E82	8.0154113587E-01	2.6878212854E-02	1.1250894549E81	2.6868334465E-02	2.6004335486E-02	2.6809339950E-02	2.5946338795E-02	5.5892287225E-02	
Swaption Value Analytic Multi-Curve Integrated-Expectation	4.4092282711E-01	4.6645877504E-01	3.6528218043E-01	3.6020475225E-01	3.4905607066E-01	3.4852976706E-01	3.2921792433E-01	3.3950597485E-01	3.3950597485E-01	3.3753236379E-01	3.9516838892E-02	3.9575582612E-02	3.9349841795E-02	3.9351407951E-02	3.9929878177E-02	3.9452898137E-02	3.9452898137E-02	3.9485428576E-02	3.6141118782E-01	3.5258715864E-01	3.3271758822E-01	3.3164333870E-01	3.2610671811E-01	3.9648620563E-04	1.2275282112E-03	2.3295822403E-04	0.0000000000E00	5.9672751701E-04	4.0015124009E-02	8.8560329250E-02	4.3744062568E82	8.0175778419E-01	2.6648605928E-02	1.1250894549E81	2.6638727539E-02	2.5775799445E-02	2.6579733025E-02	2.5717802754E-02	5.6092594346E-02	
Swaption Value Monte-Carlo Multi-Curve	4.4150788892E-01	4.6704383685E-01	3.6586724224E-01	3.6078981406E-01	3.4964113248E-01	3.4911482887E-01	3.2980298614E-01	3.4009103666E-01	3.4009103666E-01	3.3811742560E-01	3.8931777078E-02	3.8990520798E-02	3.8764779982E-02	3.8766346137E-02	3.9344816363E-02	3.8867836324E-02	3.8867836324E-02	3.8900366762E-02	3.6199624963E-01	3.5317222045E-01	3.3330265003E-01	3.3222840051E-01	3.2669177993E-01	4.3198879020E-04	6.4246639785E-04	8.0492606835E-04	5.9672751701E-04	0.0000000000E00	3.9921250755E-02	8.9145391063E-02	4.3744062568E82	8.0234284600E-01	2.6160456528E-02	1.1250894549E81	2.6150578140E-02	2.5284976751E-02	2.6091583625E-02	2.5226980060E-02	5.6558475684E-02	
Swaption Exercise Date	4.2197788248E-01	4.4751383041E-01	3.4633723579E-01	3.4125980762E-01	3.3011112603E-01	3.2958482242E-01	3.1027297969E-01	3.2056103021E-01	3.2056103021E-01	3.1858741915E-01	5.8461783526E-02	5.8520527246E-02	5.8294786430E-02	5.8296352585E-02	5.8874822811E-02	5.8397842772E-02	5.8397842772E-02	5.8430373210E-02	3.4246624319E-01	3.3364221401E-01	3.1377264359E-01	3.1269839407E-01	3.0716177348E-01	4.0016704840E-02	3.9797519783E-02	4.0140910315E-02	4.0015124009E-02	3.9921250755E-02	0.0000000000E00	1.0858974359E-01	4.3744062568E82	7.8281283956E-01	4.0938140581E-02	1.1250894549E81	4.0921166542E-02	3.9816598177E-02	4.0805272734E-02	3.9700495402E-02	3.7051282051E-02	
Swaption Number Of Periods	3.5236249786E-01	3.7789844579E-01	2.7672185118E-01	2.7164442300E-01	2.6090227175E-01	2.6060190826E-01	2.4169838306E-01	2.5196379377E-01	2.5196379377E-01	2.4970905946E-01	1.2807716814E-01	1.2813591186E-01	1.2791017105E-01	1.2791173720E-01	1.2849020743E-01	1.2801322739E-01	1.2801322739E-01	1.2804575783E-01	2.7285085857E-01	2.6402682939E-01	2.4469437518E-01	2.4364939079E-01	2.3839410814E-01	8.8858342051E-02	8.9787857461E-02	8.8343680933E-02	8.8560329250E-02	8.9145391063E-02	1.0858974359E-01	0.0000000000E00	4.3744062568E82	7.1319745494E-01	1.1207660187E-01	1.1250894549E81	1.1206458344E-01	1.1056830625E-01	1.1199738709E-01	1.1050155384E-01	1.0153846154E-01	
Numeraire Single-Curve	4.3744062568E82	4.3744062568E82	4.3744062568E82	4.3744062568E82	4.3744062568E82	4.3744062568E82	4.3744062568E82	4.3744062568E82	4.3744062568E82	4.3744062568E82	4.3744062568E82	4.3744062568E82	4.3744062568E82	4.3744062568E82	4.3744062568E82	4.3744062568E82	4.3744062568E82	4.3744062568E82	4.3744062568E82	4.3744062568E82	4.3744062568E82	4.3744062568E82	4.3744062568E82	4.3744062568E82	4.3744062568E82	4.3744062568E82	4.3744062568E82	4.3744062568E82	4.3744062568E82	4.3744062568E82	0.0000000000E00	4.3744062568E82	4.3744062568E82	4.2618973113E82	4.3744062568E82	4.3744062568E82	4.3744062568E82	4.3744062568E82	4.3744062568E82	
Discount Single-Curve	3.6083495708E-01	3.3529900915E-01	4.3647560376E-01	4.4155303194E-01	4.5270171353E-01	4.5322801713E-01	4.7253985986E-01	4.6225180934E-01	4.6225180934E-01	4.6422542041E-01	8.4127462308E-01	8.4133336680E-01	8.4110762599E-01	8.4110919214E-01	8.4168766237E-01	8.4121068233E-01	8.4121068233E-01	8.4124321277E-01	4.4034659637E-01	4.4917062555E-01	4.6904019597E-01	4.7011444549E-01	4.7565106608E-01	8.0205579699E-01	8.0298531240E-01	8.0154113587E-01	8.0175778419E-01	8.0234284600E-01	7.8281283956E-01	7.1319745494E-01	4.3744062568E82	0.0000000000E00	8.2311507168E-01	1.1250894549E81	8.2309714685E-01	8.2133568570E-01	8.2298347038E-01	8.2122209222E-01	7.4601796776E-01	
OIS Spot Rate Single-Curve	4.6228011460E-01	4.8781606253E-01	3.8663946792E-01	3.8156203974E-01	3.7041335815E-01	3.6988705455E-01	3.5057521182E-01	3.6086326234E-01	3.6086326234E-01	3.5888965127E-01	1.8159551402E-02	1.8218295122E-02	1.7992554306E-02	1.7994120461E-02	1.8572590687E-02	1.8095610648E-02	1.8095610648E-02	1.8128141086E-02	3.8276847531E-01	3.7394444613E-01	3.5407487571E-01	3.5300062619E-01	3.4746400560E-01	2.6463027967E-02	2.5644248849E-02	2.6878212854E-02	2.6648605928E-02	2.6160456528E-02	4.0938140581E-02	1.1207660187E-01	4.3744062568E82	8.2311507168E-01	0.0000000000E00	1.1250894549E81	3.3047586770E-05	1.7793859805E-03	1.3776764054E-04	1.8929794620E-03	7.7097103919E-02	
Numeraire Multi-Curve	1.1250894549E81	1.1250894549E81	1.1250894549E81	1.1250894549E81	1.1250894549E81	1.1250894549E81	1.1250894549E81	1.1250894549E81	1.1250894549E81	1.1250894549E81	1.1250894549E81	1.1250894549E81	1.1250894549E81	1.1250894549E81	1.1250894549E81	1.1250894549E81	1.1250894549E81	1.1250894549E81	1.1250894549E81	1.1250894549E81	1.1250894549E81	1.1250894549E81	1.1250894549E81	1.1250894549E81	1.1250894549E81	1.1250894549E81	1.1250894549E81	1.1250894549E81	1.1250894549E81	1.1250894549E81	4.2618973113E82	1.1250894549E81	1.1250894549E81	0.0000000000E00	1.1250894549E81	1.1250894549E81	1.1250894549E81	1.1250894549E81	1.1250894549E81	
OIS Spot Rate Multi-Curve	4.6226218977E-01	4.8779813770E-01	3.8662154309E-01	3.8154411491E-01	3.7039543333E-01	3.6986912972E-01	3.5055728699E-01	3.6084533751E-01	3.6084533751E-01	3.5887172645E-01	1.8177476229E-02	1.8236219949E-02	1.8010479133E-02	1.8012045288E-02	1.8590515514E-02	1.8113535475E-02	1.8113535475E-02	1.8146065913E-02	3.8275055048E-01	3.7392652130E-01	3.5405695088E-01	3.5298270136E-01	3.4744608078E-01	2.6453149579E-02	2.5634370460E-02	2.6868334465E-02	2.6638727539E-02	2.6150578140E-02	4.0921166542E-02	1.1206458344E-01	4.3744062568E82	8.2309714685E-01	3.3047586770E-05	1.1250894549E81	0.0000000000E00	1.7614611535E-03	1.1690685108E-04	1.8750546350E-03	7.7079179092E-02	
LIBOR Spot Rate Multi-Curve	4.6050072862E-01	4.8603667655E-01	3.8486008194E-01	3.7978265376E-01	3.6863397217E-01	3.6810766857E-01	3.4879582584E-01	3.5908387636E-01	3.5908387636E-01	3.5711026529E-01	1.9938937383E-02	1.9997681103E-02	1.9771940286E-02	1.9773506442E-02	2.0351976667E-02	1.9874996628E-02	1.9874996628E-02	1.9907527067E-02	3.8098908933E-01	3.7216506015E-01	3.5229548973E-01	3.5122124021E-01	3.4568461962E-01	2.5610001302E-02	2.4791812092E-02	2.6004335486E-02	2.5775799445E-02	2.5284976751E-02	3.9816598177E-02	1.1056830625E-01	4.3744062568E82	8.2133568570E-01	1.7793859805E-03	1.1250894549E81	1.7614611535E-03	0.0000000000E00	1.6477846786E-03	1.1674193887E-04	7.5317717939E-02	
OIS Forward Rate Multi-Curve	4.6214851330E-01	4.8768446123E-01	3.8650786662E-01	3.8143043844E-01	3.7028175685E-01	3.6975545324E-01	3.5044361052E-01	3.6073166104E-01	3.6073166104E-01	3.5875804997E-01	1.8291152704E-02	1.8349896424E-02	1.8124155608E-02	1.8125721763E-02	1.8704191989E-02	1.8227211950E-02	1.8227211950E-02	1.8259742388E-02	3.8263687401E-01	3.7381284483E-01	3.5394327441E-01	3.5286902489E-01	3.4733240430E-01	2.6394155064E-02	2.5575375945E-02	2.6809339950E-02	2.6579733025E-02	2.6091583625E-02	4.0805272734E-02	1.1199738709E-01	4.3744062568E82	8.2298347038E-01	1.3776764054E-04	1.1250894549E81	1.1690685108E-04	1.6477846786E-03	0.0000000000E00	1.7613781600E-03	7.6965502617E-02	
LIBOR Forward Rate Multi-Curve	4.6038713514E-01	4.8592308307E-01	3.8474648846E-01	3.7966906028E-01	3.6852037869E-01	3.6799407508E-01	3.4868223236E-01	3.5897028288E-01	3.5897028288E-01	3.5699667181E-01	2.0052530864E-02	2.0111274584E-02	1.9885533768E-02	1.9887099923E-02	2.0465570149E-02	1.9988590110E-02	1.9988590110E-02	2.0021120548E-02	3.8087549585E-01	3.7205146667E-01	3.5218189625E-01	3.5110764673E-01	3.4557102614E-01	2.5552004611E-02	2.4733815401E-02	2.5946338795E-02	2.5717802754E-02	2.5226980060E-02	3.9700495402E-02	1.1050155384E-01	4.3744062568E82	8.2122209222E-01	1.8929794620E-03	1.1250894549E81	1.8750546350E-03	1.1674193887E-04	1.7613781600E-03	0.0000000000E00	7.5204124457E-02	
Time	3.8518301068E-01	4.1071895861E-01	3.0954236400E-01	3.0446493582E-01	2.9331625423E-01	2.9278995063E-01	2.7347810790E-01	2.8376615842E-01	2.8376615842E-01	2.8179254736E-01	9.5256655321E-02	9.5315399041E-02	9.5089658225E-02	9.5091224380E-02	9.5669694606E-02	9.5192714567E-02	9.5192714567E-02	9.5225245005E-02	3.0567137139E-01	2.9684734221E-01	2.7697777179E-01	2.7590352227E-01	2.7036690168E-01	5.6287372613E-02	5.7081920054E-02	5.5892287225E-02	5.6092594346E-02	5.6558475684E-02	3.7051282051E-02	1.0153846154E-01	4.3744062568E82	7.4601796776E-01	7.7097103919E-02	1.1250894549E81	7.7079179092E-02	7.5317717939E-02	7.6965502617E-02	7.5204124457E-02	0.0000000000E00	
