	Target (OIS)	Target (LIBOR)	Caplet Vola Analytic Single-Curve	Caplet Vola Monte-Carlo Single-Curve	Caplet Vola Analytic Multi-Curve Fenton-Wilkinson	Caplet Vola Analytic Multi-Curve Ju	Caplet Vola Analytic Multi-Curve Ho	Caplet Vola Analytic Multi-Curve Drift-Freeze	Caplet Vola Analytic Multi-Curve Integrated-Expectation	Caplet Vola Monte-Carlo Multi-Curve	Caplet Value Analytic Single-Curve	Caplet Value Monte-Carlo Single-Curve	Caplet Value Analytic Multi-Curve Fenton-Wilkinson	Caplet Value Analytic Multi-Curve Ju	Caplet Value Analytic Multi-Curve Ho	Caplet Value Analytic Multi-Curve Drift-Freeze	Caplet Value Analytic Multi-Curve Integrated-Expectation	Caplet Value Monte-Carlo Multi-Curve	Swaption Vola Analytic Single-Curve	Swaption Vola Monte-Carlo Single-Curve	Swaption Vola Analytic Multi-Curve Drift-Freeze	Swaption Vola Analytic Multi-Curve Integrated-Expectation	Swaption Vola Monte-Carlo Multi-Curve	Swaption Value Analytic Single-Curve	Swaption Value Monte-Carlo Single-Curve	Swaption Value Analytic Multi-Curve Drift-Freeze	Swaption Value Analytic Multi-Curve Integrated-Expectation	Swaption Value Monte-Carlo Multi-Curve	Swaption Exercise Date	Swaption Number Of Periods	Numeraire Single-Curve	Discount Single-Curve	OIS Spot Rate Single-Curve	Numeraire Multi-Curve	OIS Spot Rate Multi-Curve	LIBOR Spot Rate Multi-Curve	OIS Forward Rate Multi-Curve	LIBOR Forward Rate Multi-Curve	Time
Target (OIS)	0.0000000000E00	8.5208274879E-02	1.6512322512E00	1.6561395115E00	1.6186470831E00	1.6285968681E00	?	1.6411754574E00	1.6411754574E00	1.6375704178E00	2.9728683566E00	2.9729806411E00	2.9718988427E00	2.9719160905E00	?	2.9720601971E00	2.9720601971E00	2.9721450758E00	1.7219200019E00	1.7251031310E00	1.7680239862E00	1.7829777915E00	1.7648269768E00	2.9254915144E00	2.9274767474E00	2.9218554056E00	2.9256341006E00	2.9236990291E00	2.8496005945E00	2.7165198108E00	7.2687152243E01	1.0613765840E00	2.9353320003E00	6.8354782152E01	2.9355298864E00	2.9280551946E00	2.9351601875E00	2.9277292183E00	2.7906178064E00	
Target (LIBOR)	8.5208274879E-02	0.0000000000E00	1.7083104419E00	1.7131739052E00	1.6772992089E00	1.6868682537E00	?	1.6991870741E00	1.6991870741E00	1.6957750690E00	2.9733902309E00	2.9734963140E00	2.9724743147E00	2.9724906091E00	?	2.9726267599E00	2.9726267599E00	2.9727069534E00	1.7798716915E00	1.7831912645E00	1.8242376396E00	1.8388275991E00	1.8213808247E00	2.9285912120E00	2.9304700298E00	2.9251507688E00	2.9287271842E00	2.9268957976E00	2.8566915344E00	2.7301509847E00	7.2687152243E01	1.1311349846E00	2.9379038024E00	6.8354782152E01	2.9380910157E00	2.9310224739E00	2.9377412568E00	2.9307140032E00	2.8006386882E00	
Caplet Vola Analytic Single-Curve	1.6512322512E00	1.7083104419E00	0.0000000000E00	4.3354232478E-02	7.9564936162E-02	6.9333486768E-02	?	1.2975035873E-01	1.2975035873E-01	9.4295008900E-02	2.7718168147E00	2.7721661884E00	2.7679952720E00	2.7680968004E00	?	2.7687885407E00	2.7687885407E00	2.7687620775E00	1.1582663262E00	1.1787751937E00	1.1740057715E00	1.1987043945E00	1.1806922746E00	2.5855614455E00	2.5916821558E00	2.5716274592E00	2.5823513921E00	2.5756275220E00	2.4355173832E00	1.9645739524E00	7.2687152243E01	6.2358208507E-01	2.6485795308E00	6.8354782152E01	2.6491252060E00	2.6269107454E00	2.6480973470E00	2.6261032205E00	2.2468123824E00	
Caplet Vola Monte-Carlo Single-Curve	1.6561395115E00	1.7131739052E00	4.3354232478E-02	0.0000000000E00	7.9766140753E-02	6.4307211156E-02	?	1.2469522601E-01	1.2469522601E-01	7.3922799362E-02	2.8148344011E00	2.8151572368E00	2.8106650659E00	2.8108083394E00	?	2.8113903274E00	2.8113903274E00	2.8115474949E00	1.1401335847E00	1.1613308062E00	1.1594466877E00	1.1846557190E00	1.1655364189E00	2.6379306350E00	2.6437409702E00	2.6239471730E00	2.6346370090E00	2.6279416062E00	2.4678786263E00	1.9848970858E00	7.2687152243E01	6.3432737317E-01	2.6966657742E00	6.8354782152E01	2.6972918767E00	2.6729614914E00	2.6962267177E00	2.6720012457E00	2.2897445285E00	
Caplet Vola Analytic Multi-Curve Fenton-Wilkinson	1.6186470831E00	1.6772992089E00	7.9564936162E-02	7.9766140753E-02	0.0000000000E00	3.4995559934E-02	?	8.3536137603E-02	8.3536137603E-02	6.1536882866E-02	2.8131247411E00	2.8134474965E00	2.8089548415E00	2.8090981534E00	?	2.8096801111E00	2.8096801111E00	2.8098371761E00	1.1242275961E00	1.1444931189E00	1.1395237903E00	1.1639191340E00	1.1459754008E00	2.6372993329E00	2.6428446816E00	2.6242244501E00	2.6347759146E00	2.6284057291E00	2.4662364110E00	2.1096675467E00	7.2687152243E01	6.3860242173E-01	2.6949751436E00	6.8354782152E01	2.6956011226E00	2.6712676546E00	2.6945362302E00	2.6703076632E00	2.2881506906E00	
Caplet Vola Analytic Multi-Curve Ju	1.6285968681E00	1.6868682537E00	6.9333486768E-02	6.4307211156E-02	3.4995559934E-02	0.0000000000E00	?	6.2877818934E-02	6.2877818934E-02	6.0508411563E-02	2.7537373076E00	2.7540539708E00	2.7495901784E00	2.7497333682E00	?	2.7503083498E00	2.7503083498E00	2.7504602424E00	1.1242771560E00	1.1445862919E00	1.1396068053E00	1.1640561540E00	1.1460729880E00	2.6060329422E00	2.6115536652E00	2.5955977013E00	2.6060797478E00	2.6006932266E00	2.4123416988E00	2.0872302410E00	7.2687152243E01	6.3944623098E-01	2.6374097583E00	6.8354782152E01	2.6380255390E00	2.6138181705E00	2.6369799239E00	2.6128759169E00	2.2618706659E00	
Caplet Vola Analytic Multi-Curve Ho	?	?	?	?	?	?	?	?	?	?	?	?	?	?	?	?	?	?	?	?	?	?	?	?	?	?	?	?	?	?	?	?	?	?	?	?	?	?	?	
Caplet Vola Analytic Multi-Curve Drift-Freeze	1.6411754574E00	1.6991870741E00	1.2975035873E-01	1.2469522601E-01	8.3536137603E-02	6.2877818934E-02	?	0.0000000000E00	0.0000000000E00	6.3321189084E-02	2.7841103805E00	2.7844571932E00	2.7810366585E00	2.7810914369E00	?	2.7815368026E00	2.7815368026E00	2.7817978551E00	1.0797973796E00	1.0998304279E00	1.0945717465E00	1.1186762750E00	1.1007399116E00	2.6426881272E00	2.6484031621E00	2.6319336767E00	2.6427825510E00	2.6372087920E00	2.4309935421E00	2.1085366084E00	7.2687152243E01	6.6186337113E-01	2.6708504138E00	6.8354782152E01	2.6714277890E00	2.6484726112E00	2.6703486334E00	2.6475334717E00	2.2875936207E00	
Caplet Vola Analytic Multi-Curve Integrated-Expectation	1.6411754574E00	1.6991870741E00	1.2975035873E-01	1.2469522601E-01	8.3536137603E-02	6.2877818934E-02	?	0.0000000000E00	0.0000000000E00	6.3321189084E-02	2.7841103805E00	2.7844571932E00	2.7810366585E00	2.7810914369E00	?	2.7815368026E00	2.7815368026E00	2.7817978551E00	1.0797973796E00	1.0998304279E00	1.0945717465E00	1.1186762750E00	1.1007399116E00	2.6426881272E00	2.6484031621E00	2.6319336767E00	2.6427825510E00	2.6372087920E00	2.4309935421E00	2.1085366084E00	7.2687152243E01	6.6186337113E-01	2.6708504138E00	6.8354782152E01	2.6714277890E00	2.6484726112E00	2.6703486334E00	2.6475334717E00	2.2875936207E00	
Caplet Vola Monte-Carlo Multi-Curve	1.6375704178E00	1.6957750690E00	9.4295008900E-02	7.3922799362E-02	6.1536882866E-02	6.0508411563E-02	?	6.3321189084E-02	6.3321189084E-02	0.0000000000E00	2.8122097600E00	2.8125610756E00	2.8091090167E00	2.8091642581E00	?	2.8096152813E00	2.8096152813E00	2.8098798573E00	1.0873091877E00	1.1074669243E00	1.1022360494E00	1.1264954896E00	1.1084799313E00	2.6690003808E00	2.6747882758E00	2.6581423163E00	2.6691286369E00	2.6634852950E00	2.4550108400E00	2.1289787295E00	7.2687152243E01	6.7001367854E-01	2.6975595719E00	6.8354782152E01	2.6981443989E00	2.6750269368E00	2.6970513850E00	2.6740752810E00	2.3096729946E00	
Caplet Value Analytic Single-Curve	2.9728683566E00	2.9733902309E00	2.7718168147E00	2.8148344011E00	2.8131247411E00	2.7537373076E00	?	2.7841103805E00	2.7841103805E00	2.8122097600E00	0.0000000000E00	3.5435897674E-02	1.1669199299E-01	1.1195744378E-01	?	1.0442114937E-01	1.0442114937E-01	1.1050597415E-01	3.9375506532E00	4.0819262210E00	3.9064184512E00	4.0239933867E00	4.0410952884E00	2.8053285209E00	2.7501791171E00	2.7699855106E00	2.5063919793E00	2.6828504177E00	4.5811577500E00	4.8917692205E00	7.2687152243E01	2.3494881259E00	1.8006397177E00	6.8354782152E01	1.7704917992E00	1.7330612317E00	1.7956865289E00	1.7578060247E00	3.6395852208E00	
Caplet Value Monte-Carlo Single-Curve	2.9729806411E00	2.9734963140E00	2.7721661884E00	2.8151572368E00	2.8134474965E00	2.7540539708E00	?	2.7844571932E00	2.7844571932E00	2.8125610756E00	3.5435897674E-02	0.0000000000E00	1.3778246748E-01	1.3707628600E-01	?	1.0640515259E-01	1.0640515259E-01	1.1022352101E-01	3.9382179595E00	4.0826378271E00	3.9071072516E00	4.0247284867E00	4.0418224557E00	2.8125930662E00	2.7575814191E00	2.7769057458E00	2.5132706478E00	2.6898249976E00	4.5878859414E00	4.8953011228E00	7.2687152243E01	2.3496459180E00	1.8065367561E00	6.8354782152E01	1.7768327346E00	1.7416664691E00	1.8020350585E00	1.7664070233E00	3.6434327372E00	
Caplet Value Analytic Multi-Curve Fenton-Wilkinson	2.9718988427E00	2.9724743147E00	2.7679952720E00	2.8106650659E00	2.8089548415E00	2.7495901784E00	?	2.7810366585E00	2.7810366585E00	2.8091090167E00	1.1669199299E-01	1.3778246748E-01	0.0000000000E00	5.3695091425E-03	?	3.1318661007E-02	3.1318661007E-02	5.1204503218E-02	3.9323551029E00	4.0764511895E00	3.9010415450E00	4.0183114175E00	4.0354823481E00	2.7722512626E00	2.7165437684E00	2.7384973424E00	2.4753864046E00	2.6512123657E00	4.5587890077E00	4.8732944084E00	7.2687152243E01	2.3479819973E00	1.7747146934E00	6.8354782152E01	1.7444118411E00	1.7039396550E00	1.7678772707E00	1.7286124054E00	3.6277222783E00	
Caplet Value Analytic Multi-Curve Ju	2.9719160905E00	2.9724906091E00	2.7680968004E00	2.8108083394E00	2.8090981534E00	2.7497333682E00	?	2.7810914369E00	2.7810914369E00	2.8091642581E00	1.1195744378E-01	1.3707628600E-01	5.3695091425E-03	0.0000000000E00	?	3.0578451948E-02	3.0578451948E-02	5.0326853406E-02	3.9324466462E00	4.0765475483E00	3.9011363038E00	4.0184114580E00	4.0355811617E00	2.7728977928E00	2.7172024925E00	2.7391138513E00	2.4760000730E00	2.6518338853E00	4.5592139268E00	4.8735555296E00	7.2687152243E01	2.3480090001E00	1.7753472722E00	6.8354782152E01	1.7450413495E00	1.7045275892E00	1.7685066064E00	1.7292009497E00	3.6279539229E00	
Caplet Value Analytic Multi-Curve Ho	?	?	?	?	?	?	?	?	?	?	?	?	?	?	?	?	?	?	?	?	?	?	?	?	?	?	?	?	?	?	?	?	?	?	?	?	?	?	?	
Caplet Value Analytic Multi-Curve Drift-Freeze	2.9720601971E00	2.9726267599E00	2.7687885407E00	2.8113903274E00	2.8096801111E00	2.7503083498E00	?	2.7815368026E00	2.7815368026E00	2.8096152813E00	1.0442114937E-01	1.0640515259E-01	3.1318661007E-02	3.0578451948E-02	?	0.0000000000E00	0.0000000000E00	4.1124816250E-02	3.9332962615E00	4.0774528927E00	3.9020133460E00	4.0193468476E00	4.0365064143E00	2.7810160472E00	2.7254592924E00	2.7468458840E00	2.4836262015E00	2.6596062980E00	4.5646090894E00	4.8782238361E00	7.2687152243E01	2.3482128173E00	1.7815395400E00	6.8354782152E01	1.7511788274E00	1.7118188279E00	1.7748992059E00	1.7365076722E00	3.6308220178E00	
Caplet Value Analytic Multi-Curve Integrated-Expectation	2.9720601971E00	2.9726267599E00	2.7687885407E00	2.8113903274E00	2.8096801111E00	2.7503083498E00	?	2.7815368026E00	2.7815368026E00	2.8096152813E00	1.0442114937E-01	1.0640515259E-01	3.1318661007E-02	3.0578451948E-02	?	0.0000000000E00	0.0000000000E00	4.1124816250E-02	3.9332962615E00	4.0774528927E00	3.9020133460E00	4.0193468476E00	4.0365064143E00	2.7810160472E00	2.7254592924E00	2.7468458840E00	2.4836262015E00	2.6596062980E00	4.5646090894E00	4.8782238361E00	7.2687152243E01	2.3482128173E00	1.7815395400E00	6.8354782152E01	1.7511788274E00	1.7118188279E00	1.7748992059E00	1.7365076722E00	3.6308220178E00	
Caplet Value Monte-Carlo Multi-Curve	2.9721450758E00	2.9727069534E00	2.7687620775E00	2.8115474949E00	2.8098371761E00	2.7504602424E00	?	2.7817978551E00	2.7817978551E00	2.8098798573E00	1.1050597415E-01	1.1022352101E-01	5.1204503218E-02	5.0326853406E-02	?	4.1124816250E-02	4.1124816250E-02	0.0000000000E00	3.9338058399E00	4.0779969594E00	3.9025391495E00	4.0199085482E00	4.0370621519E00	2.7893780994E00	2.7340130090E00	2.7548365253E00	2.4917354740E00	2.6677123132E00	4.5688043862E00	4.8796188670E00	7.2687152243E01	2.3483305515E00	1.7982517451E00	6.8354782152E01	1.7679044207E00	1.7280598548E00	1.7919671511E00	1.7526884267E00	3.6331419763E00	
Swaption Vola Analytic Single-Curve	1.7219200019E00	1.7798716915E00	1.1582663262E00	1.1401335847E00	1.1242275961E00	1.1242771560E00	?	1.0797973796E00	1.0797973796E00	1.0873091877E00	3.9375506532E00	3.9382179595E00	3.9323551029E00	3.9324466462E00	?	3.9332962615E00	3.9332962615E00	3.9338058399E00	0.0000000000E00	6.9120740815E-02	2.1438670920E-01	2.1987997416E-01	1.4841663110E-01	3.6718133438E00	3.6824451108E00	3.6535766502E00	3.6736903598E00	3.6634050341E00	3.3054634101E00	2.7680171069E00	7.2687152243E01	1.4103891893E00	3.7263213681E00	6.8354782152E01	3.7274062476E00	3.6913909888E00	3.7253823137E00	3.6896105904E00	3.0474022173E00	
Swaption Vola Monte-Carlo Single-Curve	1.7251031310E00	1.7831912645E00	1.1787751937E00	1.1613308062E00	1.1444931189E00	1.1445862919E00	?	1.0998304279E00	1.0998304279E00	1.1074669243E00	4.0819262210E00	4.0826378271E00	4.0764511895E00	4.0765475483E00	?	4.0774528927E00	4.0774528927E00	4.0779969594E00	6.9120740815E-02	0.0000000000E00	2.2206798100E-01	2.2778008215E-01	1.5520235331E-01	3.7992307279E00	3.8105271806E00	3.7800159962E00	3.8013805014E00	3.7904598548E00	3.4126017074E00	2.8477267579E00	7.2687152243E01	1.4263617914E00	3.8573446491E00	6.8354782152E01	3.8584985264E00	3.8208408574E00	3.8563462187E00	3.8189458560E00	3.1394960329E00	
Swaption Vola Analytic Multi-Curve Drift-Freeze	1.7680239862E00	1.8242376396E00	1.1740057715E00	1.1594466877E00	1.1395237903E00	1.1396068053E00	?	1.0945717465E00	1.0945717465E00	1.1022360494E00	3.9064184512E00	3.9071072516E00	3.9010415450E00	3.9011363038E00	?	3.9020133460E00	3.9020133460E00	3.9025391495E00	2.1438670920E-01	2.2206798100E-01	0.0000000000E00	8.1010144300E-02	6.9544937817E-02	3.6328286082E00	3.6437442425E00	3.6140606447E00	3.6347075765E00	3.6241469390E00	3.2574452558E00	2.7118170743E00	7.2687152243E01	1.4239117099E00	3.6887652266E00	6.8354782152E01	3.6898801844E00	3.6526869065E00	3.6878000607E00	3.6508588392E00	2.9955336274E00	
Swaption Vola Analytic Multi-Curve Integrated-Expectation	1.7829777915E00	1.8388275991E00	1.1987043945E00	1.1846557190E00	1.1639191340E00	1.1640561540E00	?	1.1186762750E00	1.1186762750E00	1.1264954896E00	4.0239933867E00	4.0247284867E00	4.0183114175E00	4.0184114580E00	?	4.0193468476E00	4.0193468476E00	4.0199085482E00	2.1987997416E-01	2.2778008215E-01	8.1010144300E-02	0.0000000000E00	7.2583824112E-02	3.7328617659E00	3.7444553154E00	3.7130643022E00	3.7349862130E00	3.7237765926E00	3.3367997323E00	2.7647022023E00	7.2687152243E01	1.4430453403E00	3.7924470859E00	6.8354782152E01	3.7936327095E00	3.7546261636E00	3.7914210456E00	3.7526814723E00	3.0605039170E00	
Swaption Vola Monte-Carlo Multi-Curve	1.7648269768E00	1.8213808247E00	1.1806922746E00	1.1655364189E00	1.1459754008E00	1.1460729880E00	?	1.1007399116E00	1.1007399116E00	1.1084799313E00	4.0410952884E00	4.0418224557E00	4.0354823481E00	4.0355811617E00	?	4.0365064143E00	4.0365064143E00	4.0370621519E00	1.4841663110E-01	1.5520235331E-01	6.9544937817E-02	7.2583824112E-02	0.0000000000E00	3.7528134632E00	3.7643064001E00	3.7332110151E00	3.7549441746E00	3.7438323245E00	3.3599308752E00	2.7903256968E00	7.2687152243E01	1.4298442172E00	3.8118980682E00	6.8354782152E01	3.8130729455E00	3.7745137533E00	3.8108813694E00	3.7725859194E00	3.0847566225E00	
Swaption Value Analytic Single-Curve	2.9254915144E00	2.9285912120E00	2.5855614455E00	2.6379306350E00	2.6372993329E00	2.6060329422E00	?	2.6426881272E00	2.6426881272E00	2.6690003808E00	2.8053285209E00	2.8125930662E00	2.7722512626E00	2.7728977928E00	?	2.7810160472E00	2.7810160472E00	2.7893780994E00	3.6718133438E00	3.7992307279E00	3.6328286082E00	3.7328617659E00	3.7528134632E00	0.0000000000E00	1.0378145569E-01	8.0975102977E-02	2.0275697785E-01	6.9144959715E-02	3.2565404177E00	3.9871280247E00	7.2687152243E01	2.2833851914E00	8.9020227583E-01	6.8354782152E01	8.9650361025E-01	8.3095929659E-01	8.8713695880E-01	8.2133602069E-01	2.7917841977E00	
Swaption Value Monte-Carlo Single-Curve	2.9274767474E00	2.9304700298E00	2.5916821558E00	2.6437409702E00	2.6428446816E00	2.6115536652E00	?	2.6484031621E00	2.6484031621E00	2.6747882758E00	2.7501791171E00	2.7575814191E00	2.7165437684E00	2.7172024925E00	?	2.7254592924E00	2.7254592924E00	2.7340130090E00	3.6824451108E00	3.8105271806E00	3.6437442425E00	3.7444553154E00	3.7643064001E00	1.0378145569E-01	0.0000000000E00	1.7149257741E-01	1.2195093415E-01	9.8575930548E-02	3.2995506338E00	4.0174702966E00	7.2687152243E01	2.2861058335E00	8.1536511190E-01	6.8354782152E01	8.2164226447E-01	7.5732966352E-01	8.1236871883E-01	7.7186081290E-01	2.8185902626E00	
Swaption Value Analytic Multi-Curve Drift-Freeze	2.9218554056E00	2.9251507688E00	2.5716274592E00	2.6239471730E00	2.6242244501E00	2.5955977013E00	?	2.6319336767E00	2.6319336767E00	2.6581423163E00	2.7699855106E00	2.7769057458E00	2.7384973424E00	2.7391138513E00	?	2.7468458840E00	2.7468458840E00	2.7548365253E00	3.6535766502E00	3.7800159962E00	3.6140606447E00	3.7130643022E00	3.7332110151E00	8.0975102977E-02	1.7149257741E-01	0.0000000000E00	2.4277771013E-01	9.6637109045E-02	3.2073903875E00	3.9315827181E00	7.2687152243E01	2.2780031267E00	9.1639859745E-01	6.8354782152E01	9.2258886598E-01	8.5783535726E-01	9.1336799696E-01	8.4836419368E-01	2.7614199643E00	
Swaption Value Analytic Multi-Curve Integrated-Expectation	2.9256341006E00	2.9287271842E00	2.5823513921E00	2.6346370090E00	2.6347759146E00	2.6060797478E00	?	2.6427825510E00	2.6427825510E00	2.6691286369E00	2.5063919793E00	2.5132706478E00	2.4753864046E00	2.4760000730E00	?	2.4836262015E00	2.4836262015E00	2.4917354740E00	3.6736903598E00	3.8013805014E00	3.6347075765E00	3.7349862130E00	3.7549441746E00	2.0275697785E-01	1.2195093415E-01	2.4277771013E-01	0.0000000000E00	1.4783391674E-01	3.2778353131E00	3.9852267294E00	7.2687152243E01	2.2831850721E00	7.2739513302E-01	6.8354782152E01	7.0918360163E-01	7.1782749556E-01	7.2686223297E-01	7.3493914846E-01	2.8047368908E00	
Swaption Value Monte-Carlo Multi-Curve	2.9236990291E00	2.9268957976E00	2.5756275220E00	2.6279416062E00	2.6284057291E00	2.6006932266E00	?	2.6372087920E00	2.6372087920E00	2.6634852950E00	2.6828504177E00	2.6898249976E00	2.6512123657E00	2.6518338853E00	?	2.6596062980E00	2.6596062980E00	2.6677123132E00	3.6634050341E00	3.7904598548E00	3.6241469390E00	3.7237765926E00	3.7438323245E00	6.9144959715E-02	9.8575930548E-02	9.6637109045E-02	1.4783391674E-01	0.0000000000E00	3.2468918267E00	3.9534142099E00	7.2687152243E01	2.2805172109E00	8.2477958684E-01	6.8354782152E01	8.3090299710E-01	7.6799472797E-01	8.2184913854E-01	7.5864867608E-01	2.7862623815E00	
Swaption Exercise Date	2.8496005945E00	2.8566915344E00	2.4355173832E00	2.4678786263E00	2.4662364110E00	2.4123416988E00	?	2.4309935421E00	2.4309935421E00	2.4550108400E00	4.5811577500E00	4.5878859414E00	4.5587890077E00	4.5592139268E00	?	4.5646090894E00	4.5646090894E00	4.5688043862E00	3.3054634101E00	3.4126017074E00	3.2574452558E00	3.3367997323E00	3.3599308752E00	3.2565404177E00	3.2995506338E00	3.2073903875E00	3.2778353131E00	3.2468918267E00	0.0000000000E00	3.3669064748E00	7.2687152243E01	2.1765840590E00	3.0938827438E00	6.8354782152E01	3.0944634577E00	3.0171640902E00	3.0831910090E00	3.0065573831E00	7.9654359780E-01	
Swaption Number Of Periods	2.7165198108E00	2.7301509847E00	1.9645739524E00	1.9848970858E00	2.1096675467E00	2.0872302410E00	?	2.1085366084E00	2.1085366084E00	2.1289787295E00	4.8917692205E00	4.8953011228E00	4.8732944084E00	4.8735555296E00	?	4.8782238361E00	4.8782238361E00	4.8796188670E00	2.7680171069E00	2.8477267579E00	2.7118170743E00	2.7647022023E00	2.7903256968E00	3.9871280247E00	4.0174702966E00	3.9315827181E00	3.9852267294E00	3.9534142099E00	3.3669064748E00	0.0000000000E00	7.2687152243E01	2.0013521491E00	4.1624952162E00	6.8354782152E01	4.1650648841E00	4.0819968786E00	4.1576781958E00	4.0752380202E00	2.5341409692E00	
Numeraire Single-Curve	7.2687152243E01	7.2687152243E01	7.2687152243E01	7.2687152243E01	7.2687152243E01	7.2687152243E01	?	7.2687152243E01	7.2687152243E01	7.2687152243E01	7.2687152243E01	7.2687152243E01	7.2687152243E01	7.2687152243E01	?	7.2687152243E01	7.2687152243E01	7.2687152243E01	7.2687152243E01	7.2687152243E01	7.2687152243E01	7.2687152243E01	7.2687152243E01	7.2687152243E01	7.2687152243E01	7.2687152243E01	7.2687152243E01	7.2687152243E01	7.2687152243E01	7.2687152243E01	0.0000000000E00	7.2687152243E01	7.2687152243E01	7.2343015524E01	7.2687152243E01	7.2687152243E01	7.2687152243E01	7.2687152243E01	7.2687152243E01	
Discount Single-Curve	1.0613765840E00	1.1311349846E00	6.2358208507E-01	6.3432737317E-01	6.3860242173E-01	6.3944623098E-01	?	6.6186337113E-01	6.6186337113E-01	6.7001367854E-01	2.3494881259E00	2.3496459180E00	2.3479819973E00	2.3480090001E00	?	2.3482128173E00	2.3482128173E00	2.3483305515E00	1.4103891893E00	1.4263617914E00	1.4239117099E00	1.4430453403E00	1.4298442172E00	2.2833851914E00	2.2861058335E00	2.2780031267E00	2.2831850721E00	2.2805172109E00	2.1765840590E00	2.0013521491E00	7.2687152243E01	0.0000000000E00	2.2964551577E00	6.8354782152E01	2.2967270511E00	2.2848715609E00	2.2962182895E00	2.2844298428E00	2.1024975894E00	
OIS Spot Rate Single-Curve	2.9353320003E00	2.9379038024E00	2.6485795308E00	2.6966657742E00	2.6949751436E00	2.6374097583E00	?	2.6708504138E00	2.6708504138E00	2.6975595719E00	1.8006397177E00	1.8065367561E00	1.7747146934E00	1.7753472722E00	?	1.7815395400E00	1.7815395400E00	1.7982517451E00	3.7263213681E00	3.8573446491E00	3.6887652266E00	3.7924470859E00	3.8118980682E00	8.9020227583E-01	8.1536511190E-01	9.1639859745E-01	7.2739513302E-01	8.2477958684E-01	3.0938827438E00	4.1624952162E00	7.2687152243E01	2.2964551577E00	0.0000000000E00	6.8354782152E01	2.6378014077E-02	1.4966142934E-01	1.7301681284E-02	1.4895650211E-01	2.7373083256E00	
Numeraire Multi-Curve	6.8354782152E01	6.8354782152E01	6.8354782152E01	6.8354782152E01	6.8354782152E01	6.8354782152E01	?	6.8354782152E01	6.8354782152E01	6.8354782152E01	6.8354782152E01	6.8354782152E01	6.8354782152E01	6.8354782152E01	?	6.8354782152E01	6.8354782152E01	6.8354782152E01	6.8354782152E01	6.8354782152E01	6.8354782152E01	6.8354782152E01	6.8354782152E01	6.8354782152E01	6.8354782152E01	6.8354782152E01	6.8354782152E01	6.8354782152E01	6.8354782152E01	6.8354782152E01	7.2343015524E01	6.8354782152E01	6.8354782152E01	0.0000000000E00	6.8354782152E01	6.8354782152E01	6.8354782152E01	6.8354782152E01	6.8354782152E01	
OIS Spot Rate Multi-Curve	2.9355298864E00	2.9380910157E00	2.6491252060E00	2.6972918767E00	2.6956011226E00	2.6380255390E00	?	2.6714277890E00	2.6714277890E00	2.6981443989E00	1.7704917992E00	1.7768327346E00	1.7444118411E00	1.7450413495E00	?	1.7511788274E00	1.7511788274E00	1.7679044207E00	3.7274062476E00	3.8584985264E00	3.6898801844E00	3.7936327095E00	3.8130729455E00	8.9650361025E-01	8.2164226447E-01	9.2258886598E-01	7.0918360163E-01	8.3090299710E-01	3.0944634577E00	4.1650648841E00	7.2687152243E01	2.2967270511E00	2.6378014077E-02	6.8354782152E01	0.0000000000E00	1.5050472210E-01	2.3432685514E-02	1.4979508333E-01	2.7374119688E00	
LIBOR Spot Rate Multi-Curve	2.9280551946E00	2.9310224739E00	2.6269107454E00	2.6729614914E00	2.6712676546E00	2.6138181705E00	?	2.6484726112E00	2.6484726112E00	2.6750269368E00	1.7330612317E00	1.7416664691E00	1.7039396550E00	1.7045275892E00	?	1.7118188279E00	1.7118188279E00	1.7280598548E00	3.6913909888E00	3.8208408574E00	3.6526869065E00	3.7546261636E00	3.7745137533E00	8.3095929659E-01	7.5732966352E-01	8.5783535726E-01	7.1782749556E-01	7.6799472797E-01	3.0171640902E00	4.0819968786E00	7.2687152243E01	2.2848715609E00	1.4966142934E-01	6.8354782152E01	1.5050472210E-01	0.0000000000E00	1.4994360787E-01	2.1033402717E-02	2.6880263412E00	
OIS Forward Rate Multi-Curve	2.9351601875E00	2.9377412568E00	2.6480973470E00	2.6962267177E00	2.6945362302E00	2.6369799239E00	?	2.6703486334E00	2.6703486334E00	2.6970513850E00	1.7956865289E00	1.8020350585E00	1.7678772707E00	1.7685066064E00	?	1.7748992059E00	1.7748992059E00	1.7919671511E00	3.7253823137E00	3.8563462187E00	3.6878000607E00	3.7914210456E00	3.8108813694E00	8.8713695880E-01	8.1236871883E-01	9.1336799696E-01	7.2686223297E-01	8.2184913854E-01	3.0831910090E00	4.1576781958E00	7.2687152243E01	2.2962182895E00	1.7301681284E-02	6.8354782152E01	2.3432685514E-02	1.4994360787E-01	0.0000000000E00	1.4923894544E-01	2.7300736410E00	
LIBOR Forward Rate Multi-Curve	2.9277292183E00	2.9307140032E00	2.6261032205E00	2.6720012457E00	2.6703076632E00	2.6128759169E00	?	2.6475334717E00	2.6475334717E00	2.6740752810E00	1.7578060247E00	1.7664070233E00	1.7286124054E00	1.7292009497E00	?	1.7365076722E00	1.7365076722E00	1.7526884267E00	3.6896105904E00	3.8189458560E00	3.6508588392E00	3.7526814723E00	3.7725859194E00	8.2133602069E-01	7.7186081290E-01	8.4836419368E-01	7.3493914846E-01	7.5864867608E-01	3.0065573831E00	4.0752380202E00	7.2687152243E01	2.2844298428E00	1.4895650211E-01	6.8354782152E01	1.4979508333E-01	2.1033402717E-02	1.4923894544E-01	0.0000000000E00	2.6810186321E00	
Time	2.7906178064E00	2.8006386882E00	2.2468123824E00	2.2897445285E00	2.2881506906E00	2.2618706659E00	?	2.2875936207E00	2.2875936207E00	2.3096729946E00	3.6395852208E00	3.6434327372E00	3.6277222783E00	3.6279539229E00	?	3.6308220178E00	3.6308220178E00	3.6331419763E00	3.0474022173E00	3.1394960329E00	2.9955336274E00	3.0605039170E00	3.0847566225E00	2.7917841977E00	2.8185902626E00	2.7614199643E00	2.8047368908E00	2.7862623815E00	7.9654359780E-01	2.5341409692E00	7.2687152243E01	2.1024975894E00	2.7373083256E00	6.8354782152E01	2.7374119688E00	2.6880263412E00	2.7300736410E00	2.6810186321E00	0.0000000000E00	
