	Target (OIS)	Target (LIBOR)	Caplet Vola Analytic Single-Curve	Caplet Vola Monte-Carlo Single-Curve	Caplet Vola Analytic Multi-Curve Fenton-Wilkinson	Caplet Vola Analytic Multi-Curve Ju	Caplet Vola Analytic Multi-Curve Ho	Caplet Vola Analytic Multi-Curve Drift-Freeze	Caplet Vola Analytic Multi-Curve Integrated-Expectation	Caplet Vola Monte-Carlo Multi-Curve	Caplet Value Analytic Single-Curve	Caplet Value Monte-Carlo Single-Curve	Caplet Value Analytic Multi-Curve Fenton-Wilkinson	Caplet Value Analytic Multi-Curve Ju	Caplet Value Analytic Multi-Curve Ho	Caplet Value Analytic Multi-Curve Drift-Freeze	Caplet Value Analytic Multi-Curve Integrated-Expectation	Caplet Value Monte-Carlo Multi-Curve	Swaption Vola Analytic Single-Curve	Swaption Vola Monte-Carlo Single-Curve	Swaption Vola Analytic Multi-Curve Drift-Freeze	Swaption Vola Analytic Multi-Curve Integrated-Expectation	Swaption Vola Monte-Carlo Multi-Curve	Swaption Value Analytic Single-Curve	Swaption Value Monte-Carlo Single-Curve	Swaption Value Analytic Multi-Curve Drift-Freeze	Swaption Value Analytic Multi-Curve Integrated-Expectation	Swaption Value Monte-Carlo Multi-Curve	Swaption Exercise Date	Swaption Number Of Periods	Numeraire Single-Curve	Discount Single-Curve	OIS Spot Rate Single-Curve	Numeraire Multi-Curve	OIS Spot Rate Multi-Curve	LIBOR Spot Rate Multi-Curve	OIS Forward Rate Multi-Curve	LIBOR Forward Rate Multi-Curve	Time
Target (OIS)	0.0000000000E00	1.3228278194E-01	1.6347592281E00	1.6346124957E00	1.6294334208E00	1.6418298805E00	2.1732445810E00	1.6482197935E00	1.6482197935E00	1.6414597648E00	2.2486585578E00	2.2486585228E00	2.2483880744E00	2.2483963355E00	2.2487557459E00	2.2484005968E00	2.2484005968E00	2.2483960887E00	1.5847319521E00	1.5795593605E00	1.6612201320E00	1.6647321355E00	1.6459129747E00	2.2479902972E00	2.2479841666E00	2.2473063005E00	2.2473150190E00	2.2472683535E00	2.2388072929E00	2.2288072929E00	5.6953476326E37	1.2493070445E00	2.2470742152E00	1.3100117838E35	2.2470724267E00	2.2439506777E00	2.2470741270E00	2.2439636101E00	2.2438072929E00	
Target (LIBOR)	1.3228278194E-01	0.0000000000E00	1.7670420100E00	1.7668952776E00	1.7617162027E00	1.7741126624E00	2.3055273629E00	1.7805025754E00	1.7805025754E00	1.7737425467E00	2.3809413397E00	2.3809413048E00	2.3806708563E00	2.3806791174E00	2.3810385278E00	2.3806833788E00	2.3806833788E00	2.3806788707E00	1.7170147341E00	1.7118421424E00	1.7935029139E00	1.7970149175E00	1.7781957567E00	2.3802730791E00	2.3802669485E00	2.3795890824E00	2.3795978009E00	2.3795511354E00	2.3710900748E00	2.3610900748E00	5.6953476326E37	1.3815898265E00	2.3793569972E00	1.3100117838E35	2.3793552087E00	2.3762334596E00	2.3793569090E00	2.3762463921E00	2.3760900748E00	
Caplet Vola Analytic Single-Curve	1.6347592281E00	1.7670420100E00	0.0000000000E00	2.0329561476E-02	4.9672321397E-02	6.1836734997E-02	5.3848535287E-01	1.0518233034E-01	1.0518233034E-01	6.3274833977E-02	6.6055019607E-01	6.6055422805E-01	6.6010939148E-01	6.6013871163E-01	6.6045242252E-01	6.6024404721E-01	6.6024404721E-01	6.6013567899E-01	4.6590605706E-01	4.6861939947E-01	4.6892276204E-01	4.7174363562E-01	4.6955251230E-01	6.4724476370E-01	6.4742103407E-01	6.4609288982E-01	6.4621329809E-01	6.4601294940E-01	6.5167724602E-01	5.9404806481E-01	5.6953476326E37	4.1092739018E-01	6.5537063654E-01	1.3100117838E35	6.5536733842E-01	6.5219813768E-01	6.5536990795E-01	6.5223942601E-01	6.4252058171E-01	
Caplet Vola Monte-Carlo Single-Curve	1.6346124957E00	1.7668952776E00	2.0329561476E-02	0.0000000000E00	4.7125735101E-02	5.9290148701E-02	5.3863208527E-01	1.0263574405E-01	1.0263574405E-01	5.8851877215E-02	6.6229495318E-01	6.6229045660E-01	6.6177867933E-01	6.6181832940E-01	6.6206614826E-01	6.6187583847E-01	6.6187583847E-01	6.6182599899E-01	4.5516665481E-01	4.5817475260E-01	4.6022865871E-01	4.6323455066E-01	4.6086551057E-01	6.5238224820E-01	6.5243602636E-01	6.5122402558E-01	6.5125816076E-01	6.5104268298E-01	6.5287801936E-01	5.9419479721E-01	5.6953476326E37	4.1609129999E-01	6.5911958524E-01	1.3100117838E35	6.5913178113E-01	6.5555655330E-01	6.5913301033E-01	6.5556393312E-01	6.4787801936E-01	
Caplet Vola Analytic Multi-Curve Fenton-Wilkinson	1.6294334208E00	1.7617162027E00	4.9672321397E-02	4.7125735101E-02	0.0000000000E00	2.3965411849E-02	5.4381116019E-01	5.8494886891E-02	5.8494886891E-02	3.3659172177E-02	6.3298655597E-01	6.3298205940E-01	6.3247028213E-01	6.3250993219E-01	6.3275775105E-01	6.3256744126E-01	6.3256744126E-01	6.3251760179E-01	4.4127795764E-01	4.4399130005E-01	4.4429466262E-01	4.4711553620E-01	4.4492441288E-01	6.2307385099E-01	6.2312762915E-01	6.2191562837E-01	6.2194976355E-01	6.2173428577E-01	6.2356962215E-01	5.9937387213E-01	5.6953476326E37	4.2137383912E-01	6.2981118804E-01	1.3100117838E35	6.2982338392E-01	6.2624815609E-01	6.2982461312E-01	6.2625553591E-01	6.1856962215E-01	
Caplet Vola Analytic Multi-Curve Ju	1.6418298805E00	1.7741126624E00	6.1836734997E-02	5.9290148701E-02	2.3965411849E-02	0.0000000000E00	5.3141470048E-01	4.5130349187E-02	4.5130349187E-02	3.3093470912E-02	6.0902114412E-01	6.0901664755E-01	6.0850487028E-01	6.0854452034E-01	6.0879233921E-01	6.0860202941E-01	6.0860202941E-01	6.0855218994E-01	4.3946635937E-01	4.4217970178E-01	4.4248306435E-01	4.4530393794E-01	4.4311281461E-01	6.0616041671E-01	6.0615428608E-01	6.0547641996E-01	6.0548513846E-01	6.0543847299E-01	5.9960421030E-01	5.8697741242E-01	5.6953476326E37	4.2038223974E-01	6.0584577619E-01	1.3100117838E35	6.0585797207E-01	6.0228274424E-01	6.0585920127E-01	6.0229012406E-01	6.0197741242E-01	
Caplet Vola Analytic Multi-Curve Ho	2.1732445810E00	2.3055273629E00	5.3848535287E-01	5.3863208527E-01	5.4381116019E-01	5.3141470048E-01	0.0000000000E00	5.2502478752E-01	5.2502478752E-01	5.3178481616E-01	4.7657547558E-01	4.7658538128E-01	4.7611202761E-01	4.7614340057E-01	4.7654445124E-01	4.7628638048E-01	4.7628638048E-01	4.7616918293E-01	5.8851262884E-01	5.9368522051E-01	5.1202444901E-01	5.0851244544E-01	5.2733160625E-01	4.6167297471E-01	4.6193751656E-01	4.6051823334E-01	4.6073101458E-01	4.6050338909E-01	4.6818848171E-01	4.2033709433E-01	5.6953476326E37	9.2393753644E-01	4.6998139265E-01	1.3100117838E35	4.6999500745E-01	4.6689049520E-01	4.6996940578E-01	4.6689528436E-01	4.5318848171E-01	
Caplet Vola Analytic Multi-Curve Drift-Freeze	1.6482197935E00	1.7805025754E00	1.0518233034E-01	1.0263574405E-01	5.8494886891E-02	4.5130349187E-02	5.2502478752E-01	0.0000000000E00	0.0000000000E00	4.4601714872E-02	6.0043876436E-01	6.0043872937E-01	6.0016828091E-01	6.0017654204E-01	6.0053595246E-01	6.0018080339E-01	6.0018080339E-01	6.0017629528E-01	4.0154432519E-01	4.0425766760E-01	4.0456103017E-01	4.0738190375E-01	4.0519078043E-01	5.9977050375E-01	5.9976437312E-01	5.9908650700E-01	5.9909522550E-01	5.9904856002E-01	5.9058749946E-01	5.8058749946E-01	5.6953476326E37	4.4150572472E-01	5.9885442179E-01	1.3100117838E35	5.9885263327E-01	5.9573088420E-01	5.9885433357E-01	5.9574381667E-01	5.9558749946E-01	
Caplet Vola Analytic Multi-Curve Integrated-Expectation	1.6482197935E00	1.7805025754E00	1.0518233034E-01	1.0263574405E-01	5.8494886891E-02	4.5130349187E-02	5.2502478752E-01	0.0000000000E00	0.0000000000E00	4.4601714872E-02	6.0043876436E-01	6.0043872937E-01	6.0016828091E-01	6.0017654204E-01	6.0053595246E-01	6.0018080339E-01	6.0018080339E-01	6.0017629528E-01	4.0154432519E-01	4.0425766760E-01	4.0456103017E-01	4.0738190375E-01	4.0519078043E-01	5.9977050375E-01	5.9976437312E-01	5.9908650700E-01	5.9909522550E-01	5.9904856002E-01	5.9058749946E-01	5.8058749946E-01	5.6953476326E37	4.4150572472E-01	5.9885442179E-01	1.3100117838E35	5.9885263327E-01	5.9573088420E-01	5.9885433357E-01	5.9574381667E-01	5.9558749946E-01	
Caplet Vola Monte-Carlo Multi-Curve	1.6414597648E00	1.7737425467E00	6.3274833977E-02	5.8851877215E-02	3.3659172177E-02	3.3093470912E-02	5.3178481616E-01	4.4601714872E-02	4.4601714872E-02	0.0000000000E00	6.0719879300E-01	6.0719875801E-01	6.0692830955E-01	6.0693657068E-01	6.0729598110E-01	6.0694083203E-01	6.0694083203E-01	6.0693632392E-01	4.1434315619E-01	4.1705649860E-01	4.1735986117E-01	4.2018073476E-01	4.1798961144E-01	6.0653053239E-01	6.0652440176E-01	6.0584653564E-01	6.0585525414E-01	6.0580858867E-01	5.9734752810E-01	5.8734752810E-01	5.6953476326E37	4.4402546928E-01	6.0561445043E-01	1.3100117838E35	6.0561266192E-01	6.0249091285E-01	6.0561436221E-01	6.0250384532E-01	6.0234752810E-01	
Caplet Value Analytic Single-Curve	2.2486585578E00	2.3809413397E00	6.6055019607E-01	6.6229495318E-01	6.3298655597E-01	6.0902114412E-01	4.7657547558E-01	6.0043876436E-01	6.0043876436E-01	6.0719879300E-01	0.0000000000E00	1.6480090644E-04	5.1627384666E-04	4.8745194786E-04	1.1301779264E-03	4.1911470973E-04	4.1911470973E-04	4.6895418517E-04	6.6392660568E-01	6.6909919735E-01	5.8743842585E-01	5.8392642228E-01	6.0274558309E-01	4.6849652916E-02	4.4489791698E-02	4.7516411673E-02	4.0638656953E-02	4.4624476956E-02	1.5549453701E-01	3.3630856912E-01	5.6953476326E37	9.9935151328E-01	2.4870608571E-02	1.3100117838E35	2.4361758284E-02	2.5389555519E-02	2.4882607046E-02	2.5905782135E-02	1.9049453701E-01	
Caplet Value Monte-Carlo Single-Curve	2.2486585228E00	2.3809413048E00	6.6055422805E-01	6.6229045660E-01	6.3298205940E-01	6.0901664755E-01	4.7658538128E-01	6.0043872937E-01	6.0043872937E-01	6.0719875801E-01	1.6480090644E-04	0.0000000000E00	6.1717933221E-04	6.1202600675E-04	1.1003573598E-03	4.1461813460E-04	4.1461813460E-04	4.6445761003E-04	6.6392657069E-01	6.6909916237E-01	5.8743839087E-01	5.8392638729E-01	6.0274554811E-01	4.6890590083E-02	4.4530728865E-02	4.7557348840E-02	4.0679594120E-02	4.4665414123E-02	1.5559178715E-01	3.3641148180E-01	5.6953476326E37	9.9935147829E-01	2.4900429137E-02	1.3100117838E35	2.4398227841E-02	2.5465830297E-02	2.4919076602E-02	2.5982056913E-02	1.9059178715E-01	
Caplet Value Analytic Multi-Curve Fenton-Wilkinson	2.2483880744E00	2.3806708563E00	6.6010939148E-01	6.6177867933E-01	6.3247028213E-01	6.0850487028E-01	4.7611202761E-01	6.0016828091E-01	6.0016828091E-01	6.0692830955E-01	5.1627384666E-04	6.1717933221E-04	0.0000000000E00	3.9650062394E-05	1.3225563287E-03	2.5884591391E-04	2.5884591391E-04	2.8895313617E-04	6.6365612224E-01	6.6882871391E-01	5.8716794241E-01	5.8365593884E-01	6.0247509965E-01	4.6720017032E-02	4.4360155813E-02	4.7386775788E-02	4.0509021068E-02	4.4494841071E-02	1.5541905761E-01	3.3580960884E-01	5.6953476326E37	9.9908102983E-01	2.4783666987E-02	1.3100117838E35	2.4269535942E-02	2.5229496696E-02	2.4767378986E-02	2.5745723312E-02	1.9041905761E-01	
Caplet Value Analytic Multi-Curve Ju	2.2483963355E00	2.3806791174E00	6.6013871163E-01	6.6181832940E-01	6.3250993219E-01	6.0854452034E-01	4.7614340057E-01	6.0017654204E-01	6.0017654204E-01	6.0693657068E-01	4.8745194786E-04	6.1202600675E-04	3.9650062394E-05	0.0000000000E00	1.3312036694E-03	2.5472077229E-04	2.5472077229E-04	2.9768280575E-04	6.6366438336E-01	6.6883697503E-01	5.8717620354E-01	5.8366419996E-01	6.0248336077E-01	4.6719433276E-02	4.4359572057E-02	4.7386192032E-02	4.0508437312E-02	4.4494257315E-02	1.5541960742E-01	3.3582111717E-01	5.6953476326E37	9.9908929096E-01	2.4785368254E-02	1.3100117838E35	2.4271237209E-02	2.5228324220E-02	2.4769080253E-02	2.5744550836E-02	1.9041960742E-01	
Caplet Value Analytic Multi-Curve Ho	2.2487557459E00	2.3810385278E00	6.6045242252E-01	6.6206614826E-01	6.3275775105E-01	6.0879233921E-01	4.7654445124E-01	6.0053595246E-01	6.0053595246E-01	6.0729598110E-01	1.1301779264E-03	1.1003573598E-03	1.3225563287E-03	1.3312036694E-03	0.0000000000E00	1.1859604938E-03	1.1859604938E-03	1.1179546663E-03	6.6402379379E-01	6.6919638546E-01	5.8753561396E-01	5.8402361039E-01	6.0284277120E-01	4.7814646085E-02	4.5454784866E-02	4.8481404841E-02	4.1603650121E-02	4.5589470124E-02	1.5628118956E-01	3.3666230908E-01	5.6953476326E37	9.9944870138E-01	2.6000786497E-02	1.3100117838E35	2.5486655452E-02	2.6461495410E-02	2.5992194738E-02	2.6977722026E-02	1.9128118956E-01	
Caplet Value Analytic Multi-Curve Drift-Freeze	2.2484005968E00	2.3806833788E00	6.6024404721E-01	6.6187583847E-01	6.3256744126E-01	6.0860202941E-01	4.7628638048E-01	6.0018080339E-01	6.0018080339E-01	6.0694083203E-01	4.1911470973E-04	4.1461813460E-04	2.5884591391E-04	2.5472077229E-04	1.1859604938E-03	0.0000000000E00	0.0000000000E00	1.9173417421E-04	6.6366864471E-01	6.6884123638E-01	5.8718046488E-01	5.8366846131E-01	6.0248762212E-01	4.6794516010E-02	4.4434654791E-02	4.7461274766E-02	4.0583520046E-02	4.4569340049E-02	1.5546257800E-01	3.3606509726E-01	5.6953476326E37	9.9909355231E-01	2.4833765629E-02	1.3100117838E35	2.4319634584E-02	2.5321324520E-02	2.4831668859E-02	2.5837551136E-02	1.9046257800E-01	
Caplet Value Analytic Multi-Curve Integrated-Expectation	2.2484005968E00	2.3806833788E00	6.6024404721E-01	6.6187583847E-01	6.3256744126E-01	6.0860202941E-01	4.7628638048E-01	6.0018080339E-01	6.0018080339E-01	6.0694083203E-01	4.1911470973E-04	4.1461813460E-04	2.5884591391E-04	2.5472077229E-04	1.1859604938E-03	0.0000000000E00	0.0000000000E00	1.9173417421E-04	6.6366864471E-01	6.6884123638E-01	5.8718046488E-01	5.8366846131E-01	6.0248762212E-01	4.6794516010E-02	4.4434654791E-02	4.7461274766E-02	4.0583520046E-02	4.4569340049E-02	1.5546257800E-01	3.3606509726E-01	5.6953476326E37	9.9909355231E-01	2.4833765629E-02	1.3100117838E35	2.4319634584E-02	2.5321324520E-02	2.4831668859E-02	2.5837551136E-02	1.9046257800E-01	
Caplet Value Monte-Carlo Multi-Curve	2.2483960887E00	2.3806788707E00	6.6013567899E-01	6.6182599899E-01	6.3251760179E-01	6.0855218994E-01	4.7616918293E-01	6.0017629528E-01	6.0017629528E-01	6.0693632392E-01	4.6895418517E-04	4.6445761003E-04	2.8895313617E-04	2.9768280575E-04	1.1179546663E-03	1.9173417421E-04	1.9173417421E-04	0.0000000000E00	6.6366413660E-01	6.6883672827E-01	5.8717595677E-01	5.8366395320E-01	6.0248311401E-01	4.6868905173E-02	4.4509043955E-02	4.7535663929E-02	4.0657909210E-02	4.4643729213E-02	1.5549802721E-01	3.3598210306E-01	5.6953476326E37	9.9908904419E-01	2.5021512682E-02	1.3100117838E35	2.4507381637E-02	2.5513058694E-02	2.5023086623E-02	2.6029285310E-02	1.9049802721E-01	
Swaption Vola Analytic Single-Curve	1.5847319521E00	1.7170147341E00	4.6590605706E-01	4.5516665481E-01	4.4127795764E-01	4.3946635937E-01	5.8851262884E-01	4.0154432519E-01	4.0154432519E-01	4.1434315619E-01	6.6392660568E-01	6.6392657069E-01	6.6365612224E-01	6.6366438336E-01	6.6402379379E-01	6.6366864471E-01	6.6366864471E-01	6.6366413660E-01	0.0000000000E00	2.2661398635E-02	9.9623786397E-02	9.9799118465E-02	8.1079475185E-02	6.6325834508E-01	6.6325221445E-01	6.6257434832E-01	6.6258306682E-01	6.6253640135E-01	6.5407534078E-01	6.4407534078E-01	5.6953476326E37	8.3111903196E-01	6.6234226312E-01	1.3100117838E35	6.6234047460E-01	6.5921872553E-01	6.6234217489E-01	6.5923165800E-01	6.5907534078E-01	
Swaption Vola Monte-Carlo Single-Curve	1.5795593605E00	1.7118421424E00	4.6861939947E-01	4.5817475260E-01	4.4399130005E-01	4.4217970178E-01	5.9368522051E-01	4.0425766760E-01	4.0425766760E-01	4.1705649860E-01	6.6909919735E-01	6.6909916237E-01	6.6882871391E-01	6.6883697503E-01	6.6919638546E-01	6.6884123638E-01	6.6884123638E-01	6.6883672827E-01	2.2661398635E-02	0.0000000000E00	1.0108489025E-01	1.0126022232E-01	8.2540579037E-02	6.6843093675E-01	6.6842480612E-01	6.6774694000E-01	6.6775565850E-01	6.6770899302E-01	6.5924793245E-01	6.4924793245E-01	5.6953476326E37	8.3383237437E-01	6.6751485479E-01	1.3100117838E35	6.6751306627E-01	6.6439131720E-01	6.6751476656E-01	6.6440424967E-01	6.6424793245E-01	
Swaption Vola Analytic Multi-Curve Drift-Freeze	1.6612201320E00	1.7935029139E00	4.6892276204E-01	4.6022865871E-01	4.4429466262E-01	4.4248306435E-01	5.1202444901E-01	4.0456103017E-01	4.0456103017E-01	4.1735986117E-01	5.8743842585E-01	5.8743839087E-01	5.8716794241E-01	5.8717620354E-01	5.8753561396E-01	5.8718046488E-01	5.8718046488E-01	5.8717595677E-01	9.9623786397E-02	1.0108489025E-01	0.0000000000E00	2.4306154288E-02	1.8544311212E-02	5.8677016525E-01	5.8676403462E-01	5.8608616850E-01	5.8609488700E-01	5.8604822152E-01	5.7758716096E-01	5.6758716096E-01	5.6953476326E37	8.3413573694E-01	5.8585408329E-01	1.3100117838E35	5.8585229477E-01	5.8273054570E-01	5.8585399506E-01	5.8274347817E-01	5.8258716096E-01	
Swaption Vola Analytic Multi-Curve Integrated-Expectation	1.6647321355E00	1.7970149175E00	4.7174363562E-01	4.6323455066E-01	4.4711553620E-01	4.4530393794E-01	5.0851244544E-01	4.0738190375E-01	4.0738190375E-01	4.2018073476E-01	5.8392642228E-01	5.8392638729E-01	5.8365593884E-01	5.8366419996E-01	5.8402361039E-01	5.8366846131E-01	5.8366846131E-01	5.8366395320E-01	9.9799118465E-02	1.0126022232E-01	2.4306154288E-02	0.0000000000E00	1.8875666844E-02	5.8325816168E-01	5.8325203105E-01	5.8257416492E-01	5.8258288342E-01	5.8253621795E-01	5.7407515738E-01	5.6407515738E-01	5.6953476326E37	8.3695661052E-01	5.8234207972E-01	1.3100117838E35	5.8234029120E-01	5.7921854213E-01	5.8234199149E-01	5.7923147460E-01	5.7907515738E-01	
Swaption Vola Monte-Carlo Multi-Curve	1.6459129747E00	1.7781957567E00	4.6955251230E-01	4.6086551057E-01	4.4492441288E-01	4.4311281461E-01	5.2733160625E-01	4.0519078043E-01	4.0519078043E-01	4.1798961144E-01	6.0274558309E-01	6.0274554811E-01	6.0247509965E-01	6.0248336077E-01	6.0284277120E-01	6.0248762212E-01	6.0248762212E-01	6.0248311401E-01	8.1079475185E-02	8.2540579037E-02	1.8544311212E-02	1.8875666844E-02	0.0000000000E00	6.0207732249E-01	6.0207119186E-01	6.0139332574E-01	6.0140204424E-01	6.0135537876E-01	5.9289431819E-01	5.8289431819E-01	5.6953476326E37	8.3476548720E-01	6.0116124053E-01	1.3100117838E35	6.0115945201E-01	5.9803770294E-01	6.0116115230E-01	5.9805063541E-01	5.9789431819E-01	
Swaption Value Analytic Single-Curve	2.2479902972E00	2.3802730791E00	6.4724476370E-01	6.5238224820E-01	6.2307385099E-01	6.0616041671E-01	4.6167297471E-01	5.9977050375E-01	5.9977050375E-01	6.0653053239E-01	4.6849652916E-02	4.6890590083E-02	4.6720017032E-02	4.6719433276E-02	4.7814646085E-02	4.6794516010E-02	4.6794516010E-02	4.6868905173E-02	6.6325834508E-01	6.6843093675E-01	5.8677016525E-01	5.8325816168E-01	6.0207732249E-01	0.0000000000E00	2.9264329915E-03	1.3375746026E-03	6.2109959634E-03	2.2251759604E-03	1.4968093254E-01	3.2204378302E-01	5.6953476326E37	9.9868325267E-01	2.2996664222E-02	1.3100117838E35	2.3112637101E-02	2.2166653241E-02	2.2957204410E-02	2.1977758729E-02	1.7968093254E-01	
Swaption Value Monte-Carlo Single-Curve	2.2479841666E00	2.3802669485E00	6.4742103407E-01	6.5243602636E-01	6.2312762915E-01	6.0615428608E-01	4.6193751656E-01	5.9976437312E-01	5.9976437312E-01	6.0652440176E-01	4.4489791698E-02	4.4530728865E-02	4.4360155813E-02	4.4359572057E-02	4.5454784866E-02	4.4434654791E-02	4.4434654791E-02	4.4509043955E-02	6.6325221445E-01	6.6842480612E-01	5.8676403462E-01	5.8325203105E-01	6.0207119186E-01	2.9264329915E-03	0.0000000000E00	3.9885813696E-03	3.8511347448E-03	1.7392075168E-03	1.4993154244E-01	3.2239267351E-01	5.6953476326E37	9.9867712204E-01	2.0636803003E-02	1.3100117838E35	2.0752775882E-02	1.9806792023E-02	2.0597343191E-02	2.0250047873E-02	1.7993154244E-01	
Swaption Value Analytic Multi-Curve Drift-Freeze	2.2473063005E00	2.3795890824E00	6.4609288982E-01	6.5122402558E-01	6.2191562837E-01	6.0547641996E-01	4.6051823334E-01	5.9908650700E-01	5.9908650700E-01	6.0584653564E-01	4.7516411673E-02	4.7557348840E-02	4.7386775788E-02	4.7386192032E-02	4.8481404841E-02	4.7461274766E-02	4.7461274766E-02	4.7535663929E-02	6.6257434832E-01	6.6774694000E-01	5.8608616850E-01	5.8257416492E-01	6.0139332574E-01	1.3375746026E-03	3.9885813696E-03	0.0000000000E00	6.8777547197E-03	2.8919347167E-03	1.4964444726E-01	3.2085804535E-01	5.6953476326E37	9.9799925592E-01	2.3663422978E-02	1.3100117838E35	2.3779395857E-02	2.2833411998E-02	2.3623963166E-02	2.2644517486E-02	1.7964444726E-01	
Swaption Value Analytic Multi-Curve Integrated-Expectation	2.2473150190E00	2.3795978009E00	6.4621329809E-01	6.5125816076E-01	6.2194976355E-01	6.0548513846E-01	4.6073101458E-01	5.9909522550E-01	5.9909522550E-01	6.0585525414E-01	4.0638656953E-02	4.0679594120E-02	4.0509021068E-02	4.0508437312E-02	4.1603650121E-02	4.0583520046E-02	4.0583520046E-02	4.0657909210E-02	6.6258306682E-01	6.6775565850E-01	5.8609488700E-01	5.8258288342E-01	6.0140204424E-01	6.2109959634E-03	3.8511347448E-03	6.8777547197E-03	0.0000000000E00	3.9858200030E-03	1.4967296105E-01	3.2125329344E-01	5.6953476326E37	9.9800797442E-01	1.8731682432E-02	1.3100117838E35	1.8229780226E-02	1.9095884980E-02	1.8750628987E-02	1.9604417296E-02	1.7967296105E-01	
Swaption Value Monte-Carlo Multi-Curve	2.2472683535E00	2.3795511354E00	6.4601294940E-01	6.5104268298E-01	6.2173428577E-01	6.0543847299E-01	4.6050338909E-01	5.9904856002E-01	5.9904856002E-01	6.0580858867E-01	4.4624476956E-02	4.4665414123E-02	4.4494841071E-02	4.4494257315E-02	4.5589470124E-02	4.4569340049E-02	4.4569340049E-02	4.4643729213E-02	6.6253640135E-01	6.6770899302E-01	5.8604822152E-01	5.8253621795E-01	6.0135537876E-01	2.2251759604E-03	1.7392075168E-03	2.8919347167E-03	3.9858200030E-03	0.0000000000E00	1.4988751385E-01	3.2094627985E-01	5.6953476326E37	9.9796130894E-01	2.0771488261E-02	1.3100117838E35	2.0887461141E-02	1.9941477281E-02	2.0732028449E-02	1.9954223703E-02	1.7988751385E-01	
Swaption Exercise Date	2.2388072929E00	2.3710900748E00	6.5167724602E-01	6.5287801936E-01	6.2356962215E-01	5.9960421030E-01	4.6818848171E-01	5.9058749946E-01	5.9058749946E-01	5.9734752810E-01	1.5549453701E-01	1.5559178715E-01	1.5541905761E-01	1.5541960742E-01	1.5628118956E-01	1.5546257800E-01	1.5546257800E-01	1.5549802721E-01	6.5407534078E-01	6.5924793245E-01	5.7758716096E-01	5.7407515738E-01	5.9289431819E-01	1.4968093254E-01	1.4993154244E-01	1.4964444726E-01	1.4967296105E-01	1.4988751385E-01	0.0000000000E00	3.3000000000E-01	5.6953476326E37	9.8950024838E-01	1.3326909798E-01	1.3100117838E35	1.3313253814E-01	1.3248196387E-01	1.3294661912E-01	1.3229003377E-01	6.5000000000E-02	
Swaption Number Of Periods	2.2288072929E00	2.3610900748E00	5.9404806481E-01	5.9419479721E-01	5.9937387213E-01	5.8697741242E-01	4.2033709433E-01	5.8058749946E-01	5.8058749946E-01	5.8734752810E-01	3.3630856912E-01	3.3641148180E-01	3.3580960884E-01	3.3582111717E-01	3.3666230908E-01	3.3606509726E-01	3.3606509726E-01	3.3598210306E-01	6.4407534078E-01	6.4924793245E-01	5.6758716096E-01	5.6407515738E-01	5.8289431819E-01	3.2204378302E-01	3.2239267351E-01	3.2085804535E-01	3.2125329344E-01	3.2094627985E-01	3.3000000000E-01	0.0000000000E00	5.6953476326E37	9.7950024838E-01	3.2418646706E-01	1.3100117838E35	3.2416912538E-01	3.2130044620E-01	3.2399748882E-01	3.2116214923E-01	2.9500000000E-01	
Numeraire Single-Curve	5.6953476326E37	5.6953476326E37	5.6953476326E37	5.6953476326E37	5.6953476326E37	5.6953476326E37	5.6953476326E37	5.6953476326E37	5.6953476326E37	5.6953476326E37	5.6953476326E37	5.6953476326E37	5.6953476326E37	5.6953476326E37	5.6953476326E37	5.6953476326E37	5.6953476326E37	5.6953476326E37	5.6953476326E37	5.6953476326E37	5.6953476326E37	5.6953476326E37	5.6953476326E37	5.6953476326E37	5.6953476326E37	5.6953476326E37	5.6953476326E37	5.6953476326E37	5.6953476326E37	5.6953476326E37	0.0000000000E00	5.6953476326E37	5.6953476326E37	5.6822475148E37	5.6953476326E37	5.6953476326E37	5.6953476326E37	5.6953476326E37	5.6953476326E37	
Discount Single-Curve	1.2493070445E00	1.3815898265E00	4.1092739018E-01	4.1609129999E-01	4.2137383912E-01	4.2038223974E-01	9.2393753644E-01	4.4150572472E-01	4.4150572472E-01	4.4402546928E-01	9.9935151328E-01	9.9935147829E-01	9.9908102983E-01	9.9908929096E-01	9.9944870138E-01	9.9909355231E-01	9.9909355231E-01	9.9908904419E-01	8.3111903196E-01	8.3383237437E-01	8.3413573694E-01	8.3695661052E-01	8.3476548720E-01	9.9868325267E-01	9.9867712204E-01	9.9799925592E-01	9.9800797442E-01	9.9796130894E-01	9.8950024838E-01	9.7950024838E-01	5.6953476326E37	0.0000000000E00	9.9776717071E-01	1.3100117838E35	9.9776538219E-01	9.9464363312E-01	9.9776708249E-01	9.9465656559E-01	9.9450024838E-01	
OIS Spot Rate Single-Curve	2.2470742152E00	2.3793569972E00	6.5537063654E-01	6.5911958524E-01	6.2981118804E-01	6.0584577619E-01	4.6998139265E-01	5.9885442179E-01	5.9885442179E-01	6.0561445043E-01	2.4870608571E-02	2.4900429137E-02	2.4783666987E-02	2.4785368254E-02	2.6000786497E-02	2.4833765629E-02	2.4833765629E-02	2.5021512682E-02	6.6234226312E-01	6.6751485479E-01	5.8585408329E-01	5.8234207972E-01	6.0116124053E-01	2.2996664222E-02	2.0636803003E-02	2.3663422978E-02	1.8731682432E-02	2.0771488261E-02	1.3326909798E-01	3.2418646706E-01	5.6953476326E37	9.9776717071E-01	0.0000000000E00	1.3100117838E35	6.0386453581E-04	3.5630319459E-03	3.9776074801E-04	3.5556521219E-03	1.6826909798E-01	
Numeraire Multi-Curve	1.3100117838E35	1.3100117838E35	1.3100117838E35	1.3100117838E35	1.3100117838E35	1.3100117838E35	1.3100117838E35	1.3100117838E35	1.3100117838E35	1.3100117838E35	1.3100117838E35	1.3100117838E35	1.3100117838E35	1.3100117838E35	1.3100117838E35	1.3100117838E35	1.3100117838E35	1.3100117838E35	1.3100117838E35	1.3100117838E35	1.3100117838E35	1.3100117838E35	1.3100117838E35	1.3100117838E35	1.3100117838E35	1.3100117838E35	1.3100117838E35	1.3100117838E35	1.3100117838E35	1.3100117838E35	5.6822475148E37	1.3100117838E35	1.3100117838E35	0.0000000000E00	1.3100117838E35	1.3100117838E35	1.3100117838E35	1.3100117838E35	1.3100117838E35	
OIS Spot Rate Multi-Curve	2.2470724267E00	2.3793552087E00	6.5536733842E-01	6.5913178113E-01	6.2982338392E-01	6.0585797207E-01	4.6999500745E-01	5.9885263327E-01	5.9885263327E-01	6.0561266192E-01	2.4361758284E-02	2.4398227841E-02	2.4269535942E-02	2.4271237209E-02	2.5486655452E-02	2.4319634584E-02	2.4319634584E-02	2.4507381637E-02	6.6234047460E-01	6.6751306627E-01	5.8585229477E-01	5.8234029120E-01	6.0115945201E-01	2.3112637101E-02	2.0752775882E-02	2.3779395857E-02	1.8229780226E-02	2.0887461141E-02	1.3313253814E-01	3.2416912538E-01	5.6953476326E37	9.9776538219E-01	6.0386453581E-04	1.3100117838E35	0.0000000000E00	3.5752278292E-03	5.3748728453E-04	3.5678480052E-03	1.6813253814E-01	
LIBOR Spot Rate Multi-Curve	2.2439506777E00	2.3762334596E00	6.5219813768E-01	6.5555655330E-01	6.2624815609E-01	6.0228274424E-01	4.6689049520E-01	5.9573088420E-01	5.9573088420E-01	6.0249091285E-01	2.5389555519E-02	2.5465830297E-02	2.5229496696E-02	2.5228324220E-02	2.6461495410E-02	2.5321324520E-02	2.5321324520E-02	2.5513058694E-02	6.5921872553E-01	6.6439131720E-01	5.8273054570E-01	5.7921854213E-01	5.9803770294E-01	2.2166653241E-02	1.9806792023E-02	2.2833411998E-02	1.9095884980E-02	1.9941477281E-02	1.3248196387E-01	3.2130044620E-01	5.6953476326E37	9.9464363312E-01	3.5630319459E-03	1.3100117838E35	3.5752278292E-03	0.0000000000E00	3.5764570316E-03	5.1622661610E-04	1.6748196387E-01	
OIS Forward Rate Multi-Curve	2.2470741270E00	2.3793569090E00	6.5536990795E-01	6.5913301033E-01	6.2982461312E-01	6.0585920127E-01	4.6996940578E-01	5.9885433357E-01	5.9885433357E-01	6.0561436221E-01	2.4882607046E-02	2.4919076602E-02	2.4767378986E-02	2.4769080253E-02	2.5992194738E-02	2.4831668859E-02	2.4831668859E-02	2.5023086623E-02	6.6234217489E-01	6.6751476656E-01	5.8585399506E-01	5.8234199149E-01	6.0116115230E-01	2.2957204410E-02	2.0597343191E-02	2.3623963166E-02	1.8750628987E-02	2.0732028449E-02	1.3294661912E-01	3.2399748882E-01	5.6953476326E37	9.9776708249E-01	3.9776074801E-04	1.3100117838E35	5.3748728453E-04	3.5764570316E-03	0.0000000000E00	3.5690772076E-03	1.6794661912E-01	
LIBOR Forward Rate Multi-Curve	2.2439636101E00	2.3762463921E00	6.5223942601E-01	6.5556393312E-01	6.2625553591E-01	6.0229012406E-01	4.6689528436E-01	5.9574381667E-01	5.9574381667E-01	6.0250384532E-01	2.5905782135E-02	2.5982056913E-02	2.5745723312E-02	2.5744550836E-02	2.6977722026E-02	2.5837551136E-02	2.5837551136E-02	2.6029285310E-02	6.5923165800E-01	6.6440424967E-01	5.8274347817E-01	5.7923147460E-01	5.9805063541E-01	2.1977758729E-02	2.0250047873E-02	2.2644517486E-02	1.9604417296E-02	1.9954223703E-02	1.3229003377E-01	3.2116214923E-01	5.6953476326E37	9.9465656559E-01	3.5556521219E-03	1.3100117838E35	3.5678480052E-03	5.1622661610E-04	3.5690772076E-03	0.0000000000E00	1.6729003377E-01	
Time	2.2438072929E00	2.3760900748E00	6.4252058171E-01	6.4787801936E-01	6.1856962215E-01	6.0197741242E-01	4.5318848171E-01	5.9558749946E-01	5.9558749946E-01	6.0234752810E-01	1.9049453701E-01	1.9059178715E-01	1.9041905761E-01	1.9041960742E-01	1.9128118956E-01	1.9046257800E-01	1.9046257800E-01	1.9049802721E-01	6.5907534078E-01	6.6424793245E-01	5.8258716096E-01	5.7907515738E-01	5.9789431819E-01	1.7968093254E-01	1.7993154244E-01	1.7964444726E-01	1.7967296105E-01	1.7988751385E-01	6.5000000000E-02	2.9500000000E-01	5.6953476326E37	9.9450024838E-01	1.6826909798E-01	1.3100117838E35	1.6813253814E-01	1.6748196387E-01	1.6794661912E-01	1.6729003377E-01	0.0000000000E00	
