	Target (OIS)	Target (LIBOR)	Caplet Vola Analytic Single-Curve	Caplet Vola Monte-Carlo Single-Curve	Caplet Vola Analytic Multi-Curve Fenton-Wilkinson	Caplet Vola Analytic Multi-Curve Ju	Caplet Vola Analytic Multi-Curve Ho	Caplet Vola Analytic Multi-Curve Drift-Freeze	Caplet Vola Analytic Multi-Curve Integrated-Expectation	Caplet Vola Monte-Carlo Multi-Curve	Caplet Value Analytic Single-Curve	Caplet Value Monte-Carlo Single-Curve	Caplet Value Analytic Multi-Curve Fenton-Wilkinson	Caplet Value Analytic Multi-Curve Ju	Caplet Value Analytic Multi-Curve Ho	Caplet Value Analytic Multi-Curve Drift-Freeze	Caplet Value Analytic Multi-Curve Integrated-Expectation	Caplet Value Monte-Carlo Multi-Curve	Swaption Vola Analytic Single-Curve	Swaption Vola Monte-Carlo Single-Curve	Swaption Vola Analytic Multi-Curve Drift-Freeze	Swaption Vola Analytic Multi-Curve Integrated-Expectation	Swaption Vola Monte-Carlo Multi-Curve	Swaption Value Analytic Single-Curve	Swaption Value Monte-Carlo Single-Curve	Swaption Value Analytic Multi-Curve Drift-Freeze	Swaption Value Analytic Multi-Curve Integrated-Expectation	Swaption Value Monte-Carlo Multi-Curve	Swaption Exercise Date	Swaption Number Of Periods	Numeraire Single-Curve	Discount Single-Curve	OIS Spot Rate Single-Curve	Numeraire Multi-Curve	OIS Spot Rate Multi-Curve	LIBOR Spot Rate Multi-Curve	OIS Forward Rate Multi-Curve	LIBOR Forward Rate Multi-Curve	Time
Target (OIS)	0.0000000000E00	5.2417128924E-02	3.8845301062E-01	4.0842773372E-01	4.3168552716E-01	4.3514936888E-01	4.6727331507E-01	4.4442499153E-01	4.4439301927E-01	4.4159848174E-01	2.0072734622E00	2.0085917291E00	2.0058858335E00	2.0059371728E00	2.0111261023E00	2.0064672825E00	2.0064639431E00	2.0067623626E00	3.3362087213E-01	3.6780603898E-01	4.0038344516E-01	4.0072296370E-01	4.0225931575E-01	1.7246400654E00	1.7374037158E00	1.7194364825E00	1.7202815058E00	1.7224234231E00	1.6282808966E00	1.1961313880E00	1.2489746205E01	5.4291954743E-01	1.8727085459E00	1.2489746173E01	1.8705624639E00	1.8562386966E00	1.8694700922E00	1.8553741261E00	1.4233753149E00	
Target (LIBOR)	5.2417128924E-02	0.0000000000E00	4.1460121457E-01	4.3837353119E-01	4.5852118609E-01	4.6191977949E-01	4.9793639701E-01	4.7245758539E-01	4.7241734752E-01	4.7060182388E-01	2.0091041623E00	2.0103578335E00	2.0077846271E00	2.0078334354E00	2.0127681378E00	2.0083375862E00	2.0083344103E00	2.0086182558E00	3.6614116588E-01	4.0351333621E-01	4.3484160259E-01	4.3524357874E-01	4.3806455072E-01	1.7391135735E00	1.7513548158E00	1.7341241819E00	1.7349381912E00	1.7369920760E00	1.6461022032E00	1.2277420919E00	1.2489746205E01	4.9488021498E-01	1.8808908776E00	1.2489746173E01	1.8788420132E00	1.8651763221E00	1.8777985665E00	1.8643501247E00	1.4480014585E00	
Caplet Vola Analytic Single-Curve	3.8845301062E-01	4.1460121457E-01	0.0000000000E00	5.7100255442E-02	4.8076594417E-02	5.1326405490E-02	1.0011845438E-01	6.5075436141E-02	6.5007242546E-02	7.0478847449E-02	1.9743591978E00	1.9760457817E00	1.9727549121E00	1.9728016274E00	1.9795289153E00	1.9734629589E00	1.9734587097E00	1.9738709067E00	1.2096301030E-01	1.3672937990E-01	1.2271188148E-01	1.2507750774E-01	1.3171799466E-01	1.6282373628E00	1.6432172620E00	1.6223343675E00	1.6234665678E00	1.6261945207E00	1.4751881691E00	1.1021146796E00	1.2489746205E01	7.4553600274E-01	1.8071526251E00	1.2489746173E01	1.8044230012E00	1.7893186882E00	1.8029508645E00	1.7881357495E00	1.2211016549E00	
Caplet Vola Monte-Carlo Single-Curve	4.0842773372E-01	4.3837353119E-01	5.7100255442E-02	0.0000000000E00	5.4739359642E-02	5.6599945713E-02	7.3783584778E-02	5.7008068212E-02	5.7007137448E-02	5.9615730461E-02	1.9725570475E00	1.9742912295E00	1.9708802155E00	1.9709289542E00	1.9779533970E00	1.9716200680E00	1.9716156255E00	1.9720502782E00	1.2580754212E-01	1.2304055649E-01	1.0550502843E-01	1.0784569333E-01	1.1197579867E-01	1.6127128806E00	1.6282078463E00	1.6065901896E00	1.6077606731E00	1.6106067626E00	1.4564541438E00	1.0740636819E00	1.2489746205E01	7.8087912121E-01	1.7982227794E00	1.2489746173E01	1.7954688757E00	1.7797337624E00	1.7939305108E00	1.7784987186E00	1.1953560206E00	
Caplet Vola Analytic Multi-Curve Fenton-Wilkinson	4.3168552716E-01	4.5852118609E-01	4.8076594417E-02	5.4739359642E-02	0.0000000000E00	4.3979866054E-03	6.1669390503E-02	2.1073910642E-02	2.0972651395E-02	3.8188909690E-02	1.9818081808E00	1.9835642070E00	1.9801526312E00	1.9801994090E00	1.9872179218E00	1.9808868369E00	1.9808824102E00	1.9813161007E00	1.4850466673E-01	1.5080996861E-01	1.2765633370E-01	1.3001730505E-01	1.3541884926E-01	1.6235957343E00	1.6389943782E00	1.6175445571E00	1.6187246632E00	1.6215545274E00	1.4618344313E00	1.0973392284E00	1.2489746205E01	7.8120871846E-01	1.8082686600E00	1.2489746173E01	1.8054374442E00	1.7900264475E00	1.8038960161E00	1.7887859647E00	1.1998912424E00	
Caplet Vola Analytic Multi-Curve Ju	4.3514936888E-01	4.6191977949E-01	5.1326405490E-02	5.6599945713E-02	4.3979866054E-03	0.0000000000E00	6.0194908135E-02	1.8946630390E-02	1.8839245795E-02	3.7724008266E-02	1.9825867454E00	1.9843466744E00	1.9809291260E00	1.9809756793E00	1.9880124421E00	1.9816644594E00	1.9816600228E00	1.9820952493E00	1.5047265653E-01	1.5210766684E-01	1.2836996588E-01	1.3075063526E-01	1.3622799731E-01	1.6236898077E00	1.6391051697E00	1.6176328163E00	1.6188169342E00	1.6216534428E00	1.4611205102E00	1.0978022157E00	1.2489746205E01	7.8343319540E-01	1.8086945659E00	1.2489746173E01	1.8058579559E00	1.7904402713E00	1.8043114490E00	1.7891955812E00	1.1986663320E00	
Caplet Vola Analytic Multi-Curve Ho	4.6727331507E-01	4.9793639701E-01	1.0011845438E-01	7.3783584778E-02	6.1669390503E-02	6.0194908135E-02	0.0000000000E00	4.2214747197E-02	4.2315602327E-02	4.2322995628E-02	1.9802209312E00	1.9820855358E00	1.9784687150E00	1.9785180096E00	1.9859645124E00	1.9792459240E00	1.9792412357E00	1.9797007691E00	1.6789515946E-01	1.5121712361E-01	1.1968767843E-01	1.2183250548E-01	1.2189665334E-01	1.6026414917E00	1.6187576780E00	1.5963121874E00	1.5975451379E00	1.6005231670E00	1.4323216735E00	1.0624107730E00	1.2489746205E01	8.3044855044E-01	1.7965616174E00	1.2489746173E01	1.7935618115E00	1.7773493209E00	1.7919384982E00	1.7760430071E00	1.1598561446E00	
Caplet Vola Analytic Multi-Curve Drift-Freeze	4.4442499153E-01	4.7245758539E-01	6.5075436141E-02	5.7008068212E-02	2.1073910642E-02	1.8946630390E-02	4.2214747197E-02	0.0000000000E00	1.1116486361E-04	2.7354425267E-02	1.9815987127E00	1.9833886476E00	1.9799150000E00	1.9799621166E00	1.9871166893E00	1.9806615671E00	1.9806570612E00	1.9810992779E00	1.5263577230E-01	1.4822428795E-01	1.2184452129E-01	1.2424481387E-01	1.2847951502E-01	1.6174182997E00	1.6330221690E00	1.6112862471E00	1.6124852147E00	1.6153641226E00	1.4520575109E00	1.0878892847E00	1.2489746205E01	7.9757240910E-01	1.8049118528E00	1.2489746173E01	1.8020262369E00	1.7863832180E00	1.8004581322E00	1.7851210730E00	1.1867043895E00	
Caplet Vola Analytic Multi-Curve Integrated-Expectation	4.4439301927E-01	4.7241734752E-01	6.5007242546E-02	5.7007137448E-02	2.0972651395E-02	1.8839245795E-02	4.2315602327E-02	1.1116486361E-04	0.0000000000E00	2.7399639013E-02	1.9816125907E00	1.9834023687E00	1.9799290221E00	1.9799761344E00	1.9871301130E00	1.9806755303E00	1.9806710248E00	1.9811132101E00	1.5264059738E-01	1.4826321856E-01	1.2189659557E-01	1.2429671462E-01	1.2853978377E-01	1.6174596219E00	1.6330624859E00	1.6113279808E00	1.6125268844E00	1.6154055794E00	1.4521112039E00	1.0879564437E00	1.2489746205E01	7.9750130372E-01	1.8049403129E00	1.2489746173E01	1.8020549635E00	1.7864132995E00	1.8004869540E00	1.7851512306E00	1.1867720692E00	
Caplet Vola Monte-Carlo Multi-Curve	4.4159848174E-01	4.7060182388E-01	7.0478847449E-02	5.9615730461E-02	3.8188909690E-02	3.7724008266E-02	4.2322995628E-02	2.7354425267E-02	2.7399639013E-02	0.0000000000E00	1.9788451755E00	1.9806462597E00	1.9771514207E00	1.9771993313E00	1.9843774892E00	1.9779011998E00	1.9778966820E00	1.9783266585E00	1.4724690789E-01	1.4112343896E-01	1.1296264295E-01	1.1524201101E-01	1.1901249622E-01	1.6136316197E00	1.6293027853E00	1.6074783041E00	1.6086684867E00	1.6115632093E00	1.4475589812E00	1.0805717686E00	1.2489746205E01	8.0103756702E-01	1.8013916465E00	1.2489746173E01	1.7984484205E00	1.7826758660E00	1.7969179557E00	1.7814519508E00	1.1818528745E00	
Caplet Value Analytic Single-Curve	2.0072734622E00	2.0091041623E00	1.9743591978E00	1.9725570475E00	1.9818081808E00	1.9825867454E00	1.9802209312E00	1.9815987127E00	1.9816125907E00	1.9788451755E00	0.0000000000E00	5.1230247204E-02	3.7965936773E-02	3.6244904302E-02	1.4409399649E-01	2.1916479368E-02	2.1995771392E-02	2.9375015867E-02	1.9606984582E00	1.9586182973E00	1.9621033190E00	1.9623333159E00	1.9596957633E00	1.9839475048E00	1.9721061386E00	1.9856534942E00	1.9806310617E00	1.9826113227E00	2.1350563739E00	2.2832589517E00	1.2489746205E01	1.9971335908E00	1.3872115447E00	1.2489746173E01	1.3941888700E00	1.4095311168E00	1.4000903758E00	1.4137514815E00	2.0934767583E00	
Caplet Value Monte-Carlo Single-Curve	2.0085917291E00	2.0103578335E00	1.9760457817E00	1.9742912295E00	1.9835642070E00	1.9843466744E00	1.9820855358E00	1.9833886476E00	1.9834023687E00	1.9806462597E00	5.1230247204E-02	0.0000000000E00	8.0810723509E-02	7.9662274973E-02	1.1274175589E-01	6.5968355342E-02	6.6052011775E-02	6.5205784125E-02	1.9623642378E00	1.9603628821E00	1.9638949709E00	1.9641261238E00	1.9615110154E00	1.9974427531E00	1.9860806518E00	1.9989477993E00	1.9939570626E00	1.9960285622E00	2.1458819302E00	2.2879780805E00	1.2489746205E01	1.9979082212E00	1.4093158177E00	1.2489746173E01	1.4163664979E00	1.4303233726E00	1.4221560217E00	1.4344681749E00	2.1005297401E00	
Caplet Value Analytic Multi-Curve Fenton-Wilkinson	2.0058858335E00	2.0077846271E00	1.9727549121E00	1.9708802155E00	1.9801526312E00	1.9809291260E00	1.9784687150E00	1.9799150000E00	1.9799290221E00	1.9771514207E00	3.7965936773E-02	8.0810723509E-02	0.0000000000E00	3.3630733748E-03	1.7161170603E-01	1.7666250967E-02	1.7562757253E-02	3.5782062621E-02	1.9590840647E00	1.9569271900E00	1.9603882947E00	1.9606165749E00	1.9579572145E00	1.9713110291E00	1.9590569116E00	1.9731776314E00	1.9681219392E00	1.9700196022E00	2.1264768923E00	2.2783105777E00	1.2489746205E01	1.9963352884E00	1.3670786415E00	1.2489746173E01	1.3742660208E00	1.3903698247E00	1.3802507704E00	1.3946551835E00	2.0876409118E00	
Caplet Value Analytic Multi-Curve Ju	2.0059371728E00	2.0078334354E00	1.9728016274E00	1.9709289542E00	1.9801994090E00	1.9809756793E00	1.9785180096E00	1.9799621166E00	1.9799761344E00	1.9771993313E00	3.6244904302E-02	7.9662274973E-02	3.3630733748E-03	0.0000000000E00	1.7155417328E-01	1.6336545127E-02	1.6229116852E-02	3.5437331155E-02	1.9591320178E00	1.9569767903E00	1.9604377946E00	1.9606662187E00	1.9580079991E00	1.9716582098E00	1.9594080651E00	1.9735227211E00	1.9684690290E00	1.9703699925E00	2.1265832310E00	2.2784996334E00	1.2489746205E01	1.9963631357E00	1.3676107150E00	1.2489746173E01	1.3747944471E00	1.3909168901E00	1.3807721168E00	1.3951966169E00	2.0877373858E00	
Caplet Value Analytic Multi-Curve Ho	2.0111261023E00	2.0127681378E00	1.9795289153E00	1.9779533970E00	1.9872179218E00	1.9880124421E00	1.9859645124E00	1.9871166893E00	1.9871301130E00	1.9843774892E00	1.4409399649E-01	1.1274175589E-01	1.7161170603E-01	1.7155417328E-01	0.0000000000E00	1.5665846253E-01	1.5675926642E-01	1.4652829732E-01	1.9657507513E00	1.9639270985E00	1.9675604777E00	1.9677931685E00	1.9652045283E00	2.0264973192E00	2.0162925613E00	2.0275479930E00	2.0226089870E00	2.0248258936E00	2.1693739882E00	2.2971557808E00	1.2489746205E01	1.9994284266E00	1.4589280244E00	1.2489746173E01	1.4652262608E00	1.4753907352E00	1.4709153138E00	1.4794801281E00	2.1158236623E00	
Caplet Value Analytic Multi-Curve Drift-Freeze	2.0064672825E00	2.0083375862E00	1.9734629589E00	1.9716200680E00	1.9808868369E00	1.9816644594E00	1.9792459240E00	1.9806615671E00	1.9806755303E00	1.9779011998E00	2.1916479368E-02	6.5968355342E-02	1.7666250967E-02	1.6336545127E-02	1.5665846253E-01	0.0000000000E00	1.0827399501E-04	2.5013002973E-02	1.9597831527E00	1.9576593764E00	1.9611353351E00	1.9613642901E00	1.9587138901E00	1.9770488893E00	1.9649842725E00	1.9788393899E00	1.9737985817E00	1.9757325800E00	2.1304159906E00	2.2804236105E00	1.2489746205E01	1.9966734756E00	1.3763590009E00	1.2489746173E01	1.3834437449E00	1.3990858809E00	1.3893971504E00	1.4033482608E00	2.0903237348E00	
Caplet Value Analytic Multi-Curve Integrated-Expectation	2.0064639431E00	2.0083344103E00	1.9734587097E00	1.9716156255E00	1.9808824102E00	1.9816600228E00	1.9792412357E00	1.9806570612E00	1.9806710248E00	1.9778966820E00	2.1995771392E-02	6.6052011775E-02	1.7562757253E-02	1.6229116852E-02	1.5675926642E-01	1.0827399501E-04	0.0000000000E00	2.5065530500E-02	1.9597789850E00	1.9576550048E00	1.9611308623E00	1.9613598143E00	1.9587093665E00	1.9770139543E00	1.9649481016E00	1.9788049453E00	1.9737640577E00	1.9756978476E00	2.1303907376E00	2.2804115083E00	1.2489746205E01	1.9966715100E00	1.3763020440E00	1.2489746173E01	1.3833874613E00	1.3990329679E00	1.3893409989E00	1.4032954392E00	2.0903067694E00	
Caplet Value Monte-Carlo Multi-Curve	2.0067623626E00	2.0086182558E00	1.9738709067E00	1.9720502782E00	1.9813161007E00	1.9820952493E00	1.9797007691E00	1.9810992779E00	1.9811132101E00	1.9783266585E00	2.9375015867E-02	6.5205784125E-02	3.5782062621E-02	3.5437331155E-02	1.4652829732E-01	2.5013002973E-02	2.5065530500E-02	0.0000000000E00	1.9601720050E00	1.9580710735E00	1.9615559758E00	1.9617845628E00	1.9591389492E00	1.9809136452E00	1.9690178596E00	1.9826449919E00	1.9776076471E00	1.9795691739E00	2.1329463084E00	2.2815795376E00	1.2489746205E01	1.9968518137E00	1.3821794160E00	1.2489746173E01	1.3890533662E00	1.4042590357E00	1.3951176255E00	1.4086218656E00	2.0920468132E00	
Swaption Vola Analytic Single-Curve	3.3362087213E-01	3.6614116588E-01	1.2096301030E-01	1.2580754212E-01	1.4850466673E-01	1.5047265653E-01	1.6789515946E-01	1.5263577230E-01	1.5264059738E-01	1.4724690789E-01	1.9606984582E00	1.9623642378E00	1.9590840647E00	1.9591320178E00	1.9657507513E00	1.9597831527E00	1.9597789850E00	1.9601720050E00	0.0000000000E00	5.2572662664E-02	7.5785383304E-02	7.5945772366E-02	8.4875357142E-02	1.6230728422E00	1.6377225260E00	1.6172016346E00	1.6182229573E00	1.6209421390E00	1.4686514513E00	1.0927946335E00	1.2489746205E01	7.3811146896E-01	1.7951067815E00	1.2489746173E01	1.7923843661E00	1.7767833831E00	1.7909743196E00	1.7756564866E00	1.2219657440E00	
Swaption Vola Monte-Carlo Single-Curve	3.6780603898E-01	4.0351333621E-01	1.3672937990E-01	1.2304055649E-01	1.5080996861E-01	1.5210766684E-01	1.5121712361E-01	1.4822428795E-01	1.4826321856E-01	1.4112343896E-01	1.9586182973E00	1.9603628821E00	1.9569271900E00	1.9569767903E00	1.9639270985E00	1.9576593764E00	1.9576550048E00	1.9580710735E00	5.2572662664E-02	0.0000000000E00	4.5550352171E-02	4.5372579517E-02	4.9278125809E-02	1.6058329400E00	1.6210008412E00	1.5997385722E00	1.6008017285E00	1.6036413775E00	1.4456123901E00	1.0643190319E00	1.2489746205E01	7.8011358248E-01	1.7852316167E00	1.2489746173E01	1.7824048839E00	1.7661338744E00	1.7809213886E00	1.7649476029E00	1.1909457658E00	
Swaption Vola Analytic Multi-Curve Drift-Freeze	4.0038344516E-01	4.3484160259E-01	1.2271188148E-01	1.0550502843E-01	1.2765633370E-01	1.2836996588E-01	1.1968767843E-01	1.2184452129E-01	1.2189659557E-01	1.1296264295E-01	1.9621033190E00	1.9638949709E00	1.9603882947E00	1.9604377946E00	1.9675604777E00	1.9611353351E00	1.9611308623E00	1.9615559758E00	7.5785383304E-02	4.5550352171E-02	0.0000000000E00	5.1198108072E-03	2.1108543891E-02	1.6019343648E00	1.6174224337E00	1.5957646518E00	1.5968557325E00	1.5997561069E00	1.4351927356E00	1.0581311578E00	1.2489746205E01	7.9933089450E-01	1.7850294856E00	1.2489746173E01	1.7821112178E00	1.7657819212E00	1.7805967228E00	1.7645695505E00	1.1749783629E00	
Swaption Vola Analytic Multi-Curve Integrated-Expectation	4.0072296370E-01	4.3524357874E-01	1.2507750774E-01	1.0784569333E-01	1.3001730505E-01	1.3075063526E-01	1.2183250548E-01	1.2424481387E-01	1.2429671462E-01	1.1524201101E-01	1.9623333159E00	1.9641261238E00	1.9606165749E00	1.9606662187E00	1.9677931685E00	1.9613642901E00	1.9613598143E00	1.9617845628E00	7.5945772366E-02	4.5372579517E-02	5.1198108072E-03	0.0000000000E00	2.1930058067E-02	1.6024660762E00	1.6179454363E00	1.5962974208E00	1.5973802942E00	1.6002864300E00	1.4350794271E00	1.0591469574E00	1.2489746205E01	8.0000264214E-01	1.7851317850E00	1.2489746173E01	1.7822105035E00	1.7658631603E00	1.7806968857E00	1.7646517583E00	1.1749534663E00	
Swaption Vola Monte-Carlo Multi-Curve	4.0225931575E-01	4.3806455072E-01	1.3171799466E-01	1.1197579867E-01	1.3541884926E-01	1.3622799731E-01	1.2189665334E-01	1.2847951502E-01	1.2853978377E-01	1.1901249622E-01	1.9596957633E00	1.9615110154E00	1.9579572145E00	1.9580079991E00	1.9652045283E00	1.9587138901E00	1.9587093665E00	1.9591389492E00	8.4875357142E-02	4.9278125809E-02	2.1108543891E-02	2.1930058067E-02	0.0000000000E00	1.5954412955E00	1.6110999785E00	1.5892021805E00	1.5903043919E00	1.5932082400E00	1.4292218156E00	1.0466199875E00	1.2489746205E01	8.0792506484E-01	1.7807292841E00	1.2489746173E01	1.7777740908E00	1.7612123110E00	1.7762443853E00	1.7599878009E00	1.1675622323E00	
Swaption Value Analytic Single-Curve	1.7246400654E00	1.7391135735E00	1.6282373628E00	1.6127128806E00	1.6235957343E00	1.6236898077E00	1.6026414917E00	1.6174182997E00	1.6174596219E00	1.6136316197E00	1.9839475048E00	1.9974427531E00	1.9713110291E00	1.9716582098E00	2.0264973192E00	1.9770488893E00	1.9770139543E00	1.9809136452E00	1.6230728422E00	1.6058329400E00	1.6019343648E00	1.6024660762E00	1.5954412955E00	0.0000000000E00	5.3566074496E-02	1.9129199579E-02	1.6760727323E-02	1.3256471811E-02	1.0027604332E00	1.3140155147E00	1.2489746205E01	1.8254527134E00	1.0050043830E00	1.2489746173E01	9.9581916655E-01	9.4129330947E-01	9.8833698907E-01	9.3540459432E-01	1.0776538949E00	
Swaption Value Monte-Carlo Single-Curve	1.7374037158E00	1.7513548158E00	1.6432172620E00	1.6282078463E00	1.6389943782E00	1.6391051697E00	1.6187576780E00	1.6330221690E00	1.6330624859E00	1.6293027853E00	1.9721061386E00	1.9860806518E00	1.9590569116E00	1.9594080651E00	2.0162925613E00	1.9649842725E00	1.9649481016E00	1.9690178596E00	1.6377225260E00	1.6210008412E00	1.6174224337E00	1.6179454363E00	1.6110999785E00	5.3566074496E-02	0.0000000000E00	7.1799938140E-02	6.7554365462E-02	6.2092496759E-02	1.0210104020E00	1.3504994011E00	1.2489746205E01	1.8334124893E00	9.7269730452E-01	1.2489746173E01	9.6367673456E-01	9.0988050467E-01	9.5605846434E-01	9.0389099966E-01	1.1066757403E00	
Swaption Value Analytic Multi-Curve Drift-Freeze	1.7194364825E00	1.7341241819E00	1.6223343675E00	1.6065901896E00	1.6175445571E00	1.6176328163E00	1.5963121874E00	1.6112862471E00	1.6113279808E00	1.6074783041E00	1.9856534942E00	1.9989477993E00	1.9731776314E00	1.9735227211E00	2.0275479930E00	1.9788393899E00	1.9788049453E00	1.9826449919E00	1.6172016346E00	1.5997385722E00	1.5957646518E00	1.5962974208E00	1.5892021805E00	1.9129199579E-02	7.1799938140E-02	0.0000000000E00	8.9998316953E-03	1.4941741771E-02	9.9660541654E-01	1.3001717975E00	1.2489746205E01	1.8222293088E00	1.0153153949E00	1.2489746173E01	1.0061402527E00	9.5129309696E-01	9.9869412275E-01	9.4543121079E-01	1.0671129423E00	
Swaption Value Analytic Multi-Curve Integrated-Expectation	1.7202815058E00	1.7349381912E00	1.6234665678E00	1.6077606731E00	1.6187246632E00	1.6188169342E00	1.5975451379E00	1.6124852147E00	1.6125268844E00	1.6086684867E00	1.9806310617E00	1.9939570626E00	1.9681219392E00	1.9684690290E00	2.0226089870E00	1.9737985817E00	1.9737640577E00	1.9776076471E00	1.6182229573E00	1.6008017285E00	1.5968557325E00	1.5973802942E00	1.5903043919E00	1.6760727323E-02	6.7554365462E-02	8.9998316953E-03	0.0000000000E00	1.2725036862E-02	9.9695755539E-01	1.3030682465E00	1.2489746205E01	1.8227943272E00	1.0088667546E00	1.2489746173E01	9.9968256240E-01	9.4475942527E-01	9.9224471043E-01	9.3890596354E-01	1.0692363286E00	
Swaption Value Monte-Carlo Multi-Curve	1.7224234231E00	1.7369920760E00	1.6261945207E00	1.6106067626E00	1.6215545274E00	1.6216534428E00	1.6005231670E00	1.6153641226E00	1.6154055794E00	1.6115632093E00	1.9826113227E00	1.9960285622E00	1.9700196022E00	1.9703699925E00	2.0248258936E00	1.9757325800E00	1.9756978476E00	1.9795691739E00	1.6209421390E00	1.6036413775E00	1.5997561069E00	1.6002864300E00	1.5932082400E00	1.3256471811E-02	6.2092496759E-02	1.4941741771E-02	1.2725036862E-02	0.0000000000E00	1.0039451900E00	1.3078868198E00	1.2489746205E01	1.8241543569E00	1.0079587332E00	1.2489746173E01	9.9878504215E-01	9.4381853077E-01	9.9133451565E-01	9.3795315390E-01	1.0763312958E00	
Swaption Exercise Date	1.6282808966E00	1.6461022032E00	1.4751881691E00	1.4564541438E00	1.4618344313E00	1.4611205102E00	1.4323216735E00	1.4520575109E00	1.4521112039E00	1.4475589812E00	2.1350563739E00	2.1458819302E00	2.1264768923E00	2.1265832310E00	2.1693739882E00	2.1304159906E00	2.1303907376E00	2.1329463084E00	1.4686514513E00	1.4456123901E00	1.4351927356E00	1.4350794271E00	1.4292218156E00	1.0027604332E00	1.0210104020E00	9.9660541654E-01	9.9695755539E-01	1.0039451900E00	0.0000000000E00	1.4001936390E00	1.2489746205E01	1.7576000530E00	1.3167318859E00	1.2489746173E01	1.3033939677E00	1.2627474107E00	1.2975360999E00	1.2580399607E00	4.9749066255E-01	
Swaption Number Of Periods	1.1961313880E00	1.2277420919E00	1.1021146796E00	1.0740636819E00	1.0973392284E00	1.0978022157E00	1.0624107730E00	1.0878892847E00	1.0879564437E00	1.0805717686E00	2.2832589517E00	2.2879780805E00	2.2783105777E00	2.2784996334E00	2.2971557808E00	2.2804236105E00	2.2804115083E00	2.2815795376E00	1.0927946335E00	1.0643190319E00	1.0581311578E00	1.0591469574E00	1.0466199875E00	1.3140155147E00	1.3504994011E00	1.3001717975E00	1.3030682465E00	1.3078868198E00	1.4001936390E00	0.0000000000E00	1.2489746205E01	1.4781967014E00	1.8447307653E00	1.2489746173E01	1.8388484605E00	1.7974753402E00	1.8354791480E00	1.7948301216E00	1.0671823216E00	
Numeraire Single-Curve	1.2489746205E01	1.2489746205E01	1.2489746205E01	1.2489746205E01	1.2489746205E01	1.2489746205E01	1.2489746205E01	1.2489746205E01	1.2489746205E01	1.2489746205E01	1.2489746205E01	1.2489746205E01	1.2489746205E01	1.2489746205E01	1.2489746205E01	1.2489746205E01	1.2489746205E01	1.2489746205E01	1.2489746205E01	1.2489746205E01	1.2489746205E01	1.2489746205E01	1.2489746205E01	1.2489746205E01	1.2489746205E01	1.2489746205E01	1.2489746205E01	1.2489746205E01	1.2489746205E01	1.2489746205E01	0.0000000000E00	1.2489746205E01	1.2489746205E01	1.2489746205E01	1.2489746205E01	1.2489746205E01	1.2489746205E01	1.2489746205E01	1.2489746205E01	
Discount Single-Curve	5.4291954743E-01	4.9488021498E-01	7.4553600274E-01	7.8087912121E-01	7.8120871846E-01	7.8343319540E-01	8.3044855044E-01	7.9757240910E-01	7.9750130372E-01	8.0103756702E-01	1.9971335908E00	1.9979082212E00	1.9963352884E00	1.9963631357E00	1.9994284266E00	1.9966734756E00	1.9966715100E00	1.9968518137E00	7.3811146896E-01	7.8011358248E-01	7.9933089450E-01	8.0000264214E-01	8.0792506484E-01	1.8254527134E00	1.8334124893E00	1.8222293088E00	1.8227943272E00	1.8241543569E00	1.7576000530E00	1.4781967014E00	1.2489746205E01	0.0000000000E00	1.9170991545E00	1.2489746173E01	1.9157985972E00	1.9074415593E00	1.9151175858E00	1.9068984669E00	1.6187116944E00	
OIS Spot Rate Single-Curve	1.8727085459E00	1.8808908776E00	1.8071526251E00	1.7982227794E00	1.8082686600E00	1.8086945659E00	1.7965616174E00	1.8049118528E00	1.8049403129E00	1.8013916465E00	1.3872115447E00	1.4093158177E00	1.3670786415E00	1.3676107150E00	1.4589280244E00	1.3763590009E00	1.3763020440E00	1.3821794160E00	1.7951067815E00	1.7852316167E00	1.7850294856E00	1.7851317850E00	1.7807292841E00	1.0050043830E00	9.7269730452E-01	1.0153153949E00	1.0088667546E00	1.0079587332E00	1.3167318859E00	1.8447307653E00	1.2489746205E01	1.9170991545E00	0.0000000000E00	1.2489746173E01	2.8500429034E-02	9.9108428771E-02	2.9687419644E-02	1.0136417033E-01	1.4993479656E00	
Numeraire Multi-Curve	1.2489746173E01	1.2489746173E01	1.2489746173E01	1.2489746173E01	1.2489746173E01	1.2489746173E01	1.2489746173E01	1.2489746173E01	1.2489746173E01	1.2489746173E01	1.2489746173E01	1.2489746173E01	1.2489746173E01	1.2489746173E01	1.2489746173E01	1.2489746173E01	1.2489746173E01	1.2489746173E01	1.2489746173E01	1.2489746173E01	1.2489746173E01	1.2489746173E01	1.2489746173E01	1.2489746173E01	1.2489746173E01	1.2489746173E01	1.2489746173E01	1.2489746173E01	1.2489746173E01	1.2489746173E01	1.2489746205E01	1.2489746173E01	1.2489746173E01	0.0000000000E00	1.2489746173E01	1.2489746173E01	1.2489746173E01	1.2489746173E01	1.2489746173E01	
OIS Spot Rate Multi-Curve	1.8705624639E00	1.8788420132E00	1.8044230012E00	1.7954688757E00	1.8054374442E00	1.8058579559E00	1.7935618115E00	1.8020262369E00	1.8020549635E00	1.7984484205E00	1.3941888700E00	1.4163664979E00	1.3742660208E00	1.3747944471E00	1.4652262608E00	1.3834437449E00	1.3833874613E00	1.3890533662E00	1.7923843661E00	1.7824048839E00	1.7821112178E00	1.7822105035E00	1.7777740908E00	9.9581916655E-01	9.6367673456E-01	1.0061402527E00	9.9968256240E-01	9.9878504215E-01	1.3033939677E00	1.8388484605E00	1.2489746205E01	1.9157985972E00	2.8500429034E-02	1.2489746173E01	0.0000000000E00	8.7067933273E-02	1.7000254831E-02	9.0812640352E-02	1.4897059565E00	
LIBOR Spot Rate Multi-Curve	1.8562386966E00	1.8651763221E00	1.7893186882E00	1.7797337624E00	1.7900264475E00	1.7904402713E00	1.7773493209E00	1.7863832180E00	1.7864132995E00	1.7826758660E00	1.4095311168E00	1.4303233726E00	1.3903698247E00	1.3909168901E00	1.4753907352E00	1.3990858809E00	1.3990329679E00	1.4042590357E00	1.7767833831E00	1.7661338744E00	1.7657819212E00	1.7658631603E00	1.7612123110E00	9.4129330947E-01	9.0988050467E-01	9.5129309696E-01	9.4475942527E-01	9.4381853077E-01	1.2627474107E00	1.7974753402E00	1.2489746205E01	1.9074415593E00	9.9108428771E-02	1.2489746173E01	8.7067933273E-02	0.0000000000E00	8.4631299917E-02	1.4931214634E-02	1.4529633756E00	
OIS Forward Rate Multi-Curve	1.8694700922E00	1.8777985665E00	1.8029508645E00	1.7939305108E00	1.8038960161E00	1.8043114490E00	1.7919384982E00	1.8004581322E00	1.8004869540E00	1.7969179557E00	1.4000903758E00	1.4221560217E00	1.3802507704E00	1.3807721168E00	1.4709153138E00	1.3893971504E00	1.3893409989E00	1.3951176255E00	1.7909743196E00	1.7809213886E00	1.7805967228E00	1.7806968857E00	1.7762443853E00	9.8833698907E-01	9.5605846434E-01	9.9869412275E-01	9.9224471043E-01	9.9133451565E-01	1.2975360999E00	1.8354791480E00	1.2489746205E01	1.9151175858E00	2.9687419644E-02	1.2489746173E01	1.7000254831E-02	8.4631299917E-02	0.0000000000E00	8.5603983780E-02	1.4848508880E00	
LIBOR Forward Rate Multi-Curve	1.8553741261E00	1.8643501247E00	1.7881357495E00	1.7784987186E00	1.7887859647E00	1.7891955812E00	1.7760430071E00	1.7851210730E00	1.7851512306E00	1.7814519508E00	1.4137514815E00	1.4344681749E00	1.3946551835E00	1.3951966169E00	1.4794801281E00	1.4033482608E00	1.4032954392E00	1.4086218656E00	1.7756564866E00	1.7649476029E00	1.7645695505E00	1.7646517583E00	1.7599878009E00	9.3540459432E-01	9.0389099966E-01	9.4543121079E-01	9.3890596354E-01	9.3795315390E-01	1.2580399607E00	1.7948301216E00	1.2489746205E01	1.9068984669E00	1.0136417033E-01	1.2489746173E01	9.0812640352E-02	1.4931214634E-02	8.5603983780E-02	0.0000000000E00	1.4490517768E00	
Time	1.4233753149E00	1.4480014585E00	1.2211016549E00	1.1953560206E00	1.1998912424E00	1.1986663320E00	1.1598561446E00	1.1867043895E00	1.1867720692E00	1.1818528745E00	2.0934767583E00	2.1005297401E00	2.0876409118E00	2.0877373858E00	2.1158236623E00	2.0903237348E00	2.0903067694E00	2.0920468132E00	1.2219657440E00	1.1909457658E00	1.1749783629E00	1.1749534663E00	1.1675622323E00	1.0776538949E00	1.1066757403E00	1.0671129423E00	1.0692363286E00	1.0763312958E00	4.9749066255E-01	1.0671823216E00	1.2489746205E01	1.6187116944E00	1.4993479656E00	1.2489746173E01	1.4897059565E00	1.4529633756E00	1.4848508880E00	1.4490517768E00	0.0000000000E00	
