	Target (OIS)	Target (LIBOR)	Caplet Vola Analytic Single-Curve	Caplet Vola Monte-Carlo Single-Curve	Caplet Vola Analytic Multi-Curve Fenton-Wilkinson	Caplet Vola Analytic Multi-Curve Ju	Caplet Vola Analytic Multi-Curve Ho	Caplet Vola Analytic Multi-Curve Drift-Freeze	Caplet Vola Analytic Multi-Curve Integrated-Expectation	Caplet Vola Monte-Carlo Multi-Curve	Caplet Value Analytic Single-Curve	Caplet Value Monte-Carlo Single-Curve	Caplet Value Analytic Multi-Curve Fenton-Wilkinson	Caplet Value Analytic Multi-Curve Ju	Caplet Value Analytic Multi-Curve Ho	Caplet Value Analytic Multi-Curve Drift-Freeze	Caplet Value Analytic Multi-Curve Integrated-Expectation	Caplet Value Monte-Carlo Multi-Curve	Swaption Vola Analytic Single-Curve	Swaption Vola Monte-Carlo Single-Curve	Swaption Vola Analytic Multi-Curve Drift-Freeze	Swaption Vola Analytic Multi-Curve Integrated-Expectation	Swaption Vola Monte-Carlo Multi-Curve	Swaption Value Analytic Single-Curve	Swaption Value Monte-Carlo Single-Curve	Swaption Value Analytic Multi-Curve Drift-Freeze	Swaption Value Analytic Multi-Curve Integrated-Expectation	Swaption Value Monte-Carlo Multi-Curve	Swaption Exercise Date	Swaption Number Of Periods	Numeraire Single-Curve	Discount Single-Curve	OIS Spot Rate Single-Curve	Numeraire Multi-Curve	OIS Spot Rate Multi-Curve	LIBOR Spot Rate Multi-Curve	OIS Forward Rate Multi-Curve	LIBOR Forward Rate Multi-Curve	Time
Target (OIS)	0.0000000000E00	4.3501934934E-02	2.5520049374E-01	2.6146671177E-01	2.6875487687E-01	2.7138930359E-01	3.0090912982E-01	2.9086912570E-01	2.9086912570E-01	2.8667044902E-01	7.3518823522E-01	7.3524173665E-01	7.3488755413E-01	7.3489222269E-01	7.3543461131E-01	7.3502790315E-01	7.3502790315E-01	7.3504062852E-01	4.3135579163E-01	4.3918242949E-01	4.4955164439E-01	4.5948204432E-01	4.5423517810E-01	7.1308287316E-01	7.1401729883E-01	7.1223557276E-01	7.1387673309E-01	7.1308213401E-01	6.8881403242E-01	6.0924728847E-01	9.1420529433E36	1.2904271764E-01	7.1867858048E-01	2.1172128874E34	7.1878991903E-01	7.1682826703E-01	7.1860006492E-01	7.1665702781E-01	6.5752318686E-01	
Target (LIBOR)	4.3501934934E-02	0.0000000000E00	2.9857105797E-01	3.0481095721E-01	3.1218575103E-01	3.1485520178E-01	3.4438437299E-01	3.3431598559E-01	3.3431598559E-01	3.3008485339E-01	7.7868993076E-01	7.7874343646E-01	7.7838926161E-01	7.7839392835E-01	7.7893635141E-01	7.7852961144E-01	7.7852961144E-01	7.7854234832E-01	4.7270714369E-01	4.8065746795E-01	4.9146462694E-01	5.0137426798E-01	4.9618358694E-01	7.5657081053E-01	7.5750656736E-01	7.5572336985E-01	7.5736750781E-01	7.5657151623E-01	7.3217878221E-01	6.5234981453E-01	9.1420529433E36	9.3789897896E-02	7.6217393952E-01	2.1172128874E34	7.6228532935E-01	7.6032422636E-01	7.6209537875E-01	7.6015289240E-01	7.0075483205E-01	
Caplet Vola Analytic Single-Curve	2.5520049374E-01	2.9857105797E-01	0.0000000000E00	8.8601916014E-03	1.7529127712E-02	2.1673310271E-02	5.1616845012E-02	4.3250175247E-02	4.3250175247E-02	3.4442504487E-02	4.8147468711E-01	4.8152709937E-01	4.8117254997E-01	4.8117773875E-01	4.8170915642E-01	4.8131186128E-01	4.8131186128E-01	4.8132181633E-01	2.0996433682E-01	2.1495277925E-01	2.2015862345E-01	2.2911520010E-01	2.2337176286E-01	4.6002986415E-01	4.6091869711E-01	4.5918653340E-01	4.6073570962E-01	4.5998181266E-01	4.3791421990E-01	3.6066169045E-01	9.1420529433E36	3.7505757117E-01	4.6545353229E-01	2.1172128874E34	4.6555913177E-01	4.6357891693E-01	4.6537666936E-01	4.6341491286E-01	4.0909068198E-01	
Caplet Vola Monte-Carlo Single-Curve	2.6146671177E-01	3.0481095721E-01	8.8601916014E-03	0.0000000000E00	1.4711085083E-02	1.9530989203E-02	4.7448149283E-02	3.9122902627E-02	3.9122902627E-02	2.9324305860E-02	4.7554972620E-01	4.7560143572E-01	4.7524773651E-01	4.7525297220E-01	4.7578308690E-01	4.7538663100E-01	4.7538663100E-01	4.7539653240E-01	2.0521599808E-01	2.1002243519E-01	2.1514709555E-01	2.2403581635E-01	2.1826618677E-01	4.5414237330E-01	4.5502989770E-01	4.5329897736E-01	4.5484638678E-01	4.5409300359E-01	4.3220786344E-01	3.5510069377E-01	9.1420529433E36	3.8110862569E-01	4.5956606255E-01	2.1172128874E34	4.5967286038E-01	4.5769116329E-01	4.5949091708E-01	4.5752776076E-01	4.0353186008E-01	
Caplet Vola Analytic Multi-Curve Fenton-Wilkinson	2.6875487687E-01	3.1218575103E-01	1.7529127712E-02	1.4711085083E-02	0.0000000000E00	6.1542535961E-03	3.5746912968E-02	2.6130612996E-02	2.6130612996E-02	1.9204231073E-02	4.6731042158E-01	4.6736319140E-01	4.6700981227E-01	4.6701483416E-01	4.6754803418E-01	4.6714857898E-01	4.6714857898E-01	4.6715980807E-01	1.9605081281E-01	2.0091365781E-01	2.0536078890E-01	2.1456690875E-01	2.0868644224E-01	4.4570424786E-01	4.4660282186E-01	4.4486250479E-01	4.4643208023E-01	4.4567057922E-01	4.2305887796E-01	3.4732624494E-01	9.1420529433E36	3.8707447279E-01	4.5113463998E-01	2.1172128874E34	4.5124101631E-01	4.4926774387E-01	4.5105711165E-01	4.4910220025E-01	3.9396592887E-01	
Caplet Vola Analytic Multi-Curve Ju	2.7138930359E-01	3.1485520178E-01	2.1673310271E-02	1.9530989203E-02	6.1542535961E-03	0.0000000000E00	3.1386468825E-02	2.2303289719E-02	2.2303289719E-02	1.7596720654E-02	4.6426267169E-01	4.6431576993E-01	4.6396222837E-01	4.6396713700E-01	4.6450292807E-01	4.6410141116E-01	4.6410141116E-01	4.6411307066E-01	1.9421660680E-01	1.9911885492E-01	2.0294971479E-01	2.1225035508E-01	2.0641604199E-01	4.4254800666E-01	4.4345297344E-01	4.4170577168E-01	4.4328703506E-01	4.4252068439E-01	4.1972963971E-01	3.4400174374E-01	9.1420529433E36	3.8930918838E-01	4.4799360987E-01	2.1172128874E34	4.4810084912E-01	4.4613043376E-01	4.4791558398E-01	4.4596357235E-01	3.9042076211E-01	
Caplet Vola Analytic Multi-Curve Ho	3.0090912982E-01	3.4438437299E-01	5.1616845012E-02	4.7448149283E-02	3.5746912968E-02	3.1386468825E-02	0.0000000000E00	1.3200189348E-02	1.3200189348E-02	2.0790815253E-02	4.3463669393E-01	4.3469033805E-01	4.3433844583E-01	4.3434320604E-01	4.3488126556E-01	4.3447718078E-01	4.3447718078E-01	4.3448995505E-01	1.7390443236E-01	1.7815911036E-01	1.7904778796E-01	1.8839322423E-01	1.8264270992E-01	4.1267958349E-01	4.1359661737E-01	4.1183999076E-01	4.1344531146E-01	4.1267115612E-01	3.8917900298E-01	3.1516185075E-01	9.1420529433E36	4.1701346453E-01	4.1814349945E-01	2.1172128874E34	4.1825084838E-01	4.1629362168E-01	4.1806429069E-01	4.1612545102E-01	3.5950902276E-01	
Caplet Vola Analytic Multi-Curve Drift-Freeze	2.9086912570E-01	3.3431598559E-01	4.3250175247E-02	3.9122902627E-02	2.6130612996E-02	2.2303289719E-02	1.3200189348E-02	0.0000000000E00	0.0000000000E00	1.4543120720E-02	4.4502894831E-01	4.4508235290E-01	4.4473113428E-01	4.4473589453E-01	4.4527235899E-01	4.4486916266E-01	4.4486916266E-01	4.4488232219E-01	1.7724885240E-01	1.8183657236E-01	1.8426868249E-01	1.9384918805E-01	1.8788237904E-01	4.2311076404E-01	4.2402703490E-01	4.2227177875E-01	4.2387797783E-01	4.2310294714E-01	3.9953787322E-01	3.2604655666E-01	9.1420529433E36	4.0685358540E-01	4.2857108903E-01	2.1172128874E34	4.2867868184E-01	4.2672058261E-01	4.2849232571E-01	4.2655251950E-01	3.6988967727E-01	
Caplet Vola Analytic Multi-Curve Integrated-Expectation	2.9086912570E-01	3.3431598559E-01	4.3250175247E-02	3.9122902627E-02	2.6130612996E-02	2.2303289719E-02	1.3200189348E-02	0.0000000000E00	0.0000000000E00	1.4543120720E-02	4.4502894831E-01	4.4508235290E-01	4.4473113428E-01	4.4473589453E-01	4.4527235899E-01	4.4486916266E-01	4.4486916266E-01	4.4488232219E-01	1.7724885240E-01	1.8183657236E-01	1.8426868249E-01	1.9384918805E-01	1.8788237904E-01	4.2311076404E-01	4.2402703490E-01	4.2227177875E-01	4.2387797783E-01	4.2310294714E-01	3.9953787322E-01	3.2604655666E-01	9.1420529433E36	4.0685358540E-01	4.2857108903E-01	2.1172128874E34	4.2867868184E-01	4.2672058261E-01	4.2849232571E-01	4.2655251950E-01	3.6988967727E-01	
Caplet Vola Monte-Carlo Multi-Curve	2.8667044902E-01	3.3008485339E-01	3.4442504487E-02	2.9324305860E-02	1.9204231073E-02	1.7596720654E-02	2.0790815253E-02	1.4543120720E-02	1.4543120720E-02	0.0000000000E00	4.4967880360E-01	4.4973144351E-01	4.4937948651E-01	4.4938456179E-01	4.4991550441E-01	4.4951744088E-01	4.4951744088E-01	4.4952823822E-01	1.8374605774E-01	1.8810901667E-01	1.9123638889E-01	2.0031442150E-01	1.9446760100E-01	4.2806859672E-01	4.2896581323E-01	4.2723008593E-01	4.2879617708E-01	4.2803874157E-01	4.0508710399E-01	3.3046378537E-01	9.1420529433E36	4.0419212708E-01	4.3347890651E-01	2.1172128874E34	4.3358283279E-01	4.3161468658E-01	4.3340123006E-01	4.3145146560E-01	3.7604809806E-01	
Caplet Value Analytic Single-Curve	7.3518823522E-01	7.7868993076E-01	4.8147468711E-01	4.7554972620E-01	4.6731042158E-01	4.6426267169E-01	4.3463669393E-01	4.4502894831E-01	4.4502894831E-01	4.4967880360E-01	0.0000000000E00	7.7846996571E-05	3.2320804556E-04	3.1838290449E-04	3.5587923814E-04	1.7795512318E-04	1.7795512318E-04	2.0905217872E-04	3.5594535826E-01	3.4725698742E-01	3.2850775765E-01	3.2134303107E-01	3.2397918173E-01	2.7902453890E-02	2.6607164901E-02	2.8637018375E-02	2.6059181119E-02	2.7313042064E-02	7.3098178016E-02	1.5686729331E-01	9.1420529433E36	8.4948153767E-01	1.9615634318E-02	2.1172128874E34	1.9499601093E-02	2.0892096302E-02	1.9706726827E-02	2.1085981285E-02	1.1012042394E-01	
Caplet Value Monte-Carlo Single-Curve	7.3524173665E-01	7.7874343646E-01	4.8152709937E-01	4.7560143572E-01	4.6736319140E-01	4.6431576993E-01	4.3469033805E-01	4.4508235290E-01	4.4508235290E-01	4.4973144351E-01	7.7846996571E-05	0.0000000000E00	3.7317383167E-04	3.6896215505E-04	3.0847136814E-04	2.2554380068E-04	2.2554380068E-04	2.4254627575E-04	3.5599547523E-01	3.4730669082E-01	3.2855908732E-01	3.2139345815E-01	3.2402994096E-01	2.7955475484E-02	2.6660480250E-02	2.8690136754E-02	2.6113298569E-02	2.7366524546E-02	7.3153306183E-02	1.5691184516E-01	9.1420529433E36	8.4953625307E-01	1.9673653871E-02	2.1172128874E34	1.9557971165E-02	2.0950773844E-02	1.9765088670E-02	2.1144667695E-02	1.1017765294E-01	
Caplet Value Analytic Multi-Curve Fenton-Wilkinson	7.3488755413E-01	7.7838926161E-01	4.8117254997E-01	4.7524773651E-01	4.6700981227E-01	4.6396222837E-01	4.3433844583E-01	4.4473113428E-01	4.4473113428E-01	4.4937948651E-01	3.2320804556E-04	3.7317383167E-04	0.0000000000E00	1.3110965844E-05	5.9927378932E-04	1.5723756402E-04	1.5723756402E-04	1.8397598059E-04	3.5568493580E-01	3.4699700787E-01	3.2824870526E-01	3.2108528360E-01	3.2371913911E-01	2.7697345737E-02	2.6401095744E-02	2.8427525057E-02	2.5844242710E-02	2.7100227199E-02	7.2973611498E-02	1.5660653954E-01	9.1420529433E36	8.4918943237E-01	1.9407984539E-02	2.1172128874E34	1.9292713317E-02	2.0667226629E-02	1.9499111655E-02	2.0860763924E-02	1.0996403476E-01	
Caplet Value Analytic Multi-Curve Ju	7.3489222269E-01	7.7839392835E-01	4.8117773875E-01	4.7525297220E-01	4.6701483416E-01	4.6396713700E-01	4.3434320604E-01	4.4473589453E-01	4.4473589453E-01	4.4938456179E-01	3.1838290449E-04	3.6896215505E-04	1.3110965844E-05	0.0000000000E00	5.9937933541E-04	1.5555059516E-04	1.5555059516E-04	1.8560430251E-04	3.5568855136E-01	3.4700075122E-01	3.2825211564E-01	3.2108882914E-01	3.2372273019E-01	2.7697361962E-02	2.6401197554E-02	2.8427668066E-02	2.5844576355E-02	2.7100485920E-02	7.2973335866E-02	1.5661026730E-01	9.1420529433E36	8.4919357581E-01	1.9407493290E-02	2.1172128874E34	1.9292259018E-02	2.0667379554E-02	1.9498632834E-02	2.0860885077E-02	1.0996381585E-01	
Caplet Value Analytic Multi-Curve Ho	7.3543461131E-01	7.7893635141E-01	4.8170915642E-01	4.7578308690E-01	4.6754803418E-01	4.6450292807E-01	4.3488126556E-01	4.4527235899E-01	4.4527235899E-01	4.4991550441E-01	3.5587923814E-04	3.0847136814E-04	5.9927378932E-04	5.9937933541E-04	0.0000000000E00	4.5542907505E-04	4.5542907505E-04	4.2583954967E-04	3.5617309557E-01	3.4748051033E-01	3.2874436195E-01	3.2157269929E-01	3.2420944161E-01	2.8206192902E-02	2.6910359950E-02	2.8940430213E-02	2.6363242558E-02	2.7616110657E-02	7.3365718515E-02	1.5709830406E-01	9.1420529433E36	8.4974110946E-01	1.9944260850E-02	2.1172128874E34	1.9827247715E-02	2.1216260084E-02	2.0035125552E-02	2.1410822250E-02	1.1041597527E-01	
Caplet Value Analytic Multi-Curve Drift-Freeze	7.3502790315E-01	7.7852961144E-01	4.8131186128E-01	4.7538663100E-01	4.6714857898E-01	4.6410141116E-01	4.3447718078E-01	4.4486916266E-01	4.4486916266E-01	4.4951744088E-01	1.7795512318E-04	2.2554380068E-04	1.5723756402E-04	1.5555059516E-04	4.5542907505E-04	0.0000000000E00	0.0000000000E00	8.8629640262E-05	3.5580199292E-01	3.4711318781E-01	3.2836643162E-01	3.2120178506E-01	3.2383646520E-01	2.7805211038E-02	2.6509234453E-02	2.8537197701E-02	2.5956237482E-02	2.7211278884E-02	7.3041092840E-02	1.5673558722E-01	9.1420529433E36	8.4932690870E-01	1.9519288500E-02	2.1172128874E34	1.9403560867E-02	2.0785054825E-02	1.9610400578E-02	2.0978861020E-02	1.1004869955E-01	
Caplet Value Analytic Multi-Curve Integrated-Expectation	7.3502790315E-01	7.7852961144E-01	4.8131186128E-01	4.7538663100E-01	4.6714857898E-01	4.6410141116E-01	4.3447718078E-01	4.4486916266E-01	4.4486916266E-01	4.4951744088E-01	1.7795512318E-04	2.2554380068E-04	1.5723756402E-04	1.5555059516E-04	4.5542907505E-04	0.0000000000E00	0.0000000000E00	8.8629640262E-05	3.5580199292E-01	3.4711318781E-01	3.2836643162E-01	3.2120178506E-01	3.2383646520E-01	2.7805211038E-02	2.6509234453E-02	2.8537197701E-02	2.5956237482E-02	2.7211278884E-02	7.3041092840E-02	1.5673558722E-01	9.1420529433E36	8.4932690870E-01	1.9519288500E-02	2.1172128874E34	1.9403560867E-02	2.0785054825E-02	1.9610400578E-02	2.0978861020E-02	1.1004869955E-01	
Caplet Value Monte-Carlo Multi-Curve	7.3504062852E-01	7.7854234832E-01	4.8132181633E-01	4.7539653240E-01	4.6715980807E-01	4.6411307066E-01	4.3448995505E-01	4.4488232219E-01	4.4488232219E-01	4.4952823822E-01	2.0905217872E-04	2.4254627575E-04	1.8397598059E-04	1.8560430251E-04	4.2583954967E-04	8.8629640262E-05	8.8629640262E-05	0.0000000000E00	3.5582326988E-01	3.4713400541E-01	3.2838889429E-01	3.2122289980E-01	3.2385777228E-01	2.7845780507E-02	2.6549525018E-02	2.8577134062E-02	2.5994970547E-02	2.7250535608E-02	7.3076494679E-02	1.5674472277E-01	9.1420529433E36	8.4934421168E-01	1.9562562362E-02	2.1172128874E34	1.9446352457E-02	2.0824652918E-02	1.9653586213E-02	2.1018884718E-02	1.1008758472E-01	
Swaption Vola Analytic Single-Curve	4.3135579163E-01	4.7270714369E-01	2.0996433682E-01	2.0521599808E-01	1.9605081281E-01	1.9421660680E-01	1.7390443236E-01	1.7724885240E-01	1.7724885240E-01	1.8374605774E-01	3.5594535826E-01	3.5599547523E-01	3.5568493580E-01	3.5568855136E-01	3.5617309557E-01	3.5580199292E-01	3.5580199292E-01	3.5582326988E-01	0.0000000000E00	1.0798512366E-02	3.1659474350E-02	3.7517227348E-02	3.2925131101E-02	3.3810876002E-01	3.3881091605E-01	3.3743017098E-01	3.3852267401E-01	3.3807580950E-01	3.0813237903E-01	2.9510695020E-01	9.1420529433E36	5.3695474897E-01	3.4031215728E-01	2.1172128874E34	3.4041101101E-01	3.3865858400E-01	3.4023592075E-01	3.3850203213E-01	2.8407342657E-01	
Swaption Vola Monte-Carlo Single-Curve	4.3918242949E-01	4.8065746795E-01	2.1495277925E-01	2.1002243519E-01	2.0091365781E-01	1.9911885492E-01	1.7815911036E-01	1.8183657236E-01	1.8183657236E-01	1.8810901667E-01	3.4725698742E-01	3.4730669082E-01	3.4699700787E-01	3.4700075122E-01	3.4748051033E-01	3.4711318781E-01	3.4711318781E-01	3.4713400541E-01	1.0798512366E-02	0.0000000000E00	2.7624380643E-02	3.0986128925E-02	2.5918520480E-02	3.2968792601E-01	3.3037360948E-01	3.2901349012E-01	3.3007470774E-01	3.2964228106E-01	3.0015655881E-01	2.8829595525E-01	9.1420529433E36	5.4551964015E-01	3.3180401816E-01	2.1172128874E34	3.3190127508E-01	3.3014874420E-01	3.3172830837E-01	3.2999412876E-01	2.7678372187E-01	
Swaption Vola Analytic Multi-Curve Drift-Freeze	4.4955164439E-01	4.9146462694E-01	2.2015862345E-01	2.1514709555E-01	2.0536078890E-01	2.0294971479E-01	1.7904778796E-01	1.8426868249E-01	1.8426868249E-01	1.9123638889E-01	3.2850775765E-01	3.2855908732E-01	3.2824870526E-01	3.2825211564E-01	3.2874436195E-01	3.2836643162E-01	3.2836643162E-01	3.2838889429E-01	3.1659474350E-02	2.7624380643E-02	0.0000000000E00	1.4192312190E-02	1.0580803993E-02	3.1014110791E-01	3.1086676415E-01	3.0946148426E-01	3.1059722134E-01	3.1013568158E-01	2.7884195375E-01	2.6815604806E-01	9.1420529433E36	5.5572115366E-01	3.1241664088E-01	2.1172128874E34	3.1251561481E-01	3.1077425533E-01	3.1233790017E-01	3.1061520049E-01	2.5389591671E-01	
Swaption Vola Analytic Multi-Curve Integrated-Expectation	4.5948204432E-01	5.0137426798E-01	2.2911520010E-01	2.2403581635E-01	2.1456690875E-01	2.1225035508E-01	1.8839322423E-01	1.9384918805E-01	1.9384918805E-01	2.0031442150E-01	3.2134303107E-01	3.2139345815E-01	3.2108528360E-01	3.2108882914E-01	3.2157269929E-01	3.2120178506E-01	3.2120178506E-01	3.2122289980E-01	3.7517227348E-02	3.0986128925E-02	1.4192312190E-02	0.0000000000E00	1.0127403917E-02	3.0380093508E-01	3.0448149702E-01	3.0313726263E-01	3.0417103253E-01	3.0376273439E-01	2.7281212651E-01	2.6582586834E-01	9.1420529433E36	5.6634095723E-01	3.0560270407E-01	2.1172128874E34	3.0569884823E-01	3.0396679619E-01	3.0552534773E-01	3.0381184001E-01	2.4925276944E-01	
Swaption Vola Monte-Carlo Multi-Curve	4.5423517810E-01	4.9618358694E-01	2.2337176286E-01	2.1826618677E-01	2.0868644224E-01	2.0641604199E-01	1.8264270992E-01	1.8788237904E-01	1.8788237904E-01	1.9446760100E-01	3.2397918173E-01	3.2402994096E-01	3.2371913911E-01	3.2372273019E-01	3.2420944161E-01	3.2383646520E-01	3.2383646520E-01	3.2385777228E-01	3.2925131101E-02	2.5918520480E-02	1.0580803993E-02	1.0127403917E-02	0.0000000000E00	3.0605764428E-01	3.0675928948E-01	3.0538174115E-01	3.0647027495E-01	3.0602785076E-01	2.7567417108E-01	2.6558476775E-01	9.1420529433E36	5.6133537288E-01	3.0819804690E-01	2.1172128874E34	3.0829505612E-01	3.0654541322E-01	3.0812017919E-01	3.0638899607E-01	2.5181300840E-01	
Swaption Value Analytic Single-Curve	7.1308287316E-01	7.5657081053E-01	4.6002986415E-01	4.5414237330E-01	4.4570424786E-01	4.4254800666E-01	4.1267958349E-01	4.2311076404E-01	4.2311076404E-01	4.2806859672E-01	2.7902453890E-02	2.7955475484E-02	2.7697345737E-02	2.7697361962E-02	2.8206192902E-02	2.7805211038E-02	2.7805211038E-02	2.7845780507E-02	3.3810876002E-01	3.2968792601E-01	3.1014110791E-01	3.0380093508E-01	3.0605764428E-01	0.0000000000E00	1.3432946549E-03	9.0249879063E-04	2.3702822261E-03	1.0885956842E-03	5.5691595910E-02	1.3436603985E-01	9.1420529433E36	8.2653071994E-01	1.2937835028E-02	2.1172128874E34	1.3025326906E-02	1.2341049299E-02	1.2907998624E-02	1.2250989786E-02	8.7930912300E-02	
Swaption Value Monte-Carlo Single-Curve	7.1401729883E-01	7.5750656736E-01	4.6091869711E-01	4.5502989770E-01	4.4660282186E-01	4.4345297344E-01	4.1359661737E-01	4.2402703490E-01	4.2402703490E-01	4.2896581323E-01	2.6607164901E-02	2.6660480250E-02	2.6401095744E-02	2.6401197554E-02	2.6910359950E-02	2.6509234453E-02	2.6509234453E-02	2.6549525018E-02	3.3881091605E-01	3.3037360948E-01	3.1086676415E-01	3.0448149702E-01	3.0675928948E-01	1.3432946549E-03	0.0000000000E00	2.1059810872E-03	1.3554405764E-03	1.0689744139E-03	5.6248905879E-02	1.3535219980E-01	9.1420529433E36	8.2751286112E-01	1.1926474115E-02	2.1172128874E34	1.2005957659E-02	1.1394034647E-02	1.1900687958E-02	1.1318221291E-02	8.8843652989E-02	
Swaption Value Analytic Multi-Curve Drift-Freeze	7.1223557276E-01	7.5572336985E-01	4.5918653340E-01	4.5329897736E-01	4.4486250479E-01	4.4170577168E-01	4.1183999076E-01	4.2227177875E-01	4.2227177875E-01	4.2723008593E-01	2.8637018375E-02	2.8690136754E-02	2.8427525057E-02	2.8427668066E-02	2.8940430213E-02	2.8537197701E-02	2.8537197701E-02	2.8577134062E-02	3.3743017098E-01	3.2901349012E-01	3.0946148426E-01	3.0313726263E-01	3.0538174115E-01	9.0249879063E-04	2.1059810872E-03	0.0000000000E00	2.8557328478E-03	1.4018736703E-03	5.5511251402E-02	1.3356581525E-01	9.1420529433E36	8.2569397173E-01	1.3507717907E-02	2.1172128874E34	1.3601262021E-02	1.2811149529E-02	1.3475419396E-02	1.2711453106E-02	8.7503431298E-02	
Swaption Value Analytic Multi-Curve Integrated-Expectation	7.1387673309E-01	7.5736750781E-01	4.6073570962E-01	4.5484638678E-01	4.4643208023E-01	4.4328703506E-01	4.1344531146E-01	4.2387797783E-01	4.2387797783E-01	4.2879617708E-01	2.6059181119E-02	2.6113298569E-02	2.5844242710E-02	2.5844576355E-02	2.6363242558E-02	2.5956237482E-02	2.5956237482E-02	2.5994970547E-02	3.3852267401E-01	3.3007470774E-01	3.1059722134E-01	3.0417103253E-01	3.0647027495E-01	2.3702822261E-03	1.3554405764E-03	2.8557328478E-03	0.0000000000E00	1.5413889814E-03	5.6394656318E-02	1.3556095884E-01	9.1420529433E36	8.2743945520E-01	1.1225003644E-02	2.1172128874E34	1.1306161581E-02	1.0586145266E-02	1.1198767285E-02	1.0510994711E-02	8.9155472655E-02	
Swaption Value Monte-Carlo Multi-Curve	7.1308213401E-01	7.5657151623E-01	4.5998181266E-01	4.5409300359E-01	4.4567057922E-01	4.4252068439E-01	4.1267115612E-01	4.2310294714E-01	4.2310294714E-01	4.2803874157E-01	2.7313042064E-02	2.7366524546E-02	2.7100227199E-02	2.7100485920E-02	2.7616110657E-02	2.7211278884E-02	2.7211278884E-02	2.7250535608E-02	3.3807580950E-01	3.2964228106E-01	3.1013568158E-01	3.0376273439E-01	3.0602785076E-01	1.0885956842E-03	1.0689744139E-03	1.4018736703E-03	1.5413889814E-03	0.0000000000E00	5.6150486072E-02	1.3445902062E-01	9.1420529433E36	8.2660620914E-01	1.2445787414E-02	2.1172128874E34	1.2533820574E-02	1.1775085202E-02	1.2417448756E-02	1.1686922217E-02	8.8494108704E-02	
Swaption Exercise Date	6.8881403242E-01	7.3217878221E-01	4.3791421990E-01	4.3220786344E-01	4.2305887796E-01	4.1972963971E-01	3.8917900298E-01	3.9953787322E-01	3.9953787322E-01	4.0508710399E-01	7.3098178016E-02	7.3153306183E-02	7.2973611498E-02	7.2973335866E-02	7.3365718515E-02	7.3041092840E-02	7.3041092840E-02	7.3076494679E-02	3.0813237903E-01	3.0015655881E-01	2.7884195375E-01	2.7281212651E-01	2.7567417108E-01	5.5691595910E-02	5.6248905879E-02	5.5511251402E-02	5.6394656318E-02	5.6150486072E-02	0.0000000000E00	1.3723692783E-01	9.1420529433E36	7.9902528083E-01	5.6057949505E-02	2.1172128874E34	5.6047094520E-02	5.5440672967E-02	5.5949513722E-02	5.5354389650E-02	4.0596513681E-02	
Swaption Number Of Periods	6.0924728847E-01	6.5234981453E-01	3.6066169045E-01	3.5510069377E-01	3.4732624494E-01	3.4400174374E-01	3.1516185075E-01	3.2604655666E-01	3.2604655666E-01	3.3046378537E-01	1.5686729331E-01	1.5691184516E-01	1.5660653954E-01	1.5661026730E-01	1.5709830406E-01	1.5673558722E-01	1.5673558722E-01	1.5674472277E-01	2.9510695020E-01	2.8829595525E-01	2.6815604806E-01	2.6582586834E-01	2.6558476775E-01	1.3436603985E-01	1.3535219980E-01	1.3356581525E-01	1.3556095884E-01	1.3445902062E-01	1.3723692783E-01	0.0000000000E00	9.1420529433E36	7.2345790659E-01	1.4308694072E-01	2.1172128874E34	1.4319082080E-01	1.4159262138E-01	1.4303431067E-01	1.4144732075E-01	1.2423096769E-01	
Numeraire Single-Curve	9.1420529433E36	9.1420529433E36	9.1420529433E36	9.1420529433E36	9.1420529433E36	9.1420529433E36	9.1420529433E36	9.1420529433E36	9.1420529433E36	9.1420529433E36	9.1420529433E36	9.1420529433E36	9.1420529433E36	9.1420529433E36	9.1420529433E36	9.1420529433E36	9.1420529433E36	9.1420529433E36	9.1420529433E36	9.1420529433E36	9.1420529433E36	9.1420529433E36	9.1420529433E36	9.1420529433E36	9.1420529433E36	9.1420529433E36	9.1420529433E36	9.1420529433E36	9.1420529433E36	9.1420529433E36	0.0000000000E00	9.1420529433E36	9.1420529433E36	9.1209272901E36	9.1420529433E36	9.1420529433E36	9.1420529433E36	9.1420529433E36	9.1420529433E36	
Discount Single-Curve	1.2904271764E-01	9.3789897896E-02	3.7505757117E-01	3.8110862569E-01	3.8707447279E-01	3.8930918838E-01	4.1701346453E-01	4.0685358540E-01	4.0685358540E-01	4.0419212708E-01	8.4948153767E-01	8.4953625307E-01	8.4918943237E-01	8.4919357581E-01	8.4974110946E-01	8.4932690870E-01	8.4932690870E-01	8.4934421168E-01	5.3695474897E-01	5.4551964015E-01	5.5572115366E-01	5.6634095723E-01	5.6133537288E-01	8.2653071994E-01	8.2751286112E-01	8.2569397173E-01	8.2743945520E-01	8.2660620914E-01	7.9902528083E-01	7.2345790659E-01	9.1420529433E36	0.0000000000E00	8.3225026795E-01	2.1172128874E34	8.3236313885E-01	8.3045271722E-01	8.3216882949E-01	8.3027679136E-01	7.6566517376E-01	
OIS Spot Rate Single-Curve	7.1867858048E-01	7.6217393952E-01	4.6545353229E-01	4.5956606255E-01	4.5113463998E-01	4.4799360987E-01	4.1814349945E-01	4.2857108903E-01	4.2857108903E-01	4.3347890651E-01	1.9615634318E-02	1.9673653871E-02	1.9407984539E-02	1.9407493290E-02	1.9944260850E-02	1.9519288500E-02	1.9519288500E-02	1.9562562362E-02	3.4031215728E-01	3.3180401816E-01	3.1241664088E-01	3.0560270407E-01	3.0819804690E-01	1.2937835028E-02	1.1926474115E-02	1.3507717907E-02	1.1225003644E-02	1.2445787414E-02	5.6057949505E-02	1.4308694072E-01	9.1420529433E36	8.3225026795E-01	0.0000000000E00	2.1172128874E34	2.8060881634E-04	1.9676455214E-03	1.6646122431E-04	2.1083612196E-03	9.1448831234E-02	
Numeraire Multi-Curve	2.1172128874E34	2.1172128874E34	2.1172128874E34	2.1172128874E34	2.1172128874E34	2.1172128874E34	2.1172128874E34	2.1172128874E34	2.1172128874E34	2.1172128874E34	2.1172128874E34	2.1172128874E34	2.1172128874E34	2.1172128874E34	2.1172128874E34	2.1172128874E34	2.1172128874E34	2.1172128874E34	2.1172128874E34	2.1172128874E34	2.1172128874E34	2.1172128874E34	2.1172128874E34	2.1172128874E34	2.1172128874E34	2.1172128874E34	2.1172128874E34	2.1172128874E34	2.1172128874E34	2.1172128874E34	9.1209272901E36	2.1172128874E34	2.1172128874E34	0.0000000000E00	2.1172128874E34	2.1172128874E34	2.1172128874E34	2.1172128874E34	2.1172128874E34	
OIS Spot Rate Multi-Curve	7.1878991903E-01	7.6228532935E-01	4.6555913177E-01	4.5967286038E-01	4.5124101631E-01	4.4810084912E-01	4.1825084838E-01	4.2867868184E-01	4.2867868184E-01	4.3358283279E-01	1.9499601093E-02	1.9557971165E-02	1.9292713317E-02	1.9292259018E-02	1.9827247715E-02	1.9403560867E-02	1.9403560867E-02	1.9446352457E-02	3.4041101101E-01	3.3190127508E-01	3.1251561481E-01	3.0569884823E-01	3.0829505612E-01	1.3025326906E-02	1.2005957659E-02	1.3601262021E-02	1.1306161581E-02	1.2533820574E-02	5.6047094520E-02	1.4319082080E-01	9.1420529433E36	8.3236313885E-01	2.8060881634E-04	2.1172128874E34	0.0000000000E00	2.0665300544E-03	2.7541617954E-04	2.2270749810E-03	9.1491920513E-02	
LIBOR Spot Rate Multi-Curve	7.1682826703E-01	7.6032422636E-01	4.6357891693E-01	4.5769116329E-01	4.4926774387E-01	4.4613043376E-01	4.1629362168E-01	4.2672058261E-01	4.2672058261E-01	4.3161468658E-01	2.0892096302E-02	2.0950773844E-02	2.0667226629E-02	2.0667379554E-02	2.1216260084E-02	2.0785054825E-02	2.0785054825E-02	2.0824652918E-02	3.3865858400E-01	3.3014874420E-01	3.1077425533E-01	3.0396679619E-01	3.0654541322E-01	1.2341049299E-02	1.1394034647E-02	1.2811149529E-02	1.0586145266E-02	1.1775085202E-02	5.5440672967E-02	1.4159262138E-01	9.1420529433E36	8.3045271722E-01	1.9676455214E-03	2.1172128874E34	2.0665300544E-03	0.0000000000E00	1.9086850964E-03	2.5936074694E-04	9.0554050309E-02	
OIS Forward Rate Multi-Curve	7.1860006492E-01	7.6209537875E-01	4.6537666936E-01	4.5949091708E-01	4.5105711165E-01	4.4791558398E-01	4.1806429069E-01	4.2849232571E-01	4.2849232571E-01	4.3340123006E-01	1.9706726827E-02	1.9765088670E-02	1.9499111655E-02	1.9498632834E-02	2.0035125552E-02	1.9610400578E-02	1.9610400578E-02	1.9653586213E-02	3.4023592075E-01	3.3172830837E-01	3.1233790017E-01	3.0552534773E-01	3.0812017919E-01	1.2907998624E-02	1.1900687958E-02	1.3475419396E-02	1.1198767285E-02	1.2417448756E-02	5.5949513722E-02	1.4303431067E-01	9.1420529433E36	8.3216882949E-01	1.6646122431E-04	2.1172128874E34	2.7541617954E-04	1.9086850964E-03	0.0000000000E00	2.0472352341E-03	9.1343941348E-02	
LIBOR Forward Rate Multi-Curve	7.1665702781E-01	7.6015289240E-01	4.6341491286E-01	4.5752776076E-01	4.4910220025E-01	4.4596357235E-01	4.1612545102E-01	4.2655251950E-01	4.2655251950E-01	4.3145146560E-01	2.1085981285E-02	2.1144667695E-02	2.0860763924E-02	2.0860885077E-02	2.1410822250E-02	2.0978861020E-02	2.0978861020E-02	2.1018884718E-02	3.3850203213E-01	3.2999412876E-01	3.1061520049E-01	3.0381184001E-01	3.0638899607E-01	1.2250989786E-02	1.1318221291E-02	1.2711453106E-02	1.0510994711E-02	1.1686922217E-02	5.5354389650E-02	1.4144732075E-01	9.1420529433E36	8.3027679136E-01	2.1083612196E-03	2.1172128874E34	2.2270749810E-03	2.5936074694E-04	2.0472352341E-03	0.0000000000E00	9.0417842597E-02	
Time	6.5752318686E-01	7.0075483205E-01	4.0909068198E-01	4.0353186008E-01	3.9396592887E-01	3.9042076211E-01	3.5950902276E-01	3.6988967727E-01	3.6988967727E-01	3.7604809806E-01	1.1012042394E-01	1.1017765294E-01	1.0996403476E-01	1.0996381585E-01	1.1041597527E-01	1.1004869955E-01	1.1004869955E-01	1.1008758472E-01	2.8407342657E-01	2.7678372187E-01	2.5389591671E-01	2.4925276944E-01	2.5181300840E-01	8.7930912300E-02	8.8843652989E-02	8.7503431298E-02	8.9155472655E-02	8.8494108704E-02	4.0596513681E-02	1.2423096769E-01	9.1420529433E36	7.6566517376E-01	9.1448831234E-02	2.1172128874E34	9.1491920513E-02	9.0554050309E-02	9.1343941348E-02	9.0417842597E-02	0.0000000000E00	
