	Target (OIS)	Target (LIBOR)	Caplet Vola Analytic Single-Curve	Caplet Vola Monte-Carlo Single-Curve	Caplet Vola Analytic Multi-Curve Fenton-Wilkinson	Caplet Vola Analytic Multi-Curve Ju	Caplet Vola Analytic Multi-Curve Ho	Caplet Vola Analytic Multi-Curve Drift-Freeze	Caplet Vola Analytic Multi-Curve Integrated-Expectation	Caplet Vola Monte-Carlo Multi-Curve	Caplet Value Analytic Single-Curve	Caplet Value Monte-Carlo Single-Curve	Caplet Value Analytic Multi-Curve Fenton-Wilkinson	Caplet Value Analytic Multi-Curve Ju	Caplet Value Analytic Multi-Curve Ho	Caplet Value Analytic Multi-Curve Drift-Freeze	Caplet Value Analytic Multi-Curve Integrated-Expectation	Caplet Value Monte-Carlo Multi-Curve	Swaption Vola Analytic Single-Curve	Swaption Vola Monte-Carlo Single-Curve	Swaption Vola Analytic Multi-Curve Drift-Freeze	Swaption Vola Analytic Multi-Curve Integrated-Expectation	Swaption Vola Monte-Carlo Multi-Curve	Swaption Value Analytic Single-Curve	Swaption Value Monte-Carlo Single-Curve	Swaption Value Analytic Multi-Curve Drift-Freeze	Swaption Value Analytic Multi-Curve Integrated-Expectation	Swaption Value Monte-Carlo Multi-Curve	Swaption Exercise Date	Swaption Number Of Periods	Numeraire Single-Curve	Discount Single-Curve	OIS Spot Rate Single-Curve	Numeraire Multi-Curve	OIS Spot Rate Multi-Curve	LIBOR Spot Rate Multi-Curve	OIS Forward Rate Multi-Curve	LIBOR Forward Rate Multi-Curve	Time
Target (OIS)	0.0000000000E00	3.4648610645E-02	5.9467859796E-01	5.5872459139E-01	5.7333389571E-01	5.6032872860E-01	4.7400776964E-01	4.6845691354E-01	4.6881733758E-01	5.3986994864E-01	1.9668852308E00	1.9696956276E00	1.9346123607E00	1.9370215878E00	1.9637096513E00	1.9446651396E00	1.9446460226E00	1.9373993273E00	5.3914634740E-01	4.9960723035E-01	3.9782148260E-01	3.9415248245E-01	4.5613148760E-01	1.4551913680E00	1.4773780683E00	1.3119847264E00	1.3161607407E00	1.2885289149E00	1.3358902230E00	7.5841943116E-01	1.2489746218E01	1.0892445293E00	1.6852830078E00	1.2489746165E01	1.6810088734E00	1.4997456967E00	1.6788792393E00	1.5015351634E00	1.0513856161E00	
Target (LIBOR)	3.4648610645E-02	0.0000000000E00	5.6886172419E-01	5.3344175391E-01	5.4872627344E-01	5.3633643411E-01	4.5289876707E-01	4.4602006327E-01	4.4638067742E-01	5.1588736213E-01	1.9694077452E00	1.9721285355E00	1.9381578146E00	1.9404913116E00	1.9663367333E00	1.9478951644E00	1.9478766446E00	1.9408574632E00	5.1178215560E-01	4.7298059860E-01	3.7483682061E-01	3.7139869902E-01	4.3255709836E-01	1.4711149426E00	1.4928434365E00	1.3306397380E00	1.3347708572E00	1.3074887084E00	1.3528383888E00	7.7836890160E-01	1.2489746218E01	1.0646990659E00	1.6960620293E00	1.2489746165E01	1.6918998810E00	1.5153088485E00	1.6898247682E00	1.5170565983E00	1.0709593006E00	
Caplet Vola Analytic Single-Curve	5.9467859796E-01	5.6886172419E-01	0.0000000000E00	5.6189936103E-02	5.1124081124E-02	7.8452154185E-02	1.8435941288E-01	1.7064286873E-01	1.7041175781E-01	9.4262543606E-02	1.9706563928E00	1.9725347369E00	1.9504170448E00	1.9519229172E00	1.9698887139E00	1.9571355655E00	1.9571211973E00	1.9522787014E00	1.1519093632E-01	1.3625372298E-01	2.3993343421E-01	2.4728700474E-01	1.9260910589E-01	1.6153226765E00	1.6314365944E00	1.5116425836E00	1.5153949253E00	1.4907964543E00	1.4751881691E00	1.1021146796E00	1.2489746218E01	7.3266263673E-01	1.7822043624E00	1.2489746165E01	1.7791074904E00	1.6619261914E00	1.7774480720E00	1.6631884894E00	1.2211016549E00	
Caplet Vola Monte-Carlo Single-Curve	5.5872459139E-01	5.3344175391E-01	5.6189936103E-02	0.0000000000E00	4.2910927985E-02	6.1851896939E-02	1.4509309212E-01	1.3343216727E-01	1.3324504738E-01	6.2904139519E-02	1.9685066931E00	1.9704409260E00	1.9473382034E00	1.9489195861E00	1.9676707035E00	1.9543632579E00	1.9543483274E00	1.9492763468E00	1.1701422141E-01	1.1872821089E-01	2.0366798922E-01	2.1122845714E-01	1.6412575504E-01	1.5991224979E00	1.6157900259E00	1.4918015699E00	1.4956781037E00	1.4704618986E00	1.4560326570E00	1.0736021149E00	1.2489746218E01	7.6814080425E-01	1.7721393585E00	1.2489746165E01	1.7690037886E00	1.6470664207E00	1.7672787817E00	1.6484103685E00	1.1948905818E00	
Caplet Vola Analytic Multi-Curve Fenton-Wilkinson	5.7333389571E-01	5.4872627344E-01	5.1124081124E-02	4.2910927985E-02	0.0000000000E00	3.0897636822E-02	1.3858238358E-01	1.2844109631E-01	1.2817165376E-01	5.2453406005E-02	1.9725783582E00	1.9745522489E00	1.9514267939E00	1.9529966824E00	1.9718797703E00	1.9584768360E00	1.9584615937E00	1.9533787968E00	1.2461337950E-01	1.2630694631E-01	2.0715214317E-01	2.1461663321E-01	1.6028407546E-01	1.6019072828E00	1.6185902978E00	1.4948530995E00	1.4987515497E00	1.4731451024E00	1.4530431984E00	1.0828675140E00	1.2489746218E01	7.7553955205E-01	1.7752931110E00	1.2489746165E01	1.7720506697E00	1.6505843667E00	1.7703056374E00	1.6518973276E00	1.1900142601E00	
Caplet Vola Analytic Multi-Curve Ju	5.6032872860E-01	5.3633643411E-01	7.8452154185E-02	6.1851896939E-02	3.0897636822E-02	0.0000000000E00	1.1570756069E-01	1.0504154579E-01	1.0472553485E-01	4.5086063405E-02	1.9719591987E00	1.9739850701E00	1.9504007820E00	1.9519910411E00	1.9713112720E00	1.9575917988E00	1.9575760828E00	1.9523991319E00	1.3004976773E-01	1.2215609436E-01	1.8763562807E-01	1.9483313323E-01	1.3997910077E-01	1.5945675106E00	1.6114971604E00	1.4862137859E00	1.4901545700E00	1.4641090030E00	1.4396498059E00	1.0728251896E00	1.2489746218E01	7.9589925369E-01	1.7703238713E00	1.2489746165E01	1.7669806767E00	1.6435496897E00	1.7652067410E00	1.6448599765E00	1.1728065304E00	
Caplet Vola Analytic Multi-Curve Ho	4.7400776964E-01	4.5289876707E-01	1.8435941288E-01	1.4509309212E-01	1.3858238358E-01	1.1570756069E-01	0.0000000000E00	3.1916580772E-02	3.1958992449E-02	1.0353997673E-01	1.9621450121E00	1.9643948209E00	1.9381161841E00	1.9398924262E00	1.9613563586E00	1.9461130111E00	1.9460956549E00	1.9403363497E00	1.9419794745E-01	1.5548384402E-01	1.1636500047E-01	1.2270331192E-01	1.0361410299E-01	1.5472420937E00	1.5656507514E00	1.4298046057E00	1.4340236848E00	1.4061234849E00	1.3823573514E00	9.9863546679E-01	1.2489746218E01	8.8137867450E-01	1.7390829569E00	1.2489746165E01	1.7354262559E00	1.5996979877E00	1.7334762340E00	1.6011360200E00	1.0977729206E00	
Caplet Vola Analytic Multi-Curve Drift-Freeze	4.6845691354E-01	4.4602006327E-01	1.7064286873E-01	1.3343216727E-01	1.2844109631E-01	1.0504154579E-01	3.1916580772E-02	0.0000000000E00	4.0054182063E-04	9.5516741225E-02	1.9572932779E00	1.9594948967E00	1.9337808712E00	1.9355116499E00	1.9564628701E00	1.9415734122E00	1.9415564988E00	1.9359518102E00	1.7034772435E-01	1.3154665386E-01	1.0259746071E-01	1.0944947782E-01	8.4377221624E-02	1.5510921970E00	1.5691866468E00	1.4355739315E00	1.4396825421E00	1.4124084848E00	1.3894702259E00	1.0016927729E00	1.2489746218E01	8.6295289030E-01	1.7387923045E00	1.2489746165E01	1.7351871370E00	1.6015288343E00	1.7332974476E00	1.6029178568E00	1.1102866938E00	
Caplet Vola Analytic Multi-Curve Integrated-Expectation	4.6881733758E-01	4.4638067742E-01	1.7041175781E-01	1.3324504738E-01	1.2817165376E-01	1.0472553485E-01	3.1958992449E-02	4.0054182063E-04	0.0000000000E00	9.5284527378E-02	1.9573603775E00	1.9595616471E00	1.9338538446E00	1.9355840954E00	1.9565316583E00	1.9416447952E00	1.9416278824E00	1.9360243767E00	1.7021070136E-01	1.3145930677E-01	1.0282268356E-01	1.0967264667E-01	8.4379256571E-02	1.5512361854E00	1.5693270914E00	1.4357419419E00	1.4398501776E00	1.4125775135E00	1.3895777788E00	1.0019606527E00	1.2489746218E01	8.6281684295E-01	1.7388996633E00	1.2489746165E01	1.7352947735E00	1.6016693828E00	1.7334053425E00	1.6030579961E00	1.1104154721E00	
Caplet Vola Monte-Carlo Multi-Curve	5.3986994864E-01	5.1588736213E-01	9.4262543606E-02	6.2904139519E-02	5.2453406005E-02	4.5086063405E-02	1.0353997673E-01	9.5516741225E-02	9.5284527378E-02	0.0000000000E00	1.9690858619E00	1.9711293192E00	1.9471098882E00	1.9487426202E00	1.9683349832E00	1.9544290065E00	1.9544132138E00	1.9491009592E00	1.3523406045E-01	1.2059626589E-01	1.7484573870E-01	1.8222883002E-01	1.3488305790E-01	1.5857345577E00	1.6028934673E00	1.4755660428E00	1.4795641942E00	1.4532742553E00	1.4341197459E00	1.0560604123E00	1.2489746218E01	8.0582327568E-01	1.7646865894E00	1.2489746165E01	1.7613281642E00	1.6355623538E00	1.7595561674E00	1.6370279528E00	1.1650204289E00	
Caplet Value Analytic Single-Curve	1.9668852308E00	1.9694077452E00	1.9706563928E00	1.9685066931E00	1.9725783582E00	1.9719591987E00	1.9621450121E00	1.9572932779E00	1.9573603775E00	1.9690858619E00	0.0000000000E00	5.2570805086E-02	3.6570885701E-01	3.3859128032E-01	1.7349665564E-01	2.6246133287E-01	2.6258229628E-01	3.4188324045E-01	1.9574666889E00	1.9549867412E00	1.9463287386E00	1.9465500277E00	1.9548506829E00	1.9630769978E00	1.9495032899E00	2.0141299185E00	2.0072570495E00	2.0293719484E00	2.1079256152E00	2.2738648367E00	1.2489746218E01	1.9977071916E00	1.3889696511E00	1.2489746165E01	1.3981232389E00	1.5696590103E00	1.4035778783E00	1.5671668490E00	2.0766378429E00	
Caplet Value Monte-Carlo Single-Curve	1.9696956276E00	1.9721285355E00	1.9725347369E00	1.9704409260E00	1.9745522489E00	1.9739850701E00	1.9643948209E00	1.9594948967E00	1.9595616471E00	1.9711293192E00	5.2570805086E-02	0.0000000000E00	4.0191874239E-01	3.7570569939E-01	1.7257104808E-01	2.9774873335E-01	2.9789641766E-01	3.7719064780E-01	1.9593426983E00	1.9569562760E00	1.9485777444E00	1.9488110035E00	1.9570257669E00	1.9774727637E00	1.9644345460E00	2.0255697220E00	2.0187750915E00	2.0404830174E00	2.1200243135E00	2.2790631744E00	1.2489746218E01	1.9985838392E00	1.4113862996E00	1.2489746165E01	1.4205734293E00	1.5851820862E00	1.4259377354E00	1.5827743554E00	2.0845241964E00	
Caplet Value Analytic Multi-Curve Fenton-Wilkinson	1.9346123607E00	1.9381578146E00	1.9504170448E00	1.9473382034E00	1.9514267939E00	1.9504007820E00	1.9381161841E00	1.9337808712E00	1.9338538446E00	1.9471098882E00	3.6570885701E-01	4.0191874239E-01	0.0000000000E00	3.0187688098E-02	3.5533357424E-01	1.1542031839E-01	1.1517699278E-01	4.0917399057E-02	1.9371425203E00	1.9336390874E00	1.9220884537E00	1.9221949362E00	1.9317226198E00	1.8129421560E00	1.7942661126E00	1.8912478366E00	1.8835707184E00	1.9110882986E00	1.9991276754E00	2.2135841100E00	1.2489746218E01	1.9877081368E00	1.1717583039E00	1.2489746165E01	1.1832388520E00	1.4064848776E00	1.1894527794E00	1.4037104765E00	2.0015081479E00	
Caplet Value Analytic Multi-Curve Ju	1.9370215878E00	1.9404913116E00	1.9519229172E00	1.9489195861E00	1.9529966824E00	1.9519910411E00	1.9398924262E00	1.9355116499E00	1.9355840954E00	1.9487426202E00	3.3859128032E-01	3.7570569939E-01	3.0187688098E-02	0.0000000000E00	3.3417691850E-01	9.0997270431E-02	9.0712308146E-02	3.7201821110E-02	1.9386383788E00	1.9352092577E00	1.9238648296E00	1.9239774562E00	1.9334094059E00	1.8242174411E00	1.8058992213E00	1.9006351488E00	1.8930148921E00	1.9200929782E00	2.0062366174E00	2.2181776491E00	1.2489746218E01	1.9884595696E00	1.1866854373E00	1.2489746165E01	1.1979190530E00	1.4183856056E00	1.2041221145E00	1.4156002310E00	2.0067157971E00	
Caplet Value Analytic Multi-Curve Ho	1.9637096513E00	1.9663367333E00	1.9698887139E00	1.9676707035E00	1.9718797703E00	1.9713112720E00	1.9613563586E00	1.9564628701E00	1.9565316583E00	1.9683349832E00	1.7349665564E-01	1.7257104808E-01	3.5533357424E-01	3.3417691850E-01	0.0000000000E00	2.4529771344E-01	2.4559963393E-01	3.2915521057E-01	1.9565397164E00	1.9540345115E00	1.9452728034E00	1.9454900061E00	1.9539854788E00	1.9575494132E00	1.9440720874E00	2.0080067592E00	2.0010320687E00	2.0240090955E00	2.1160081122E00	2.2673836229E00	1.2489746218E01	1.9968678055E00	1.3894419336E00	1.2489746165E01	1.3989497386E00	1.5618948835E00	1.4045090849E00	1.5594648973E00	2.0799631602E00	
Caplet Value Analytic Multi-Curve Drift-Freeze	1.9446651396E00	1.9478951644E00	1.9571355655E00	1.9543632579E00	1.9584768360E00	1.9575917988E00	1.9461130111E00	1.9415734122E00	1.9416447952E00	1.9544290065E00	2.6246133287E-01	2.9774873335E-01	1.1542031839E-01	9.0997270431E-02	2.4529771344E-01	0.0000000000E00	3.5955020305E-04	9.3890209108E-02	1.9438096020E00	1.9406489548E00	1.9300411168E00	1.9301812341E00	1.9393492921E00	1.8625187221E00	1.8455648802E00	1.9316512530E00	1.9242052131E00	1.9501386165E00	2.0373986638E00	2.2322843157E00	1.2489746218E01	1.9908863061E00	1.2435207538E00	1.2489746165E01	1.2542300522E00	1.4590845846E00	1.2603039484E00	1.4563694612E00	2.0277912920E00	
Caplet Value Analytic Multi-Curve Integrated-Expectation	1.9446460226E00	1.9478766446E00	1.9571211973E00	1.9543483274E00	1.9584615937E00	1.9575760828E00	1.9460956549E00	1.9415564988E00	1.9416278824E00	1.9544132138E00	2.6258229628E-01	2.9789641766E-01	1.1517699278E-01	9.0712308146E-02	2.4559963393E-01	3.5955020305E-04	0.0000000000E00	9.3672422302E-02	1.9437953458E00	1.9406339177E00	1.9300239946E00	1.9301640203E00	1.9393326188E00	1.8624151736E00	1.8454571483E00	1.9315699301E00	1.9241234861E00	1.9500589696E00	2.0372944948E00	2.2322503800E00	1.2489746218E01	1.9908800979E00	1.2433505685E00	1.2489746165E01	1.2540605057E00	1.4589743355E00	1.2601349431E00	1.4562587830E00	2.0277246365E00	
Caplet Value Monte-Carlo Multi-Curve	1.9373993273E00	1.9408574632E00	1.9522787014E00	1.9492763468E00	1.9533787968E00	1.9523991319E00	1.9403363497E00	1.9359518102E00	1.9360243767E00	1.9491009592E00	3.4188324045E-01	3.7719064780E-01	4.0917399057E-02	3.7201821110E-02	3.2915521057E-01	9.3890209108E-02	9.3672422302E-02	0.0000000000E00	1.9389947830E00	1.9355858575E00	1.9243022605E00	1.9244190459E00	1.9338516791E00	1.8261491030E00	1.8078874609E00	1.9020334761E00	1.8944237247E00	1.9215062169E00	2.0101540461E00	2.2187201671E00	1.2489746218E01	1.9885868584E00	1.1915804498E00	1.2489746165E01	1.2028580111E00	1.4206955565E00	1.2091133947E00	1.4181257545E00	2.0089221108E00	
Swaption Vola Analytic Single-Curve	5.3914634740E-01	5.1178215560E-01	1.1519093632E-01	1.1701422141E-01	1.2461337950E-01	1.3004976773E-01	1.9419794745E-01	1.7034772435E-01	1.7021070136E-01	1.3523406045E-01	1.9574666889E00	1.9593426983E00	1.9371425203E00	1.9386383788E00	1.9565397164E00	1.9438096020E00	1.9437953458E00	1.9389947830E00	0.0000000000E00	5.4625798467E-02	1.8785746044E-01	1.9369638264E-01	1.4292508384E-01	1.6083206981E00	1.6241643304E00	1.5053767097E00	1.5089014396E00	1.4851915949E00	1.4640417885E00	1.0913684879E00	1.2489746218E01	7.3263559719E-01	1.7683129140E00	1.2489746165E01	1.7651960356E00	1.6462926849E00	1.7635871197E00	1.6475322716E00	1.2155079118E00	
Swaption Vola Monte-Carlo Single-Curve	4.9960723035E-01	4.7298059860E-01	1.3625372298E-01	1.1872821089E-01	1.2630694631E-01	1.2215609436E-01	1.5548384402E-01	1.3154665386E-01	1.3145930677E-01	1.2059626589E-01	1.9549867412E00	1.9569562760E00	1.9336390874E00	1.9352092577E00	1.9540345115E00	1.9406489548E00	1.9406339177E00	1.9355858575E00	5.4625798467E-02	0.0000000000E00	1.3861006235E-01	1.4490868743E-01	9.5872270414E-02	1.5897069073E00	1.6061299651E00	1.4828703402E00	1.4865303573E00	1.4618793199E00	1.4402194603E00	1.0614224302E00	1.2489746218E01	7.7586567862E-01	1.7566340424E00	1.2489746165E01	1.7533928288E00	1.6293162634E00	1.7516977987E00	1.6306074848E00	1.1834110249E00	
Swaption Vola Analytic Multi-Curve Drift-Freeze	3.9782148260E-01	3.7483682061E-01	2.3993343421E-01	2.0366798922E-01	2.0715214317E-01	1.8763562807E-01	1.1636500047E-01	1.0259746071E-01	1.0282268356E-01	1.7484573870E-01	1.9463287386E00	1.9485777444E00	1.9220884537E00	1.9238648296E00	1.9452728034E00	1.9300411168E00	1.9300239946E00	1.9243022605E00	1.8785746044E-01	1.3861006235E-01	0.0000000000E00	1.1047597458E-02	6.6345486330E-02	1.5384147653E00	1.5565296243E00	1.4217474869E00	1.4256855485E00	1.3990098327E00	1.3707784790E00	9.8494371130E-01	1.2489746218E01	8.8532771917E-01	1.7220502533E00	1.2489746165E01	1.7183762952E00	1.5799576520E00	1.7164900977E00	1.5813740941E00	1.0942731315E00	
Swaption Vola Analytic Multi-Curve Integrated-Expectation	3.9415248245E-01	3.7139869902E-01	2.4728700474E-01	2.1122845714E-01	2.1461663321E-01	1.9483313323E-01	1.2270331192E-01	1.0944947782E-01	1.0967264667E-01	1.8222883002E-01	1.9465500277E00	1.9488110035E00	1.9221949362E00	1.9239774562E00	1.9454900061E00	1.9301812341E00	1.9301640203E00	1.9244190459E00	1.9369638264E-01	1.4490868743E-01	1.1047597458E-02	0.0000000000E00	7.1799520230E-02	1.5376194385E00	1.5557779832E00	1.4207187381E00	1.4246424823E00	1.3979826370E00	1.3681224382E00	9.8345490794E-01	1.2489746218E01	8.8992857648E-01	1.7211638579E00	1.2489746165E01	1.7174661221E00	1.5784577353E00	1.7155779256E00	1.5798773324E00	1.0912575117E00	
Swaption Vola Monte-Carlo Multi-Curve	4.5613148760E-01	4.3255709836E-01	1.9260910589E-01	1.6412575504E-01	1.6028407546E-01	1.3997910077E-01	1.0361410299E-01	8.4377221624E-02	8.4379256571E-02	1.3488305790E-01	1.9548506829E00	1.9570257669E00	1.9317226198E00	1.9334094059E00	1.9539854788E00	1.9393492921E00	1.9393326188E00	1.9338516791E00	1.4292508384E-01	9.5872270414E-02	6.6345486330E-02	7.1799520230E-02	0.0000000000E00	1.5625252322E00	1.5799860389E00	1.4499597712E00	1.4538127808E00	1.4274866069E00	1.3942926591E00	1.0268544598E00	1.2489746218E01	8.5187769137E-01	1.7394163735E00	1.2489746165E01	1.7358043406E00	1.6033653024E00	1.7339843693E00	1.6047078101E00	1.1226198158E00	
Swaption Value Analytic Single-Curve	1.4551913680E00	1.4711149426E00	1.6153226765E00	1.5991224979E00	1.6019072828E00	1.5945675106E00	1.5472420937E00	1.5510921970E00	1.5512361854E00	1.5857345577E00	1.9630769978E00	1.9774727637E00	1.8129421560E00	1.8242174411E00	1.9575494132E00	1.8625187221E00	1.8624151736E00	1.8261491030E00	1.6083206981E00	1.5897069073E00	1.5384147653E00	1.5376194385E00	1.5625252322E00	0.0000000000E00	5.5547110054E-02	2.9832038801E-01	2.8743360353E-01	3.4842813368E-01	9.7434357667E-01	1.2861413082E00	1.2489746218E01	1.8175469015E00	9.5061636216E-01	1.2489746165E01	9.4131007531E-01	6.3366227025E-01	9.3407511501E-01	6.3750016301E-01	1.0463074771E00	
Swaption Value Monte-Carlo Single-Curve	1.4773780683E00	1.4928434365E00	1.6314365944E00	1.6157900259E00	1.6185902978E00	1.6114971604E00	1.5656507514E00	1.5691866468E00	1.5693270914E00	1.6028934673E00	1.9495032899E00	1.9644345460E00	1.7942661126E00	1.8058992213E00	1.9440720874E00	1.8455648802E00	1.8454571483E00	1.8078874609E00	1.6241643304E00	1.6061299651E00	1.5565296243E00	1.5557779832E00	1.5799860389E00	5.5547110054E-02	0.0000000000E00	3.5012459336E-01	3.3920812836E-01	3.9957052884E-01	9.9328680443E-01	1.3245409167E00	1.2489746218E01	1.8262642760E00	9.1705356907E-01	1.2489746165E01	9.0800821246E-01	6.1423092233E-01	9.0067872083E-01	6.1795603264E-01	1.0773232030E00	
Swaption Value Analytic Multi-Curve Drift-Freeze	1.3119847264E00	1.3306397380E00	1.5116425836E00	1.4918015699E00	1.4948530995E00	1.4862137859E00	1.4298046057E00	1.4355739315E00	1.4357419419E00	1.4755660428E00	2.0141299185E00	2.0255697220E00	1.8912478366E00	1.9006351488E00	2.0080067592E00	1.9316512530E00	1.9315699301E00	1.9020334761E00	1.5053767097E00	1.4828703402E00	1.4217474869E00	1.4207187381E00	1.4499597712E00	2.9832038801E-01	3.5012459336E-01	0.0000000000E00	1.4078182060E-02	6.3873749044E-02	9.1735804948E-01	1.0582108454E00	1.2489746218E01	1.7594276807E00	1.1319209203E00	1.2489746165E01	1.1226991104E00	7.7151544620E-01	1.1159256795E00	7.7599040437E-01	8.8860551959E-01	
Swaption Value Analytic Multi-Curve Integrated-Expectation	1.3161607407E00	1.3347708572E00	1.5153949253E00	1.4956781037E00	1.4987515497E00	1.4901545700E00	1.4340236848E00	1.4396825421E00	1.4398501776E00	1.4795641942E00	2.0072570495E00	2.0187750915E00	1.8835707184E00	1.8930148921E00	2.0010320687E00	1.9242052131E00	1.9241234861E00	1.8944237247E00	1.5089014396E00	1.4865303573E00	1.4256855485E00	1.4246424823E00	1.4538127808E00	2.8743360353E-01	3.3920812836E-01	1.4078182060E-02	0.0000000000E00	7.5600813099E-02	9.1710915822E-01	1.0653409297E00	1.2489746218E01	1.7614262028E00	1.1212560803E00	1.2489746165E01	1.1120112897E00	7.6068854611E-01	1.1052487156E00	7.6514356305E-01	8.9375773899E-01	
Swaption Value Monte-Carlo Multi-Curve	1.2885289149E00	1.3074887084E00	1.4907964543E00	1.4704618986E00	1.4731451024E00	1.4641090030E00	1.4061234849E00	1.4124084848E00	1.4125775135E00	1.4532742553E00	2.0293719484E00	2.0404830174E00	1.9110882986E00	1.9200929782E00	2.0240090955E00	1.9501386165E00	1.9500589696E00	1.9215062169E00	1.4851915949E00	1.4618793199E00	1.3990098327E00	1.3979826370E00	1.4274866069E00	3.4842813368E-01	3.9957052884E-01	6.3873749044E-02	7.5600813099E-02	0.0000000000E00	8.9894576061E-01	1.0261496906E00	1.2489746218E01	1.7485597280E00	1.1669426991E00	1.2489746165E01	1.1573911789E00	8.0790361889E-01	1.1507210593E00	8.1238950412E-01	8.5017260125E-01	
Swaption Exercise Date	1.3358902230E00	1.3528383888E00	1.4751881691E00	1.4560326570E00	1.4530431984E00	1.4396498059E00	1.3823573514E00	1.3894702259E00	1.3895777788E00	1.4341197459E00	2.1079256152E00	2.1200243135E00	1.9991276754E00	2.0062366174E00	2.1160081122E00	2.0373986638E00	2.0372944948E00	2.0101540461E00	1.4640417885E00	1.4402194603E00	1.3707784790E00	1.3681224382E00	1.3942926591E00	9.7434357667E-01	9.9328680443E-01	9.1735804948E-01	9.1710915822E-01	8.9894576061E-01	0.0000000000E00	1.4001936390E00	1.2489746218E01	1.7561081990E00	1.2013581527E00	1.2489746165E01	1.1869426587E00	9.1194134586E-01	1.1802397276E00	9.1292019257E-01	4.9749066255E-01	
Swaption Number Of Periods	7.5841943116E-01	7.7836890160E-01	1.1021146796E00	1.0736021149E00	1.0828675140E00	1.0728251896E00	9.9863546679E-01	1.0016927729E00	1.0019606527E00	1.0560604123E00	2.2738648367E00	2.2790631744E00	2.2135841100E00	2.2181776491E00	2.2673836229E00	2.2322843157E00	2.2322503800E00	2.2187201671E00	1.0913684879E00	1.0614224302E00	9.8494371130E-01	9.8345490794E-01	1.0268544598E00	1.2861413082E00	1.3245409167E00	1.0582108454E00	1.0653409297E00	1.0261496906E00	1.4001936390E00	0.0000000000E00	1.2489746218E01	1.4705259795E00	1.7911404558E00	1.2489746165E01	1.7847123420E00	1.5041269351E00	1.7811580415E00	1.5070680027E00	1.0671823216E00	
Numeraire Single-Curve	1.2489746218E01	1.2489746218E01	1.2489746218E01	1.2489746218E01	1.2489746218E01	1.2489746218E01	1.2489746218E01	1.2489746218E01	1.2489746218E01	1.2489746218E01	1.2489746218E01	1.2489746218E01	1.2489746218E01	1.2489746218E01	1.2489746218E01	1.2489746218E01	1.2489746218E01	1.2489746218E01	1.2489746218E01	1.2489746218E01	1.2489746218E01	1.2489746218E01	1.2489746218E01	1.2489746218E01	1.2489746218E01	1.2489746218E01	1.2489746218E01	1.2489746218E01	1.2489746218E01	1.2489746218E01	0.0000000000E00	1.2489746218E01	1.2489746218E01	1.2489746218E01	1.2489746218E01	1.2489746218E01	1.2489746218E01	1.2489746218E01	1.2489746218E01	
Discount Single-Curve	1.0892445293E00	1.0646990659E00	7.3266263673E-01	7.6814080425E-01	7.7553955205E-01	7.9589925369E-01	8.8137867450E-01	8.6295289030E-01	8.6281684295E-01	8.0582327568E-01	1.9977071916E00	1.9985838392E00	1.9877081368E00	1.9884595696E00	1.9968678055E00	1.9908863061E00	1.9908800979E00	1.9885868584E00	7.3263559719E-01	7.7586567862E-01	8.8532771917E-01	8.8992857648E-01	8.5187769137E-01	1.8175469015E00	1.8262642760E00	1.7594276807E00	1.7614262028E00	1.7485597280E00	1.7561081990E00	1.4705259795E00	1.2489746218E01	0.0000000000E00	1.9050834831E00	1.2489746165E01	1.9035786657E00	1.8398204677E00	1.9027993126E00	1.8404984441E00	1.6150865428E00	
OIS Spot Rate Single-Curve	1.6852830078E00	1.6960620293E00	1.7822043624E00	1.7721393585E00	1.7752931110E00	1.7703238713E00	1.7390829569E00	1.7387923045E00	1.7388996633E00	1.7646865894E00	1.3889696511E00	1.4113862996E00	1.1717583039E00	1.1866854373E00	1.3894419336E00	1.2435207538E00	1.2433505685E00	1.1915804498E00	1.7683129140E00	1.7566340424E00	1.7220502533E00	1.7211638579E00	1.7394163735E00	9.5061636216E-01	9.1705356907E-01	1.1319209203E00	1.1212560803E00	1.1669426991E00	1.2013581527E00	1.7911404558E00	1.2489746218E01	1.9050834831E00	0.0000000000E00	1.2489746165E01	2.7802863473E-02	4.5859913837E-01	3.0698970323E-02	4.5370180396E-01	1.4157528927E00	
Numeraire Multi-Curve	1.2489746165E01	1.2489746165E01	1.2489746165E01	1.2489746165E01	1.2489746165E01	1.2489746165E01	1.2489746165E01	1.2489746165E01	1.2489746165E01	1.2489746165E01	1.2489746165E01	1.2489746165E01	1.2489746165E01	1.2489746165E01	1.2489746165E01	1.2489746165E01	1.2489746165E01	1.2489746165E01	1.2489746165E01	1.2489746165E01	1.2489746165E01	1.2489746165E01	1.2489746165E01	1.2489746165E01	1.2489746165E01	1.2489746165E01	1.2489746165E01	1.2489746165E01	1.2489746165E01	1.2489746165E01	1.2489746218E01	1.2489746165E01	1.2489746165E01	0.0000000000E00	1.2489746165E01	1.2489746165E01	1.2489746165E01	1.2489746165E01	1.2489746165E01	
OIS Spot Rate Multi-Curve	1.6810088734E00	1.6918998810E00	1.7791074904E00	1.7690037886E00	1.7720506697E00	1.7669806767E00	1.7354262559E00	1.7351871370E00	1.7352947735E00	1.7613281642E00	1.3981232389E00	1.4205734293E00	1.1832388520E00	1.1979190530E00	1.3989497386E00	1.2542300522E00	1.2540605057E00	1.2028580111E00	1.7651960356E00	1.7533928288E00	1.7183762952E00	1.7174661221E00	1.7358043406E00	9.4131007531E-01	9.0800821246E-01	1.1226991104E00	1.1120112897E00	1.1573911789E00	1.1869426587E00	1.7847123420E00	1.2489746218E01	1.9035786657E00	2.7802863473E-02	1.2489746165E01	0.0000000000E00	4.4778852397E-01	1.7122247077E-02	4.4283481598E-01	1.4051094707E00	
LIBOR Spot Rate Multi-Curve	1.4997456967E00	1.5153088485E00	1.6619261914E00	1.6470664207E00	1.6505843667E00	1.6435496897E00	1.5996979877E00	1.6015288343E00	1.6016693828E00	1.6355623538E00	1.5696590103E00	1.5851820862E00	1.4064848776E00	1.4183856056E00	1.5618948835E00	1.4590845846E00	1.4589743355E00	1.4206955565E00	1.6462926849E00	1.6293162634E00	1.5799576520E00	1.5784577353E00	1.6033653024E00	6.3366227025E-01	6.1423092233E-01	7.7151544620E-01	7.6068854611E-01	8.0790361889E-01	9.1194134586E-01	1.5041269351E00	1.2489746218E01	1.8398204677E00	4.5859913837E-01	1.2489746165E01	4.4778852397E-01	0.0000000000E00	4.4164443723E-01	1.7724719411E-02	1.1269369659E00	
OIS Forward Rate Multi-Curve	1.6788792393E00	1.6898247682E00	1.7774480720E00	1.7672787817E00	1.7703056374E00	1.7652067410E00	1.7334762340E00	1.7332974476E00	1.7334053425E00	1.7595561674E00	1.4035778783E00	1.4259377354E00	1.1894527794E00	1.2041221145E00	1.4045090849E00	1.2603039484E00	1.2601349431E00	1.2091133947E00	1.7635871197E00	1.7516977987E00	1.7164900977E00	1.7155779256E00	1.7339843693E00	9.3407511501E-01	9.0067872083E-01	1.1159256795E00	1.1052487156E00	1.1507210593E00	1.1802397276E00	1.7811580415E00	1.2489746218E01	1.9027993126E00	3.0698970323E-02	1.2489746165E01	1.7122247077E-02	4.4164443723E-01	0.0000000000E00	4.3648499821E-01	1.3996202600E00	
LIBOR Forward Rate Multi-Curve	1.5015351634E00	1.5170565983E00	1.6631884894E00	1.6484103685E00	1.6518973276E00	1.6448599765E00	1.6011360200E00	1.6029178568E00	1.6030579961E00	1.6370279528E00	1.5671668490E00	1.5827743554E00	1.4037104765E00	1.4156002310E00	1.5594648973E00	1.4563694612E00	1.4562587830E00	1.4181257545E00	1.6475322716E00	1.6306074848E00	1.5813740941E00	1.5798773324E00	1.6047078101E00	6.3750016301E-01	6.1795603264E-01	7.7599040437E-01	7.6514356305E-01	8.1238950412E-01	9.1292019257E-01	1.5070680027E00	1.2489746218E01	1.8404984441E00	4.5370180396E-01	1.2489746165E01	4.4283481598E-01	1.7724719411E-02	4.3648499821E-01	0.0000000000E00	1.1293221145E00	
Time	1.0513856161E00	1.0709593006E00	1.2211016549E00	1.1948905818E00	1.1900142601E00	1.1728065304E00	1.0977729206E00	1.1102866938E00	1.1104154721E00	1.1650204289E00	2.0766378429E00	2.0845241964E00	2.0015081479E00	2.0067157971E00	2.0799631602E00	2.0277912920E00	2.0277246365E00	2.0089221108E00	1.2155079118E00	1.1834110249E00	1.0942731315E00	1.0912575117E00	1.1226198158E00	1.0463074771E00	1.0773232030E00	8.8860551959E-01	8.9375773899E-01	8.5017260125E-01	4.9749066255E-01	1.0671823216E00	1.2489746218E01	1.6150865428E00	1.4157528927E00	1.2489746165E01	1.4051094707E00	1.1269369659E00	1.3996202600E00	1.1293221145E00	0.0000000000E00	
