	Target (OIS)	Target (LIBOR)	Caplet Vola Analytic Single-Curve	Caplet Vola Monte-Carlo Single-Curve	Caplet Vola Analytic Multi-Curve Fenton-Wilkinson	Caplet Vola Analytic Multi-Curve Ju	Caplet Vola Analytic Multi-Curve Ho	Caplet Vola Analytic Multi-Curve Drift-Freeze	Caplet Vola Analytic Multi-Curve Integrated-Expectation	Caplet Vola Monte-Carlo Multi-Curve	Caplet Value Analytic Single-Curve	Caplet Value Monte-Carlo Single-Curve	Caplet Value Analytic Multi-Curve Fenton-Wilkinson	Caplet Value Analytic Multi-Curve Ju	Caplet Value Analytic Multi-Curve Ho	Caplet Value Analytic Multi-Curve Drift-Freeze	Caplet Value Analytic Multi-Curve Integrated-Expectation	Caplet Value Monte-Carlo Multi-Curve	Swaption Vola Analytic Single-Curve	Swaption Vola Monte-Carlo Single-Curve	Swaption Vola Analytic Multi-Curve Drift-Freeze	Swaption Vola Analytic Multi-Curve Integrated-Expectation	Swaption Vola Monte-Carlo Multi-Curve	Swaption Value Analytic Single-Curve	Swaption Value Monte-Carlo Single-Curve	Swaption Value Analytic Multi-Curve Drift-Freeze	Swaption Value Analytic Multi-Curve Integrated-Expectation	Swaption Value Monte-Carlo Multi-Curve	Swaption Exercise Date	Swaption Number Of Periods	Numeraire Single-Curve	Discount Single-Curve	OIS Spot Rate Single-Curve	Numeraire Multi-Curve	OIS Spot Rate Multi-Curve	LIBOR Spot Rate Multi-Curve	OIS Forward Rate Multi-Curve	LIBOR Forward Rate Multi-Curve	Time
Target (OIS)	0.0000000000E00	8.5119826435E-03	1.7149506539E-01	1.5594782111E-01	1.5794354448E-01	1.5038294273E-01	1.2086888977E-01	1.1832270154E-01	1.1840829764E-01	1.4408388145E-01	2.4172382689E-01	2.4191484568E-01	2.3962265131E-01	2.3977871526E-01	2.4160907399E-01	2.4030887251E-01	2.4030743671E-01	2.3981350824E-01	1.5643711571E-01	1.3669706118E-01	9.3180003256E-02	9.1344766015E-02	1.0951953345E-01	2.0124410008E-01	2.0328073835E-01	1.8756719398E-01	1.8807448100E-01	1.8478923080E-01	1.8364236846E-01	1.2077328931E-01	1.1015351656E73	5.8107629444E-01	2.2139545575E-01	4.9300959983E59	2.2104552872E-01	2.0700482013E-01	2.2086378940E-01	2.0715657786E-01	1.4959999960E-01	
Target (LIBOR)	8.5119826435E-03	0.0000000000E00	1.6583001903E-01	1.5078054619E-01	1.5333827077E-01	1.4612594907E-01	1.1790727983E-01	1.1471213390E-01	1.1479885951E-01	1.3978424234E-01	2.5023580953E-01	2.5042682833E-01	2.4813463396E-01	2.4829069790E-01	2.5012105664E-01	2.4882085516E-01	2.4881941935E-01	2.4832549089E-01	1.4845995484E-01	1.2871990031E-01	8.9331579701E-02	8.7668307645E-02	1.0533719100E-01	2.0975608272E-01	2.1179272099E-01	1.9607917662E-01	1.9658646365E-01	1.9330121344E-01	1.9215435110E-01	1.2753735499E-01	1.1015351656E73	5.7256431179E-01	2.2990743840E-01	4.9300959983E59	2.2955751136E-01	2.1551680278E-01	2.2937577204E-01	2.1566856050E-01	1.5706567099E-01	
Caplet Vola Analytic Single-Curve	1.7149506539E-01	1.6583001903E-01	0.0000000000E00	1.8125404253E-02	1.8660242249E-02	2.7602646967E-02	6.7969911467E-02	6.1512276460E-02	6.1430072710E-02	3.3902004582E-02	4.0441869423E-01	4.0460971302E-01	4.0231751865E-01	4.0247358259E-01	4.0430394133E-01	4.0300373985E-01	4.0300230405E-01	4.0250837558E-01	3.6560387628E-02	4.7133870403E-02	8.2167697440E-02	8.4006850405E-02	6.5266120201E-02	3.6393896741E-01	3.6597560569E-01	3.5026206132E-01	3.5076934834E-01	3.4748409813E-01	3.4633723579E-01	2.7672185118E-01	1.1015351656E73	4.1838142710E-01	3.8409032309E-01	4.9300959983E59	3.8374039606E-01	3.6969968747E-01	3.8355865673E-01	3.6985144520E-01	3.0954236400E-01	
Caplet Vola Monte-Carlo Single-Curve	1.5594782111E-01	1.5078054619E-01	1.8125404253E-02	0.0000000000E00	1.2705743908E-02	2.0605242174E-02	4.9975990600E-02	4.3790897046E-02	4.3735654792E-02	2.1715539093E-02	3.8642477336E-01	3.8661579216E-01	3.8432359778E-01	3.8447966173E-01	3.8631002046E-01	3.8500981898E-01	3.8500838318E-01	3.8451445471E-01	3.3733901418E-02	3.5894287294E-02	6.6366031403E-02	6.8205184368E-02	5.2696725336E-02	3.4594504655E-01	3.4798168482E-01	3.3226814045E-01	3.3277542747E-01	3.2949017727E-01	3.2834331493E-01	2.5872793031E-01	1.1015351656E73	4.3637534796E-01	3.6609640222E-01	4.9300959983E59	3.6574647519E-01	3.5170576661E-01	3.6556473587E-01	3.5185752433E-01	2.9154844313E-01	
Caplet Vola Analytic Multi-Curve Fenton-Wilkinson	1.5794354448E-01	1.5333827077E-01	1.8660242249E-02	1.2705743908E-02	0.0000000000E00	1.0134644580E-02	4.9309669218E-02	4.2852034211E-02	4.2769830461E-02	1.6386286775E-02	3.8575845198E-01	3.8594947077E-01	3.8365727640E-01	3.8381334034E-01	3.8564369908E-01	3.8434349760E-01	3.8434206180E-01	3.8384813333E-01	3.6893987968E-02	3.9502710313E-02	6.8257007205E-02	7.0087332162E-02	5.2064889682E-02	3.4527872517E-01	3.4731536344E-01	3.3160181907E-01	3.3210910609E-01	3.2882385589E-01	3.2767699355E-01	2.5825239800E-01	1.1015351656E73	4.3704166935E-01	3.6543008084E-01	4.9300959983E59	3.6508015381E-01	3.5103944522E-01	3.6489841449E-01	3.5119120295E-01	2.9088212175E-01	
Caplet Vola Analytic Multi-Curve Ju	1.5038294273E-01	1.4612594907E-01	2.7602646967E-02	2.0605242174E-02	1.0134644580E-02	0.0000000000E00	4.0367264499E-02	3.3909629493E-02	3.3827425743E-02	1.1188723860E-02	3.7681604726E-01	3.7700706605E-01	3.7471487168E-01	3.7487093563E-01	3.7670129436E-01	3.7540109288E-01	3.7539965708E-01	3.7490572861E-01	3.9694756037E-02	3.5954335103E-02	6.0330790403E-02	6.2161115360E-02	4.4183531942E-02	3.3633632045E-01	3.3837295872E-01	3.2265941435E-01	3.2316670137E-01	3.1988145117E-01	3.1873458883E-01	2.4975812473E-01	1.1015351656E73	4.4598407407E-01	3.5648767612E-01	4.9300959983E59	3.5613774909E-01	3.4209704050E-01	3.5595600977E-01	3.4224879823E-01	2.8193971703E-01	
Caplet Vola Analytic Multi-Curve Ho	1.2086888977E-01	1.1790727983E-01	6.7969911467E-02	4.9975990600E-02	4.9309669218E-02	4.0367264499E-02	0.0000000000E00	8.4370443695E-03	8.4564319022E-03	3.4067906884E-02	3.3644878276E-01	3.3663980155E-01	3.3434760718E-01	3.3450367113E-01	3.3633402986E-01	3.3503382838E-01	3.3503239258E-01	3.3453846411E-01	6.1883775203E-02	4.5564425740E-02	3.2095363675E-02	3.4295034161E-02	2.8421469117E-02	2.9596905595E-01	2.9800569422E-01	2.8229214985E-01	2.8279943687E-01	2.7951418667E-01	2.7836732433E-01	2.1176211682E-01	1.1015351656E73	4.8635133857E-01	3.1612041162E-01	4.9300959983E59	3.1577048459E-01	3.0172977601E-01	3.1558874527E-01	3.0188153373E-01	2.4157245253E-01	
Caplet Vola Analytic Multi-Curve Drift-Freeze	1.1832270154E-01	1.1471213390E-01	6.1512276460E-02	4.3790897046E-02	4.2852034211E-02	3.3909629493E-02	8.4370443695E-03	0.0000000000E00	9.6020209277E-05	2.8271997789E-02	3.4290641777E-01	3.4309743656E-01	3.4080524219E-01	3.4096130613E-01	3.4279166487E-01	3.4149146339E-01	3.4149002759E-01	3.4099609912E-01	5.5129959713E-02	4.0029075505E-02	2.8633404931E-02	3.0615796377E-02	2.3745558475E-02	3.0242669095E-01	3.0446332923E-01	2.8874978486E-01	2.8925707188E-01	2.8597182167E-01	2.8482495933E-01	2.1663502266E-01	1.1015351656E73	4.7989370356E-01	3.2257804663E-01	4.9300959983E59	3.2222811960E-01	3.0818741101E-01	3.2204638027E-01	3.0833916874E-01	2.4803008754E-01	
Caplet Vola Analytic Multi-Curve Integrated-Expectation	1.1840829764E-01	1.1479885951E-01	6.1430072710E-02	4.3735654792E-02	4.2769830461E-02	3.3827425743E-02	8.4564319022E-03	9.6020209277E-05	0.0000000000E00	2.8202792056E-02	3.4298862152E-01	3.4317964031E-01	3.4088744594E-01	3.4104350988E-01	3.4287386862E-01	3.4157366714E-01	3.4157223134E-01	3.4107830287E-01	5.5062249923E-02	4.0001793070E-02	2.8722574766E-02	3.0689627726E-02	2.3740390904E-02	3.0250889470E-01	3.0454553298E-01	2.8883198861E-01	2.8933927563E-01	2.8605402542E-01	2.8490716308E-01	2.1671835591E-01	1.1015351656E73	4.7981149981E-01	3.2266025038E-01	4.9300959983E59	3.2231032335E-01	3.0826961476E-01	3.2212858402E-01	3.0842137249E-01	2.4811229129E-01	
Caplet Vola Monte-Carlo Multi-Curve	1.4408388145E-01	1.3978424234E-01	3.3902004582E-02	2.1715539093E-02	1.6386286775E-02	1.1188723860E-02	3.4067906884E-02	2.8271997789E-02	2.8202792056E-02	0.0000000000E00	3.7051668965E-01	3.7070770844E-01	3.6841551407E-01	3.6857157801E-01	3.7040193675E-01	3.6910173527E-01	3.6910029947E-01	3.6860637100E-01	4.2342378297E-02	3.5299540014E-02	5.4249685776E-02	5.6080010733E-02	4.0727830578E-02	3.3003696283E-01	3.3207360111E-01	3.1636005673E-01	3.1686734376E-01	3.1358209355E-01	3.1243523121E-01	2.4340767466E-01	1.1015351656E73	4.5228343168E-01	3.5018831851E-01	4.9300959983E59	3.4983839148E-01	3.3579768289E-01	3.4965665215E-01	3.3594944061E-01	2.7564035942E-01	
Caplet Value Analytic Single-Curve	2.4172382689E-01	2.5023580953E-01	4.0441869423E-01	3.8642477336E-01	3.8575845198E-01	3.7681604726E-01	3.3644878276E-01	3.4290641777E-01	3.4298862152E-01	3.7051668965E-01	0.0000000000E00	1.9262749736E-04	2.1011755795E-03	1.9451116359E-03	8.0774340370E-04	1.4149543797E-03	1.4163901817E-03	1.9103186495E-03	3.9716952768E-01	3.7710382005E-01	3.2907783175E-01	3.2716292050E-01	3.4577717834E-01	4.0479726815E-02	3.8443088542E-02	5.4156632913E-02	5.3649345888E-02	5.6934596094E-02	5.8081458434E-02	1.2769684305E-01	1.1015351656E73	8.2280012133E-01	2.0328371139E-02	4.9300959983E59	2.0678298171E-02	3.4719006757E-02	2.0860037494E-02	3.4567249033E-02	9.4876330229E-02	
Caplet Value Monte-Carlo Single-Curve	2.4191484568E-01	2.5042682833E-01	4.0460971302E-01	3.8661579216E-01	3.8594947077E-01	3.7700706605E-01	3.3663980155E-01	3.4309743656E-01	3.4317964031E-01	3.7070770844E-01	1.9262749736E-04	0.0000000000E00	2.2921943720E-03	2.1361304284E-03	7.6519563860E-04	1.6059731722E-03	1.6074089743E-03	2.1013374420E-03	3.9736054647E-01	3.7729483884E-01	3.2926885054E-01	3.2735393929E-01	3.4596819713E-01	4.0670745607E-02	3.8634107334E-02	5.4347651706E-02	5.3840364680E-02	5.7125614887E-02	5.8272477227E-02	1.2788786184E-01	1.1015351656E73	8.2299114012E-01	2.0519389931E-02	4.9300959983E59	2.0869316963E-02	3.4910025549E-02	2.1051056287E-02	3.4758267825E-02	9.5067349022E-02	
Caplet Value Analytic Multi-Curve Fenton-Wilkinson	2.3962265131E-01	2.4813463396E-01	4.0231751865E-01	3.8432359778E-01	3.8365727640E-01	3.7471487168E-01	3.3434760718E-01	3.4080524219E-01	3.4088744594E-01	3.6841551407E-01	2.1011755795E-03	2.2921943720E-03	0.0000000000E00	1.7255406642E-04	1.9864226811E-03	6.8660497931E-04	6.8516880014E-04	2.2497549413E-04	3.9506835210E-01	3.7500264447E-01	3.2697665617E-01	3.2506174492E-01	3.4367600276E-01	3.8488242933E-02	3.6482125546E-02	5.2055457334E-02	5.1548170308E-02	5.4833420515E-02	5.5980282855E-02	1.2559566747E-01	1.1015351656E73	8.2069894575E-01	1.8227195559E-02	4.9300959983E59	1.8577122591E-02	3.2617831177E-02	1.8758861915E-02	3.2466073453E-02	9.2775154650E-02	
Caplet Value Analytic Multi-Curve Ju	2.3977871526E-01	2.4829069790E-01	4.0247358259E-01	3.8447966173E-01	3.8381334034E-01	3.7487093563E-01	3.3450367113E-01	3.4096130613E-01	3.4104350988E-01	3.6857157801E-01	1.9451116359E-03	2.1361304284E-03	1.7255406642E-04	0.0000000000E00	1.8303587375E-03	5.3131896051E-04	5.2988184226E-04	1.7105371260E-04	3.9522441604E-01	3.7515870841E-01	3.2713272011E-01	3.2521780886E-01	3.4383206670E-01	3.8619953092E-02	3.6613835705E-02	5.2211521277E-02	5.1704234252E-02	5.4989484458E-02	5.6136346799E-02	1.2575173141E-01	1.1015351656E73	8.2085500969E-01	1.8383259503E-02	4.9300959983E59	1.8733186535E-02	3.2773895121E-02	1.8914925858E-02	3.2622137397E-02	9.2931218593E-02	
Caplet Value Analytic Multi-Curve Ho	2.4160907399E-01	2.5012105664E-01	4.0430394133E-01	3.8631002046E-01	3.8564369908E-01	3.7670129436E-01	3.3633402986E-01	3.4279166487E-01	3.4287386862E-01	3.7040193675E-01	8.0774340370E-04	7.6519563860E-04	1.9864226811E-03	1.8303587375E-03	0.0000000000E00	1.3002014813E-03	1.3016372833E-03	1.7955657511E-03	3.9705477478E-01	3.7698906715E-01	3.2896307885E-01	3.2704816760E-01	3.4566242544E-01	4.0377383027E-02	3.8349223737E-02	5.4041880015E-02	5.3534592990E-02	5.6819843196E-02	5.7966705536E-02	1.2758209015E-01	1.1015351656E73	8.2268536843E-01	2.0213618240E-02	4.9300959983E59	2.0563545272E-02	3.4604253858E-02	2.0745284596E-02	3.4452496134E-02	9.4761577331E-02	
Caplet Value Analytic Multi-Curve Drift-Freeze	2.4030887251E-01	2.4882085516E-01	4.0300373985E-01	3.8500981898E-01	3.8434349760E-01	3.7540109288E-01	3.3503382838E-01	3.4149146339E-01	3.4157366714E-01	3.6910173527E-01	1.4149543797E-03	1.6059731722E-03	6.8660497931E-04	5.3131896051E-04	1.3002014813E-03	0.0000000000E00	1.6451192034E-06	5.0356062448E-04	3.9575457330E-01	3.7568886567E-01	3.2766287737E-01	3.2574796612E-01	3.4436222396E-01	3.9115928484E-02	3.7100504817E-02	5.2741678533E-02	5.2234391508E-02	5.5519641714E-02	5.6666504055E-02	1.2628188867E-01	1.1015351656E73	8.2138516695E-01	1.8913416759E-02	4.9300959983E59	1.9263343791E-02	3.3304052377E-02	1.9445083115E-02	3.3152294653E-02	9.3461375850E-02	
Caplet Value Analytic Multi-Curve Integrated-Expectation	2.4030743671E-01	2.4881941935E-01	4.0300230405E-01	3.8500838318E-01	3.8434206180E-01	3.7539965708E-01	3.3503239258E-01	3.4149002759E-01	3.4157223134E-01	3.6910029947E-01	1.4163901817E-03	1.6074089743E-03	6.8516880014E-04	5.2988184226E-04	1.3016372833E-03	1.6451192034E-06	0.0000000000E00	5.0231194110E-04	3.9575313749E-01	3.7568742987E-01	3.2766144157E-01	3.2574653032E-01	3.4436078816E-01	3.9114474360E-02	3.7099057950E-02	5.2740242731E-02	5.2232955706E-02	5.5518205912E-02	5.6665068253E-02	1.2628045287E-01	1.1015351656E73	8.2138373115E-01	1.8911980957E-02	4.9300959983E59	1.9261907989E-02	3.3302616575E-02	1.9443647313E-02	3.3150858851E-02	9.3459940048E-02	
Caplet Value Monte-Carlo Multi-Curve	2.3981350824E-01	2.4832549089E-01	4.0250837558E-01	3.8451445471E-01	3.8384813333E-01	3.7490572861E-01	3.3453846411E-01	3.4099609912E-01	3.4107830287E-01	3.6860637100E-01	1.9103186495E-03	2.1013374420E-03	2.2497549413E-04	1.7105371260E-04	1.7955657511E-03	5.0356062448E-04	5.0231194110E-04	0.0000000000E00	3.9525920903E-01	3.7519350140E-01	3.2716751310E-01	3.2525260185E-01	3.4386685969E-01	3.8656615326E-02	3.6650497939E-02	5.2246314264E-02	5.1739027238E-02	5.5024277445E-02	5.6171139785E-02	1.2578652440E-01	1.1015351656E73	8.2088980268E-01	1.8418052489E-02	4.9300959983E59	1.8767979521E-02	3.2808688107E-02	1.8949718845E-02	3.2656930383E-02	9.2966011580E-02	
Swaption Vola Analytic Single-Curve	1.5643711571E-01	1.4845995484E-01	3.6560387628E-02	3.3733901418E-02	3.6893987968E-02	3.9694756037E-02	6.1883775203E-02	5.5129959713E-02	5.5062249923E-02	4.2342378297E-02	3.9716952768E-01	3.9736054647E-01	3.9506835210E-01	3.9522441604E-01	3.9705477478E-01	3.9575457330E-01	3.9575313749E-01	3.9525920903E-01	0.0000000000E00	2.0065707626E-02	6.8091695925E-02	7.0006607179E-02	5.1392349338E-02	3.5668980086E-01	3.5872643913E-01	3.4301289476E-01	3.4352018179E-01	3.4023493158E-01	3.3908806924E-01	2.6947268463E-01	1.1015351656E73	4.2563059365E-01	3.7684115654E-01	4.9300959983E59	3.7649122951E-01	3.6245052092E-01	3.7630949018E-01	3.6260227864E-01	3.0229319745E-01	
Swaption Vola Monte-Carlo Single-Curve	1.3669706118E-01	1.2871990031E-01	4.7133870403E-02	3.5894287294E-02	3.9502710313E-02	3.5954335103E-02	4.5564425740E-02	4.0029075505E-02	4.0001793070E-02	3.5299540014E-02	3.7710382005E-01	3.7729483884E-01	3.7500264447E-01	3.7515870841E-01	3.7698906715E-01	3.7568886567E-01	3.7568742987E-01	3.7519350140E-01	2.0065707626E-02	0.0000000000E00	4.8025988300E-02	4.9940899553E-02	3.2521578796E-02	3.3662409324E-01	3.3866073151E-01	3.2294718714E-01	3.2345447416E-01	3.2016922396E-01	3.1902236162E-01	2.5017602411E-01	1.1015351656E73	4.4569630128E-01	3.5677544891E-01	4.9300959983E59	3.5642552188E-01	3.4238481329E-01	3.5624378256E-01	3.4253657102E-01	2.8222748982E-01	
Swaption Vola Analytic Multi-Curve Drift-Freeze	9.3180003256E-02	8.9331579701E-02	8.2167697440E-02	6.6366031403E-02	6.8257007205E-02	6.0330790403E-02	3.2095363675E-02	2.8633404931E-02	2.8722574766E-02	5.4249685776E-02	3.2907783175E-01	3.2926885054E-01	3.2697665617E-01	3.2713272011E-01	3.2896307885E-01	3.2766287737E-01	3.2766144157E-01	3.2716751310E-01	6.8091695925E-02	4.8025988300E-02	0.0000000000E00	2.8467551325E-03	1.7216385151E-02	2.8859810494E-01	2.9063474321E-01	2.7492119884E-01	2.7542848586E-01	2.7214323566E-01	2.7099637332E-01	2.0478018368E-01	1.1015351656E73	4.9372228958E-01	3.0874946061E-01	4.9300959983E59	3.0839953358E-01	2.9435882499E-01	3.0821779426E-01	2.9451058272E-01	2.3420150152E-01	
Swaption Vola Analytic Multi-Curve Integrated-Expectation	9.1344766015E-02	8.7668307645E-02	8.4006850405E-02	6.8205184368E-02	7.0087332162E-02	6.2161115360E-02	3.4295034161E-02	3.0615796377E-02	3.0689627726E-02	5.6080010733E-02	3.2716292050E-01	3.2735393929E-01	3.2506174492E-01	3.2521780886E-01	3.2704816760E-01	3.2574796612E-01	3.2574653032E-01	3.2525260185E-01	7.0006607179E-02	4.9940899553E-02	2.8467551325E-03	0.0000000000E00	1.9145936132E-02	2.8668319368E-01	2.8871983196E-01	2.7300628758E-01	2.7351357461E-01	2.7022832440E-01	2.6908146206E-01	2.0305073349E-01	1.1015351656E73	4.9563720083E-01	3.0683454936E-01	4.9300959983E59	3.0648462233E-01	2.9244391374E-01	3.0630288300E-01	2.9259567146E-01	2.3228659027E-01	
Swaption Vola Monte-Carlo Multi-Curve	1.0951953345E-01	1.0533719100E-01	6.5266120201E-02	5.2696725336E-02	5.2064889682E-02	4.4183531942E-02	2.8421469117E-02	2.3745558475E-02	2.3740390904E-02	4.0727830578E-02	3.4577717834E-01	3.4596819713E-01	3.4367600276E-01	3.4383206670E-01	3.4566242544E-01	3.4436222396E-01	3.4436078816E-01	3.4386685969E-01	5.1392349338E-02	3.2521578796E-02	1.7216385151E-02	1.9145936132E-02	0.0000000000E00	3.0529745152E-01	3.0733408980E-01	2.9162054542E-01	2.9212783245E-01	2.8884258224E-01	2.8769571990E-01	2.2096068019E-01	1.1015351656E73	4.7702294299E-01	3.2544880720E-01	4.9300959983E59	3.2509888017E-01	3.1105817158E-01	3.2491714084E-01	3.1120992931E-01	2.5090084811E-01	
Swaption Value Analytic Single-Curve	2.0124410008E-01	2.0975608272E-01	3.6393896741E-01	3.4594504655E-01	3.4527872517E-01	3.3633632045E-01	2.9596905595E-01	3.0242669095E-01	3.0250889470E-01	3.3003696283E-01	4.0479726815E-02	4.0670745607E-02	3.8488242933E-02	3.8619953092E-02	4.0377383027E-02	3.9115928484E-02	3.9114474360E-02	3.8656615326E-02	3.5668980086E-01	3.3662409324E-01	2.8859810494E-01	2.8668319368E-01	3.0529745152E-01	0.0000000000E00	2.0366382729E-03	1.3676906099E-02	1.3169619073E-02	1.6454869279E-02	3.9957895945E-02	8.7217116235E-02	1.1015351656E73	7.8232039451E-01	2.6730163155E-02	4.9300959983E59	2.6555623062E-02	2.1748798968E-02	2.6438828128E-02	2.1817793205E-02	5.5097748186E-02	
Swaption Value Monte-Carlo Single-Curve	2.0328073835E-01	2.1179272099E-01	3.6597560569E-01	3.4798168482E-01	3.4731536344E-01	3.3837295872E-01	2.9800569422E-01	3.0446332923E-01	3.0454553298E-01	3.3207360111E-01	3.8443088542E-02	3.8634107334E-02	3.6482125546E-02	3.6613835705E-02	3.8349223737E-02	3.7100504817E-02	3.7099057950E-02	3.6650497939E-02	3.5872643913E-01	3.3866073151E-01	2.9063474321E-01	2.8871983196E-01	3.0733408980E-01	2.0366382729E-03	0.0000000000E00	1.5713544371E-02	1.5206257346E-02	1.8491507552E-02	3.9312372704E-02	8.9253754508E-02	1.1015351656E73	7.8435703279E-01	2.4966935487E-02	4.9300959983E59	2.4792395393E-02	2.0651696207E-02	2.4675600459E-02	2.0814225340E-02	5.6581962760E-02	
Swaption Value Analytic Multi-Curve Drift-Freeze	1.8756719398E-01	1.9607917662E-01	3.5026206132E-01	3.3226814045E-01	3.3160181907E-01	3.2265941435E-01	2.8229214985E-01	2.8874978486E-01	2.8883198861E-01	3.1636005673E-01	5.4156632913E-02	5.4347651706E-02	5.2055457334E-02	5.2211521277E-02	5.4041880015E-02	5.2741678533E-02	5.2740242731E-02	5.2246314264E-02	3.4301289476E-01	3.2294718714E-01	2.7492119884E-01	2.7300628758E-01	2.9162054542E-01	1.3676906099E-02	1.5713544371E-02	0.0000000000E00	5.4051556564E-04	2.7905202503E-03	4.5368504649E-02	7.3540210137E-02	1.1015351656E73	7.6864348841E-01	3.8782987691E-02	4.9300959983E59	3.8574855734E-02	3.0660691595E-02	3.8443508314E-02	3.0678566787E-02	5.0443431079E-02	
Swaption Value Analytic Multi-Curve Integrated-Expectation	1.8807448100E-01	1.9658646365E-01	3.5076934834E-01	3.3277542747E-01	3.3210910609E-01	3.2316670137E-01	2.8279943687E-01	2.8925707188E-01	2.8933927563E-01	3.1686734376E-01	5.3649345888E-02	5.3840364680E-02	5.1548170308E-02	5.1704234252E-02	5.3534592990E-02	5.2234391508E-02	5.2232955706E-02	5.1739027238E-02	3.4352018179E-01	3.2345447416E-01	2.7542848586E-01	2.7351357461E-01	2.9212783245E-01	1.3169619073E-02	1.5206257346E-02	5.4051556564E-04	0.0000000000E00	3.2984955549E-03	4.5112903436E-02	7.4047497162E-02	1.1015351656E73	7.6915077544E-01	3.8257885778E-02	4.9300959983E59	3.8049753822E-02	3.0176807069E-02	3.7918406401E-02	3.0194529551E-02	5.0600385042E-02	
Swaption Value Monte-Carlo Multi-Curve	1.8478923080E-01	1.9330121344E-01	3.4748409813E-01	3.2949017727E-01	3.2882385589E-01	3.1988145117E-01	2.7951418667E-01	2.8597182167E-01	2.8605402542E-01	3.1358209355E-01	5.6934596094E-02	5.7125614887E-02	5.4833420515E-02	5.4989484458E-02	5.6819843196E-02	5.5519641714E-02	5.5518205912E-02	5.5024277445E-02	3.4023493158E-01	3.2016922396E-01	2.7214323566E-01	2.7022832440E-01	2.8884258224E-01	1.6454869279E-02	1.8491507552E-02	2.7905202503E-03	3.2984955549E-03	0.0000000000E00	4.5555139812E-02	7.0764443130E-02	1.1015351656E73	7.6586552523E-01	4.1279639702E-02	4.9300959983E59	4.1071507746E-02	3.2998542058E-02	4.0940160325E-02	3.3083087632E-02	4.8871254595E-02	
Swaption Exercise Date	1.8364236846E-01	1.9215435110E-01	3.4633723579E-01	3.2834331493E-01	3.2767699355E-01	3.1873458883E-01	2.7836732433E-01	2.8482495933E-01	2.8490716308E-01	3.1243523121E-01	5.8081458434E-02	5.8272477227E-02	5.5980282855E-02	5.6136346799E-02	5.7966705536E-02	5.6666504055E-02	5.6665068253E-02	5.6171139785E-02	3.3908806924E-01	3.1902236162E-01	2.7099637332E-01	2.6908146206E-01	2.8769571990E-01	3.9957895945E-02	3.9312372704E-02	4.5368504649E-02	4.5112903436E-02	4.5555139812E-02	0.0000000000E00	1.0858974359E-01	1.1015351656E73	7.6471866289E-01	3.8936871471E-02	4.9300959983E59	3.8652458055E-02	3.3811739978E-02	3.8445352564E-02	3.3916096866E-02	3.7051282051E-02	
Swaption Number Of Periods	1.2077328931E-01	1.2753735499E-01	2.7672185118E-01	2.5872793031E-01	2.5825239800E-01	2.4975812473E-01	2.1176211682E-01	2.1663502266E-01	2.1671835591E-01	2.4340767466E-01	1.2769684305E-01	1.2788786184E-01	1.2559566747E-01	1.2575173141E-01	1.2758209015E-01	1.2628188867E-01	1.2628045287E-01	1.2578652440E-01	2.6947268463E-01	2.5017602411E-01	2.0478018368E-01	2.0305073349E-01	2.2096068019E-01	8.7217116235E-02	8.9253754508E-02	7.3540210137E-02	7.4047497162E-02	7.0764443130E-02	1.0858974359E-01	0.0000000000E00	1.1015351656E73	6.9510327828E-01	1.1047230982E-01	4.9300959983E59	1.1024507884E-01	9.9992423846E-02	1.1011560083E-01	1.0009511317E-01	1.0153846154E-01	
Numeraire Single-Curve	1.1015351656E73	1.1015351656E73	1.1015351656E73	1.1015351656E73	1.1015351656E73	1.1015351656E73	1.1015351656E73	1.1015351656E73	1.1015351656E73	1.1015351656E73	1.1015351656E73	1.1015351656E73	1.1015351656E73	1.1015351656E73	1.1015351656E73	1.1015351656E73	1.1015351656E73	1.1015351656E73	1.1015351656E73	1.1015351656E73	1.1015351656E73	1.1015351656E73	1.1015351656E73	1.1015351656E73	1.1015351656E73	1.1015351656E73	1.1015351656E73	1.1015351656E73	1.1015351656E73	1.1015351656E73	0.0000000000E00	1.1015351656E73	1.1015351656E73	1.1015351656E73	1.1015351656E73	1.1015351656E73	1.1015351656E73	1.1015351656E73	1.1015351656E73	
Discount Single-Curve	5.8107629444E-01	5.7256431179E-01	4.1838142710E-01	4.3637534796E-01	4.3704166935E-01	4.4598407407E-01	4.8635133857E-01	4.7989370356E-01	4.7981149981E-01	4.5228343168E-01	8.2280012133E-01	8.2299114012E-01	8.2069894575E-01	8.2085500969E-01	8.2268536843E-01	8.2138516695E-01	8.2138373115E-01	8.2088980268E-01	4.2563059365E-01	4.4569630128E-01	4.9372228958E-01	4.9563720083E-01	4.7702294299E-01	7.8232039451E-01	7.8435703279E-01	7.6864348841E-01	7.6915077544E-01	7.6586552523E-01	7.6471866289E-01	6.9510327828E-01	1.1015351656E73	0.0000000000E00	8.0247175019E-01	4.9300959983E59	8.0212182316E-01	7.8808111457E-01	8.0194008383E-01	7.8823287229E-01	7.2792379110E-01	
OIS Spot Rate Single-Curve	2.2139545575E-01	2.2990743840E-01	3.8409032309E-01	3.6609640222E-01	3.6543008084E-01	3.5648767612E-01	3.1612041162E-01	3.2257804663E-01	3.2266025038E-01	3.5018831851E-01	2.0328371139E-02	2.0519389931E-02	1.8227195559E-02	1.8383259503E-02	2.0213618240E-02	1.8913416759E-02	1.8911980957E-02	1.8418052489E-02	3.7684115654E-01	3.5677544891E-01	3.0874946061E-01	3.0683454936E-01	3.2544880720E-01	2.6730163155E-02	2.4966935487E-02	3.8782987691E-02	3.8257885778E-02	4.1279639702E-02	3.8936871471E-02	1.1047230982E-01	1.1015351656E73	8.0247175019E-01	0.0000000000E00	4.9300959983E59	5.1549669172E-04	1.4390635618E-02	5.3166635549E-04	1.4238877894E-02	7.4600841951E-02	
Numeraire Multi-Curve	4.9300959983E59	4.9300959983E59	4.9300959983E59	4.9300959983E59	4.9300959983E59	4.9300959983E59	4.9300959983E59	4.9300959983E59	4.9300959983E59	4.9300959983E59	4.9300959983E59	4.9300959983E59	4.9300959983E59	4.9300959983E59	4.9300959983E59	4.9300959983E59	4.9300959983E59	4.9300959983E59	4.9300959983E59	4.9300959983E59	4.9300959983E59	4.9300959983E59	4.9300959983E59	4.9300959983E59	4.9300959983E59	4.9300959983E59	4.9300959983E59	4.9300959983E59	4.9300959983E59	4.9300959983E59	1.1015351656E73	4.9300959983E59	4.9300959983E59	0.0000000000E00	4.9300959983E59	4.9300959983E59	4.9300959983E59	4.9300959983E59	4.9300959983E59	
OIS Spot Rate Multi-Curve	2.2104552872E-01	2.2955751136E-01	3.8374039606E-01	3.6574647519E-01	3.6508015381E-01	3.5613774909E-01	3.1577048459E-01	3.2222811960E-01	3.2231032335E-01	3.4983839148E-01	2.0678298171E-02	2.0869316963E-02	1.8577122591E-02	1.8733186535E-02	2.0563545272E-02	1.9263343791E-02	1.9261907989E-02	1.8767979521E-02	3.7649122951E-01	3.5642552188E-01	3.0839953358E-01	3.0648462233E-01	3.2509888017E-01	2.6555623062E-02	2.4792395393E-02	3.8574855734E-02	3.8049753822E-02	4.1071507746E-02	3.8652458055E-02	1.1024507884E-01	1.1015351656E73	8.0212182316E-01	5.1549669172E-04	4.9300959983E59	0.0000000000E00	1.4040708586E-02	2.9676035826E-04	1.3888950862E-02	7.4251312654E-02	
LIBOR Spot Rate Multi-Curve	2.0700482013E-01	2.1551680278E-01	3.6969968747E-01	3.5170576661E-01	3.5103944522E-01	3.4209704050E-01	3.0172977601E-01	3.0818741101E-01	3.0826961476E-01	3.3579768289E-01	3.4719006757E-02	3.4910025549E-02	3.2617831177E-02	3.2773895121E-02	3.4604253858E-02	3.3304052377E-02	3.3302616575E-02	3.2808688107E-02	3.6245052092E-01	3.4238481329E-01	2.9435882499E-01	2.9244391374E-01	3.1105817158E-01	2.1748798968E-02	2.0651696207E-02	3.0660691595E-02	3.0176807069E-02	3.2998542058E-02	3.3811739978E-02	9.9992423846E-02	1.1015351656E73	7.8808111457E-01	1.4390635618E-02	4.9300959983E59	1.4040708586E-02	0.0000000000E00	1.3858969263E-02	4.6261606884E-04	6.1842530799E-02	
OIS Forward Rate Multi-Curve	2.2086378940E-01	2.2937577204E-01	3.8355865673E-01	3.6556473587E-01	3.6489841449E-01	3.5595600977E-01	3.1558874527E-01	3.2204638027E-01	3.2212858402E-01	3.4965665215E-01	2.0860037494E-02	2.1051056287E-02	1.8758861915E-02	1.8914925858E-02	2.0745284596E-02	1.9445083115E-02	1.9443647313E-02	1.8949718845E-02	3.7630949018E-01	3.5624378256E-01	3.0821779426E-01	3.0630288300E-01	3.2491714084E-01	2.6438828128E-02	2.4675600459E-02	3.8443508314E-02	3.7918406401E-02	4.0940160325E-02	3.8445352564E-02	1.1011560083E-01	1.1015351656E73	8.0194008383E-01	5.3166635549E-04	4.9300959983E59	2.9676035826E-04	1.3858969263E-02	0.0000000000E00	1.3707211538E-02	7.4069898504E-02	
LIBOR Forward Rate Multi-Curve	2.0715657786E-01	2.1566856050E-01	3.6985144520E-01	3.5185752433E-01	3.5119120295E-01	3.4224879823E-01	3.0188153373E-01	3.0833916874E-01	3.0842137249E-01	3.3594944061E-01	3.4567249033E-02	3.4758267825E-02	3.2466073453E-02	3.2622137397E-02	3.4452496134E-02	3.3152294653E-02	3.3150858851E-02	3.2656930383E-02	3.6260227864E-01	3.4253657102E-01	2.9451058272E-01	2.9259567146E-01	3.1120992931E-01	2.1817793205E-02	2.0814225340E-02	3.0678566787E-02	3.0194529551E-02	3.3083087632E-02	3.3916096866E-02	1.0009511317E-01	1.1015351656E73	7.8823287229E-01	1.4238877894E-02	4.9300959983E59	1.3888950862E-02	4.6261606884E-04	1.3707211538E-02	0.0000000000E00	6.1990170940E-02	
Time	1.4959999960E-01	1.5706567099E-01	3.0954236400E-01	2.9154844313E-01	2.9088212175E-01	2.8193971703E-01	2.4157245253E-01	2.4803008754E-01	2.4811229129E-01	2.7564035942E-01	9.4876330229E-02	9.5067349022E-02	9.2775154650E-02	9.2931218593E-02	9.4761577331E-02	9.3461375850E-02	9.3459940048E-02	9.2966011580E-02	3.0229319745E-01	2.8222748982E-01	2.3420150152E-01	2.3228659027E-01	2.5090084811E-01	5.5097748186E-02	5.6581962760E-02	5.0443431079E-02	5.0600385042E-02	4.8871254595E-02	3.7051282051E-02	1.0153846154E-01	1.1015351656E73	7.2792379110E-01	7.4600841951E-02	4.9300959983E59	7.4251312654E-02	6.1842530799E-02	7.4069898504E-02	6.1990170940E-02	0.0000000000E00	
