	Target (OIS)	Target (LIBOR)	Caplet Vola Analytic Single-Curve	Caplet Vola Monte-Carlo Single-Curve	Caplet Vola Analytic Multi-Curve Fenton-Wilkinson	Caplet Vola Analytic Multi-Curve Ju	Caplet Vola Analytic Multi-Curve Ho	Caplet Vola Analytic Multi-Curve Drift-Freeze	Caplet Vola Analytic Multi-Curve Integrated-Expectation	Caplet Vola Monte-Carlo Multi-Curve	Caplet Value Analytic Single-Curve	Caplet Value Monte-Carlo Single-Curve	Caplet Value Analytic Multi-Curve Fenton-Wilkinson	Caplet Value Analytic Multi-Curve Ju	Caplet Value Analytic Multi-Curve Ho	Caplet Value Analytic Multi-Curve Drift-Freeze	Caplet Value Analytic Multi-Curve Integrated-Expectation	Caplet Value Monte-Carlo Multi-Curve	Swaption Vola Analytic Single-Curve	Swaption Vola Monte-Carlo Single-Curve	Swaption Vola Analytic Multi-Curve Drift-Freeze	Swaption Vola Analytic Multi-Curve Integrated-Expectation	Swaption Vola Monte-Carlo Multi-Curve	Swaption Value Analytic Single-Curve	Swaption Value Monte-Carlo Single-Curve	Swaption Value Analytic Multi-Curve Drift-Freeze	Swaption Value Analytic Multi-Curve Integrated-Expectation	Swaption Value Monte-Carlo Multi-Curve	Swaption Exercise Date	Swaption Number Of Periods	Numeraire Single-Curve	Discount Single-Curve	OIS Spot Rate Single-Curve	Numeraire Multi-Curve	OIS Spot Rate Multi-Curve	LIBOR Spot Rate Multi-Curve	OIS Forward Rate Multi-Curve	LIBOR Forward Rate Multi-Curve	Time
Target (OIS)	0.0000000000E00	9.0023865436E-02	1.1506728268E00	1.1515313243E00	1.1688343101E00	1.1698861958E00	?	1.1714404363E00	1.1714404363E00	1.1745304078E00	1.5267704810E00	1.5267765147E00	1.5265649482E00	1.5265749886E00	?	1.5265878132E00	1.5265878132E00	1.5266285026E00	1.2440146092E00	1.2481283509E00	1.2593495410E00	1.2647358924E00	1.2628090416E00	1.5061775393E00	1.5066369812E00	1.5051065906E00	1.5059456035E00	1.5056039795E00	1.4754760927E00	1.4030554619E00	1.2337409234E09	6.8185141614E-01	1.5089920512E00	6.0375861750E04	1.5090963373E00	1.5071945637E00	1.5090179348E00	1.5071202849E00	1.4425414327E00	
Target (LIBOR)	9.0023865436E-02	0.0000000000E00	1.2406604139E00	1.2415207853E00	1.2588275665E00	1.2598804708E00	?	1.2614357101E00	1.2614357101E00	1.2645269001E00	1.6167942691E00	1.6168003024E00	1.6165887383E00	1.6165987790E00	?	1.6166116038E00	1.6166116038E00	1.6166522951E00	1.3338917666E00	1.3380079052E00	1.3492507591E00	1.3546365526E00	1.3527199100E00	1.5961955598E00	1.5966552785E00	1.5951243675E00	1.5959640675E00	1.5956221547E00	1.5654441479E00	1.4928898567E00	1.2337409233E09	7.7152346945E-01	1.5990131031E00	6.0375839360E04	1.5991174148E00	1.5972159012E00	1.5990389988E00	1.5971416093E00	1.5324607691E00	
Caplet Vola Analytic Single-Curve	1.1506728268E00	1.2406604139E00	0.0000000000E00	3.5819021008E-03	2.4168889292E-02	2.5002560151E-02	?	2.6555239736E-02	2.6555239736E-02	2.8262797789E-02	3.7817455279E-01	3.7818118537E-01	3.7796408793E-01	3.7797422888E-01	?	3.7798720669E-01	3.7798720669E-01	3.7802707645E-01	1.3745210789E-01	1.4000256124E-01	1.4464646171E-01	1.4871719926E-01	1.4553412974E-01	3.5783148739E-01	3.5827526048E-01	3.5675455151E-01	3.5754512362E-01	3.5720983220E-01	3.3288800091E-01	2.6066037836E-01	1.2337409236E09	4.7407567774E-01	3.6092553306E-01	6.0376151934E04	3.6102540088E-01	3.5907584804E-01	3.6094883040E-01	3.5900331284E-01	3.0419575327E-01	
Caplet Vola Monte-Carlo Single-Curve	1.1515313243E00	1.2415207853E00	3.5819021008E-03	0.0000000000E00	2.3899577026E-02	2.4655588309E-02	?	2.6145434089E-02	2.6145434089E-02	2.7673145745E-02	3.7721630377E-01	3.7722265078E-01	3.7700598113E-01	3.7701611006E-01	?	3.7702907777E-01	3.7702907777E-01	3.7706896198E-01	1.3639104948E-01	1.3893305556E-01	1.4359601932E-01	1.4767622582E-01	1.4447295465E-01	3.5685691952E-01	3.5730157352E-01	3.5577930565E-01	3.5657176539E-01	3.5623601631E-01	3.3194736667E-01	2.5982227057E-01	1.2337409236E09	4.7495763725E-01	3.5995872671E-01	6.0376152852E04	3.6005949168E-01	3.5811012535E-01	3.5998280180E-01	3.5803750447E-01	3.0324789065E-01	
Caplet Vola Analytic Multi-Curve Fenton-Wilkinson	1.1688343101E00	1.2588275665E00	2.4168889292E-02	2.3899577026E-02	0.0000000000E00	1.2819450606E-03	?	3.0132005787E-03	3.0132005787E-03	7.4829161872E-03	3.5972501530E-01	3.5973164254E-01	3.5951574160E-01	3.5952602261E-01	?	3.5953913814E-01	3.5953913814E-01	3.5957999514E-01	1.2413807769E-01	1.2663982279E-01	1.2867033561E-01	1.3290434464E-01	1.2986024116E-01	3.3893978931E-01	3.3939597425E-01	3.3785620214E-01	3.3867364687E-01	3.3833247114E-01	3.1287754348E-01	2.4240342745E-01	1.2337409236E09	4.9112413102E-01	3.4204164105E-01	6.0376152519E04	3.4214413331E-01	3.4021504240E-01	3.4206586347E-01	3.4014084585E-01	2.8324893542E-01	
Caplet Vola Analytic Multi-Curve Ju	1.1698861958E00	1.2598804708E00	2.5002560151E-02	2.4655588309E-02	1.2819450606E-03	0.0000000000E00	?	1.7815541257E-03	1.7815541257E-03	6.3910896132E-03	3.5861907081E-01	3.5862568513E-01	3.5840991758E-01	3.5842019039E-01	?	3.5843329674E-01	3.5843329674E-01	3.5847413580E-01	1.2316509269E-01	1.2564704988E-01	1.2762638412E-01	1.3185467161E-01	1.2879731768E-01	3.3783005719E-01	3.3828627952E-01	3.3674680732E-01	3.3756462658E-01	3.3722340133E-01	3.1172818058E-01	2.4144783734E-01	1.2337409236E09	4.9219614669E-01	3.4093050701E-01	6.0376152616E04	3.4103295911E-01	3.3910447004E-01	3.4095474914E-01	3.3903033379E-01	2.8209864563E-01	
Caplet Vola Analytic Multi-Curve Ho	?	?	?	?	?	?	?	?	?	?	?	?	?	?	?	?	?	?	?	?	?	?	?	?	?	?	?	?	?	?	?	?	?	?	?	?	?	?	?	
Caplet Vola Analytic Multi-Curve Drift-Freeze	1.1714404363E00	1.2614357101E00	2.6555239736E-02	2.6145434089E-02	3.0132005787E-03	1.7815541257E-03	?	0.0000000000E00	0.0000000000E00	5.2526825812E-03	3.5701225062E-01	3.5701885610E-01	3.5680326091E-01	3.5681353016E-01	?	3.5682663136E-01	3.5682663136E-01	3.5686748228E-01	1.2188374211E-01	1.2434172573E-01	1.2619017127E-01	1.3041504655E-01	1.2735183474E-01	3.3620852230E-01	3.3666510853E-01	3.3512550941E-01	3.3594438554E-01	3.3560299507E-01	3.1003784249E-01	2.4000097471E-01	1.2337409236E09	4.9375236863E-01	3.3930685452E-01	6.0376152743E04	3.3940933259E-01	3.3748211252E-01	3.3933113159E-01	3.3740798555E-01	2.8038266534E-01	
Caplet Vola Analytic Multi-Curve Integrated-Expectation	1.1714404363E00	1.2614357101E00	2.6555239736E-02	2.6145434089E-02	3.0132005787E-03	1.7815541257E-03	?	0.0000000000E00	0.0000000000E00	5.2526825812E-03	3.5701225062E-01	3.5701885610E-01	3.5680326091E-01	3.5681353016E-01	?	3.5682663136E-01	3.5682663136E-01	3.5686748228E-01	1.2188374211E-01	1.2434172573E-01	1.2619017127E-01	1.3041504655E-01	1.2735183474E-01	3.3620852230E-01	3.3666510853E-01	3.3512550941E-01	3.3594438554E-01	3.3560299507E-01	3.1003784249E-01	2.4000097471E-01	1.2337409236E09	4.9375236863E-01	3.3930685452E-01	6.0376152743E04	3.3940933259E-01	3.3748211252E-01	3.3933113159E-01	3.3740798555E-01	2.8038266534E-01	
Caplet Vola Monte-Carlo Multi-Curve	1.1745304078E00	1.2645269001E00	2.8262797789E-02	2.7673145745E-02	7.4829161872E-03	6.3910896132E-03	?	5.2526825812E-03	5.2526825812E-03	0.0000000000E00	3.5387959029E-01	3.5388618339E-01	3.5367087175E-01	3.5368108667E-01	?	3.5369413093E-01	3.5369413093E-01	3.5373444265E-01	1.1991928828E-01	1.2227238870E-01	1.2403149061E-01	1.2814239825E-01	1.2504029540E-01	3.3313373545E-01	3.3358839101E-01	3.3205427184E-01	3.3286890275E-01	3.3252881843E-01	3.0689450130E-01	2.3722121497E-01	1.2337409236E09	4.9697677872E-01	3.3622009164E-01	6.0376152391E04	3.3632093723E-01	3.3439341148E-01	3.3624413683E-01	3.3432069873E-01	2.7737806030E-01	
Caplet Value Analytic Single-Curve	1.5267704810E00	1.6167942691E00	3.7817455279E-01	3.7721630377E-01	3.5972501530E-01	3.5861907081E-01	?	3.5701225062E-01	3.5701225062E-01	3.5387959029E-01	0.0000000000E00	3.4609952413E-05	2.2548481893E-04	2.1463174886E-04	?	2.0097967371E-04	2.0097967371E-04	1.6981487885E-04	2.9425404153E-01	2.9016711009E-01	2.7763204650E-01	2.7256495565E-01	2.7356004162E-01	2.6240465478E-02	2.5617878127E-02	2.7313312219E-02	2.6006885202E-02	2.6560247413E-02	7.3765276125E-02	1.5754822239E-01	1.2337409237E09	8.5026120640E-01	2.0566769699E-02	6.0376241064E04	2.0450795017E-02	2.1840135363E-02	2.0531809594E-02	2.1918913163E-02	1.1085955538E-01	
Caplet Value Monte-Carlo Single-Curve	1.5267765147E00	1.6168003024E00	3.7818118537E-01	3.7722265078E-01	3.5973164254E-01	3.5862568513E-01	?	3.5701885610E-01	3.5701885610E-01	3.5388618339E-01	3.4609952413E-05	0.0000000000E00	2.3461582546E-04	2.2390200731E-04	?	2.1048676252E-04	2.1048676252E-04	1.8087632816E-04	2.9425966685E-01	2.9017276702E-01	2.7763770966E-01	2.7257066261E-01	2.7356582064E-01	2.6243515297E-02	2.5621031769E-02	2.7316368592E-02	2.6010125501E-02	2.6563460052E-02	7.3772247189E-02	1.5755286298E-01	1.2337409237E09	8.5026733256E-01	2.0570546711E-02	6.0376241076E04	2.0454761372E-02	2.1844426725E-02	2.0535737388E-02	2.1923171998E-02	1.1086544571E-01	
Caplet Value Analytic Multi-Curve Fenton-Wilkinson	1.5265649482E00	1.6165887383E00	3.7796408793E-01	3.7700598113E-01	3.5951574160E-01	3.5840991758E-01	?	3.5680326091E-01	3.5680326091E-01	3.5367087175E-01	2.2548481893E-04	2.3461582546E-04	0.0000000000E00	1.2044130141E-05	?	2.6879417393E-05	2.6879417393E-05	8.5841205307E-05	2.9406508373E-01	2.8997844531E-01	2.7744351347E-01	2.7237643797E-01	2.7337067576E-01	2.6089481141E-02	2.5466740319E-02	2.7159245371E-02	2.5850710179E-02	2.6404760193E-02	7.3668721431E-02	1.5736296187E-01	1.2337409237E09	8.5005445872E-01	2.0411094863E-02	6.0376241048E04	2.0295427664E-02	2.1673764824E-02	2.0376122300E-02	2.1752312087E-02	1.1074094243E-01	
Caplet Value Analytic Multi-Curve Ju	1.5265749886E00	1.6165987790E00	3.7797422888E-01	3.7701611006E-01	3.5952602261E-01	3.5842019039E-01	?	3.5681353016E-01	3.5681353016E-01	3.5368108667E-01	2.1463174886E-04	2.2390200731E-04	1.2044130141E-05	0.0000000000E00	?	1.4863152324E-05	1.4863152324E-05	7.5311952719E-05	2.9407433282E-01	2.8998764116E-01	2.7745290174E-01	2.7238577012E-01	2.7338001033E-01	2.6098575033E-02	2.5475829032E-02	2.7168462313E-02	2.5860006802E-02	2.6414011910E-02	7.3675068637E-02	1.5737247235E-01	1.2337409237E09	8.5006473296E-01	2.0420746257E-02	6.0376241049E04	2.0305054470E-02	2.1683723815E-02	2.0385771135E-02	2.1762288810E-02	1.1074855344E-01	
Caplet Value Analytic Multi-Curve Ho	?	?	?	?	?	?	?	?	?	?	?	?	?	?	?	?	?	?	?	?	?	?	?	?	?	?	?	?	?	?	?	?	?	?	?	?	?	?	?	
Caplet Value Analytic Multi-Curve Drift-Freeze	1.5265878132E00	1.6166116038E00	3.7798720669E-01	3.7702907777E-01	3.5953913814E-01	3.5843329674E-01	?	3.5682663136E-01	3.5682663136E-01	3.5369413093E-01	2.0097967371E-04	2.1048676252E-04	2.6879417393E-05	1.4863152324E-05	?	0.0000000000E00	0.0000000000E00	6.3235619223E-05	2.9408616065E-01	2.8999940843E-01	2.7746488255E-01	2.7239768743E-01	2.7339194098E-01	2.6109961676E-02	2.5487212287E-02	2.7180007255E-02	2.5871655714E-02	2.6425606877E-02	7.3683031780E-02	1.5738449876E-01	1.2337409237E09	8.5007783016E-01	2.0432755806E-02	6.0376241051E04	2.0317034535E-02	2.1696157689E-02	2.0397776985E-02	2.1774742971E-02	1.1075807278E-01	
Caplet Value Analytic Multi-Curve Integrated-Expectation	1.5265878132E00	1.6166116038E00	3.7798720669E-01	3.7702907777E-01	3.5953913814E-01	3.5843329674E-01	?	3.5682663136E-01	3.5682663136E-01	3.5369413093E-01	2.0097967371E-04	2.1048676252E-04	2.6879417393E-05	1.4863152324E-05	?	0.0000000000E00	0.0000000000E00	6.3235619223E-05	2.9408616065E-01	2.8999940843E-01	2.7746488255E-01	2.7239768743E-01	2.7339194098E-01	2.6109961676E-02	2.5487212287E-02	2.7180007255E-02	2.5871655714E-02	2.6425606877E-02	7.3683031780E-02	1.5738449876E-01	1.2337409237E09	8.5007783016E-01	2.0432755806E-02	6.0376241051E04	2.0317034535E-02	2.1696157689E-02	2.0397776985E-02	2.1774742971E-02	1.1075807278E-01	
Caplet Value Monte-Carlo Multi-Curve	1.5266285026E00	1.6166522951E00	3.7802707645E-01	3.7706896198E-01	3.5957999514E-01	3.5847413580E-01	?	3.5686748228E-01	3.5686748228E-01	3.5373444265E-01	1.6981487885E-04	1.8087632816E-04	8.5841205307E-05	7.5311952719E-05	?	6.3235619223E-05	6.3235619223E-05	0.0000000000E00	2.9412562699E-01	2.9003869769E-01	2.7750500885E-01	2.7243740332E-01	2.7343169856E-01	2.6152732872E-02	2.5529973344E-02	2.7223221180E-02	2.5914966471E-02	2.6468802711E-02	7.3709718618E-02	1.5742040048E-01	1.2337409237E09	8.5011935550E-01	2.0477519289E-02	6.0376241046E04	2.0361477888E-02	2.1741203113E-02	2.0442488109E-02	2.1820032868E-02	1.1079141165E-01	
Swaption Vola Analytic Single-Curve	1.2440146092E00	1.3338917666E00	1.3745210789E-01	1.3639104948E-01	1.2413807769E-01	1.2316509269E-01	?	1.2188374211E-01	1.2188374211E-01	1.1991928828E-01	2.9425404153E-01	2.9425966685E-01	2.9406508373E-01	2.9407433282E-01	?	2.9408616065E-01	2.9408616065E-01	2.9412562699E-01	0.0000000000E00	5.1356357636E-03	2.1036809004E-02	2.4146237119E-02	2.2432256926E-02	2.7680628789E-01	2.7717310191E-01	2.7588879314E-01	2.7652792292E-01	2.7631563983E-01	2.4470568440E-01	2.2891258572E-01	1.2337409236E09	5.7698015160E-01	2.7710509846E-01	6.0376158557E04	2.7720269634E-01	2.7542374620E-01	2.7712871985E-01	2.7535387762E-01	2.1963798124E-01	
Swaption Vola Monte-Carlo Single-Curve	1.2481283509E00	1.3380079052E00	1.4000256124E-01	1.3893305556E-01	1.2663982279E-01	1.2564704988E-01	?	1.2434172573E-01	1.2434172573E-01	1.2227238870E-01	2.9016711009E-01	2.9017276702E-01	2.8997844531E-01	2.8998764116E-01	?	2.8999940843E-01	2.8999940843E-01	2.9003869769E-01	5.1356357636E-03	0.0000000000E00	1.9733698440E-02	2.1692442658E-02	1.9741557388E-02	2.7284281662E-01	2.7320535451E-01	2.7193015754E-01	2.7256147690E-01	2.7235172793E-01	2.4097435765E-01	2.2599958601E-01	1.2337409236E09	5.8113875992E-01	2.7311024580E-01	6.0376159971E04	2.7320713478E-01	2.7142782353E-01	2.7313349136E-01	2.7135825643E-01	2.1629590459E-01	
Swaption Vola Analytic Multi-Curve Drift-Freeze	1.2593495410E00	1.3492507591E00	1.4464646171E-01	1.4359601932E-01	1.2867033561E-01	1.2762638412E-01	?	1.2619017127E-01	1.2619017127E-01	1.2403149061E-01	2.7763204650E-01	2.7763770966E-01	2.7744351347E-01	2.7745290174E-01	?	2.7746488255E-01	2.7746488255E-01	2.7750500885E-01	2.1036809004E-02	1.9733698440E-02	0.0000000000E00	7.1309862760E-03	7.1215182729E-03	2.5973203692E-01	2.6010957829E-01	2.5880725298E-01	2.5946781857E-01	2.5925043772E-01	2.2642613477E-01	2.1287975519E-01	1.2337409236E09	5.9027504810E-01	2.6004043117E-01	6.0376159274E04	2.6013967853E-01	2.5837514046E-01	2.6006474920E-01	2.5830437123E-01	2.0042202956E-01	
Swaption Vola Analytic Multi-Curve Integrated-Expectation	1.2647358924E00	1.3546365526E00	1.4871719926E-01	1.4767622582E-01	1.3290434464E-01	1.3185467161E-01	?	1.3041504655E-01	1.3041504655E-01	1.2814239825E-01	2.7256495565E-01	2.7257066261E-01	2.7237643797E-01	2.7238577012E-01	?	2.7239768743E-01	2.7239768743E-01	2.7243740332E-01	2.4146237119E-02	2.1692442658E-02	7.1309862760E-03	0.0000000000E00	5.3188493403E-03	2.5502637577E-01	2.5539371940E-01	2.5411253061E-01	2.5474854829E-01	2.5454161435E-01	2.2204063410E-01	2.1025177923E-01	1.2337409236E09	5.9588863823E-01	2.5515262851E-01	6.0376161028E04	2.5525049032E-01	2.5348392503E-01	2.5517639763E-01	2.5341396623E-01	1.9685119435E-01	
Swaption Vola Monte-Carlo Multi-Curve	1.2628090416E00	1.3527199100E00	1.4553412974E-01	1.4447295465E-01	1.2986024116E-01	1.2879731768E-01	?	1.2735183474E-01	1.2735183474E-01	1.2504029540E-01	2.7356004162E-01	2.7356582064E-01	2.7337067576E-01	2.7338001033E-01	?	2.7339194098E-01	2.7339194098E-01	2.7343169856E-01	2.2432256926E-02	1.9741557388E-02	7.1215182729E-03	5.3188493403E-03	0.0000000000E00	2.5582853555E-01	2.5620037761E-01	2.5490572328E-01	2.5555417383E-01	2.5533850770E-01	2.2322868928E-01	2.0937225142E-01	1.2337409236E09	5.9371684516E-01	2.5615177667E-01	6.0376161059E04	2.5624961424E-01	2.5447207393E-01	2.5617532786E-01	2.5440190807E-01	1.9792299758E-01	
Swaption Value Analytic Single-Curve	1.5061775393E00	1.5961955598E00	3.5783148739E-01	3.5685691952E-01	3.3893978931E-01	3.3783005719E-01	?	3.3620852230E-01	3.3620852230E-01	3.3313373545E-01	2.6240465478E-02	2.6243515297E-02	2.6089481141E-02	2.6098575033E-02	?	2.6109961676E-02	2.6109961676E-02	2.6152732872E-02	2.7680628789E-01	2.7284281662E-01	2.5973203692E-01	2.5502637577E-01	2.5582853555E-01	0.0000000000E00	6.4815418681E-04	1.2020269195E-03	9.4445289067E-04	8.4025964034E-04	5.7719567011E-02	1.3556591294E-01	1.2337409237E09	8.2889494399E-01	1.1892460747E-02	6.0376235655E04	1.1945005043E-02	1.1539835766E-02	1.1908663255E-02	1.1516530112E-02	9.0344662097E-02	
Swaption Value Monte-Carlo Single-Curve	1.5066369812E00	1.5966552785E00	3.5827526048E-01	3.5730157352E-01	3.3939597425E-01	3.3828627952E-01	?	3.3666510853E-01	3.3666510853E-01	3.3358839101E-01	2.5617878127E-02	2.5621031769E-02	2.5466740319E-02	2.5475829032E-02	?	2.5487212287E-02	2.5487212287E-02	2.5529973344E-02	2.7717310191E-01	2.7320535451E-01	2.6010957829E-01	2.5539371940E-01	2.5620037761E-01	6.4815418681E-04	0.0000000000E00	1.7910324537E-03	9.6585798267E-04	1.2135553194E-03	5.7982745495E-02	1.3606475712E-01	1.2337409237E09	8.2937310855E-01	1.1483745369E-02	6.0376235766E04	1.1531189631E-02	1.1178614721E-02	1.1497934047E-02	1.1158835853E-02	9.0772823355E-02	
Swaption Value Analytic Multi-Curve Drift-Freeze	1.5051065906E00	1.5951243675E00	3.5675455151E-01	3.5577930565E-01	3.3785620214E-01	3.3674680732E-01	?	3.3512550941E-01	3.3512550941E-01	3.3205427184E-01	2.7313312219E-02	2.7316368592E-02	2.7159245371E-02	2.7168462313E-02	?	2.7180007255E-02	2.7180007255E-02	2.7223221180E-02	2.7588879314E-01	2.7193015754E-01	2.5880725298E-01	2.5411253061E-01	2.5490572328E-01	1.2020269195E-03	1.7910324537E-03	0.0000000000E00	1.4013115200E-03	8.2264163769E-04	5.7383770232E-02	1.3451540958E-01	1.2337409237E09	8.2779995423E-01	1.2579596889E-02	6.0376235583E04	1.2642363448E-02	1.2082956571E-02	1.2598584318E-02	1.2051303606E-02	8.9683130071E-02	
Swaption Value Analytic Multi-Curve Integrated-Expectation	1.5059456035E00	1.5959640675E00	3.5754512362E-01	3.5657176539E-01	3.3867364687E-01	3.3756462658E-01	?	3.3594438554E-01	3.3594438554E-01	3.3286890275E-01	2.6006885202E-02	2.6010125501E-02	2.5850710179E-02	2.5860006802E-02	?	2.5871655714E-02	2.5871655714E-02	2.5914966471E-02	2.7652792292E-01	2.7256147690E-01	2.5946781857E-01	2.5474854829E-01	2.5555417383E-01	9.4445289067E-04	9.6585798267E-04	1.4013115200E-03	0.0000000000E00	6.6892078037E-04	5.7893859408E-02	1.3547173305E-01	1.2337409237E09	8.2867497756E-01	1.1560938161E-02	6.0376235768E04	1.1615908315E-02	1.1116254073E-02	1.1576936037E-02	1.1090542502E-02	9.0549382217E-02	
Swaption Value Monte-Carlo Multi-Curve	1.5056039795E00	1.5956221547E00	3.5720983220E-01	3.5623601631E-01	3.3833247114E-01	3.3722340133E-01	?	3.3560299507E-01	3.3560299507E-01	3.3252881843E-01	2.6560247413E-02	2.6563460052E-02	2.6404760193E-02	2.6414011910E-02	?	2.6425606877E-02	2.6425606877E-02	2.6468802711E-02	2.7631563983E-01	2.7235172793E-01	2.5925043772E-01	2.5454161435E-01	2.5533850770E-01	8.4025964034E-04	1.2135553194E-03	8.2264163769E-04	6.6892078037E-04	0.0000000000E00	5.7801138332E-02	1.3497439303E-01	1.2337409237E09	8.2831489585E-01	1.2102537362E-02	6.0376235725E04	1.2159843193E-02	1.1632111731E-02	1.2119219526E-02	1.1604088013E-02	9.0281081109E-02	
Swaption Exercise Date	1.4754760927E00	1.5654441479E00	3.3288800091E-01	3.3194736667E-01	3.1287754348E-01	3.1172818058E-01	?	3.1003784249E-01	3.1003784249E-01	3.0689450130E-01	7.3765276125E-02	7.3772247189E-02	7.3668721431E-02	7.3675068637E-02	?	7.3683031780E-02	7.3683031780E-02	7.3709718618E-02	2.4470568440E-01	2.4097435765E-01	2.2642613477E-01	2.2204063410E-01	2.2322868928E-01	5.7719567011E-02	5.7982745495E-02	5.7383770232E-02	5.7893859408E-02	5.7801138332E-02	0.0000000000E00	1.3723692783E-01	1.2337409237E09	7.9902528083E-01	5.5944587863E-02	6.0376193653E04	5.5967718947E-02	5.5367928835E-02	5.5949513722E-02	5.5354389650E-02	4.0596513681E-02	
Swaption Number Of Periods	1.4030554619E00	1.4928898567E00	2.6066037836E-01	2.5982227057E-01	2.4240342745E-01	2.4144783734E-01	?	2.4000097471E-01	2.4000097471E-01	2.3722121497E-01	1.5754822239E-01	1.5755286298E-01	1.5736296187E-01	1.5737247235E-01	?	1.5738449876E-01	1.5738449876E-01	1.5742040048E-01	2.2891258572E-01	2.2599958601E-01	2.1287975519E-01	2.1025177923E-01	2.0937225142E-01	1.3556591294E-01	1.3606475712E-01	1.3451540958E-01	1.3547173305E-01	1.3497439303E-01	1.3723692783E-01	0.0000000000E00	1.2337409237E09	7.2345790659E-01	1.4300965093E-01	6.0376223497E04	1.4310062646E-01	1.4151034698E-01	1.4303431067E-01	1.4144732075E-01	1.2423096769E-01	
Numeraire Single-Curve	1.2337409234E09	1.2337409233E09	1.2337409236E09	1.2337409236E09	1.2337409236E09	1.2337409236E09	?	1.2337409236E09	1.2337409236E09	1.2337409236E09	1.2337409237E09	1.2337409237E09	1.2337409237E09	1.2337409237E09	?	1.2337409237E09	1.2337409237E09	1.2337409237E09	1.2337409236E09	1.2337409236E09	1.2337409236E09	1.2337409236E09	1.2337409236E09	1.2337409237E09	1.2337409237E09	1.2337409237E09	1.2337409237E09	1.2337409237E09	1.2337409237E09	1.2337409237E09	0.0000000000E00	1.2337409235E09	1.2337409237E09	1.2336813435E09	1.2337409237E09	1.2337409237E09	1.2337409237E09	1.2337409237E09	1.2337409237E09	
Discount Single-Curve	6.8185141614E-01	7.7152346945E-01	4.7407567774E-01	4.7495763725E-01	4.9112413102E-01	4.9219614669E-01	?	4.9375236863E-01	4.9375236863E-01	4.9697677872E-01	8.5026120640E-01	8.5026733256E-01	8.5005445872E-01	8.5006473296E-01	?	8.5007783016E-01	8.5007783016E-01	8.5011935550E-01	5.7698015160E-01	5.8113875992E-01	5.9027504810E-01	5.9588863823E-01	5.9371684516E-01	8.2889494399E-01	8.2937310855E-01	8.2779995423E-01	8.2867497756E-01	8.2831489585E-01	7.9902528083E-01	7.2345790659E-01	1.2337409235E09	0.0000000000E00	8.3214228044E-01	6.0376024584E04	8.3224864535E-01	8.3035241640E-01	8.3216882949E-01	8.3027679136E-01	7.6566517376E-01	
OIS Spot Rate Single-Curve	1.5089920512E00	1.5990131031E00	3.6092553306E-01	3.5995872671E-01	3.4204164105E-01	3.4093050701E-01	?	3.3930685452E-01	3.3930685452E-01	3.3622009164E-01	2.0566769699E-02	2.0570546711E-02	2.0411094863E-02	2.0420746257E-02	?	2.0432755806E-02	2.0432755806E-02	2.0477519289E-02	2.7710509846E-01	2.7311024580E-01	2.6004043117E-01	2.5515262851E-01	2.5615177667E-01	1.1892460747E-02	1.1483745369E-02	1.2579596889E-02	1.1560938161E-02	1.2102537362E-02	5.5944587863E-02	1.4300965093E-01	1.2337409237E09	8.3214228044E-01	0.0000000000E00	6.0376233394E04	2.1178404330E-04	1.9633949885E-03	1.0023856526E-04	2.0290839840E-03	9.1325306888E-02	
Numeraire Multi-Curve	6.0375861750E04	6.0375839360E04	6.0376151934E04	6.0376152852E04	6.0376152519E04	6.0376152616E04	?	6.0376152743E04	6.0376152743E04	6.0376152391E04	6.0376241064E04	6.0376241076E04	6.0376241048E04	6.0376241049E04	?	6.0376241051E04	6.0376241051E04	6.0376241046E04	6.0376158557E04	6.0376159971E04	6.0376159274E04	6.0376161028E04	6.0376161059E04	6.0376235655E04	6.0376235766E04	6.0376235583E04	6.0376235768E04	6.0376235725E04	6.0376193653E04	6.0376223497E04	1.2336813435E09	6.0376024584E04	6.0376233394E04	0.0000000000E00	6.0376233341E04	6.0376233172E04	6.0376233362E04	6.0376233194E04	6.0376180899E04	
OIS Spot Rate Multi-Curve	1.5090963373E00	1.5991174148E00	3.6102540088E-01	3.6005949168E-01	3.4214413331E-01	3.4103295911E-01	?	3.3940933259E-01	3.3940933259E-01	3.3632093723E-01	2.0450795017E-02	2.0454761372E-02	2.0295427664E-02	2.0305054470E-02	?	2.0317034535E-02	2.0317034535E-02	2.0361477888E-02	2.7720269634E-01	2.7320713478E-01	2.6013967853E-01	2.5525049032E-01	2.5624961424E-01	1.1945005043E-02	1.1531189631E-02	1.2642363448E-02	1.1615908315E-02	1.2159843193E-02	5.5967718947E-02	1.4310062646E-01	1.2337409237E09	8.3224864535E-01	2.1178404330E-04	6.0376233341E04	0.0000000000E00	2.0514332346E-03	1.4824540989E-04	2.1273683503E-03	9.1388743884E-02	
LIBOR Spot Rate Multi-Curve	1.5071945637E00	1.5972159012E00	3.5907584804E-01	3.5811012535E-01	3.4021504240E-01	3.3910447004E-01	?	3.3748211252E-01	3.3748211252E-01	3.3439341148E-01	2.1840135363E-02	2.1844426725E-02	2.1673764824E-02	2.1683723815E-02	?	2.1696157689E-02	2.1696157689E-02	2.1741203113E-02	2.7542374620E-01	2.7142782353E-01	2.5837514046E-01	2.5348392503E-01	2.5447207393E-01	1.1539835766E-02	1.1178614721E-02	1.2082956571E-02	1.1116254073E-02	1.1632111731E-02	5.5367928835E-02	1.4151034698E-01	1.2337409237E09	8.3035241640E-01	1.9633949885E-03	6.0376233172E04	2.0514332346E-03	0.0000000000E00	1.9791509276E-03	1.4586326338E-04	9.0458486802E-02	
OIS Forward Rate Multi-Curve	1.5090179348E00	1.5990389988E00	3.6094883040E-01	3.5998280180E-01	3.4206586347E-01	3.4095474914E-01	?	3.3933113159E-01	3.3933113159E-01	3.3624413683E-01	2.0531809594E-02	2.0535737388E-02	2.0376122300E-02	2.0385771135E-02	?	2.0397776985E-02	2.0397776985E-02	2.0442488109E-02	2.7712871985E-01	2.7313349136E-01	2.6006474920E-01	2.5517639763E-01	2.5617532786E-01	1.1908663255E-02	1.1497934047E-02	1.2598584318E-02	1.1576936037E-02	1.2119219526E-02	5.5949513722E-02	1.4303431067E-01	1.2337409237E09	8.3216882949E-01	1.0023856526E-04	6.0376233362E04	1.4824540989E-04	1.9791509276E-03	0.0000000000E00	2.0472352341E-03	9.1343941348E-02	
LIBOR Forward Rate Multi-Curve	1.5071202849E00	1.5971416093E00	3.5900331284E-01	3.5803750447E-01	3.4014084585E-01	3.3903033379E-01	?	3.3740798555E-01	3.3740798555E-01	3.3432069873E-01	2.1918913163E-02	2.1923171998E-02	2.1752312087E-02	2.1762288810E-02	?	2.1774742971E-02	2.1774742971E-02	2.1820032868E-02	2.7535387762E-01	2.7135825643E-01	2.5830437123E-01	2.5341396623E-01	2.5440190807E-01	1.1516530112E-02	1.1158835853E-02	1.2051303606E-02	1.1090542502E-02	1.1604088013E-02	5.5354389650E-02	1.4144732075E-01	1.2337409237E09	8.3027679136E-01	2.0290839840E-03	6.0376233194E04	2.1273683503E-03	1.4586326338E-04	2.0472352341E-03	0.0000000000E00	9.0417842597E-02	
Time	1.4425414327E00	1.5324607691E00	3.0419575327E-01	3.0324789065E-01	2.8324893542E-01	2.8209864563E-01	?	2.8038266534E-01	2.8038266534E-01	2.7737806030E-01	1.1085955538E-01	1.1086544571E-01	1.1074094243E-01	1.1074855344E-01	?	1.1075807278E-01	1.1075807278E-01	1.1079141165E-01	2.1963798124E-01	2.1629590459E-01	2.0042202956E-01	1.9685119435E-01	1.9792299758E-01	9.0344662097E-02	9.0772823355E-02	8.9683130071E-02	9.0549382217E-02	9.0281081109E-02	4.0596513681E-02	1.2423096769E-01	1.2337409237E09	7.6566517376E-01	9.1325306888E-02	6.0376180899E04	9.1388743884E-02	9.0458486802E-02	9.1343941348E-02	9.0417842597E-02	0.0000000000E00	
