Component1	Component2	Correlation
0	0	1.0000000000000007
0	1	0.9997679102910988
0	2	0.997098387285902
0	3	0.9864393846695865
0	4	0.9597634392601682
0	5	0.910181825797834
0	6	0.8377517560079593
0	7	0.7520297234588342
0	8	0.6671633411246936
0	9	0.5944908197328103
0	10	0.5392650072439883
0	11	0.501372451658576
0	12	0.4772169348132568
0	13	0.46180836283822163
0	14	0.45100540195984756
0	15	0.44270438678605906
0	16	0.43595270015511073
0	17	0.4291125112542362
0	18	0.4188042863221943
0	19	0.4007155357299794
0	20	0.37274126567748683
0	21	0.3381659735598066
0	22	0.30447578806839265
0	23	0.27863062098238556
0	24	0.2638633554554445
0	25	0.2591342157166291
0	26	0.2602178441154251
0	27	0.26291397314717596
0	28	0.2659678884230357
0	29	0.2692879515531178
0	30	0.26946682324912885
0	31	0.25851716709604544
0	32	0.23316447116494218
0	33	0.20548602636789232
0	34	0.19143803528072256
0	35	0.19406355323701563
0	36	0.19778564770589963
0	37	0.19852946035940636
0	38	0.2048428005554823
0	39	0.126037573575964
0	40	0.5000000000000003
0	41	0.4998839551455494
0	42	0.498549193642951
0	43	0.49321969233479324
0	44	0.4798817196300841
0	45	0.455090912898917
0	46	0.41887587800397963
0	47	0.3760148617294171
0	48	0.3335816705623468
0	49	0.29724540986640513
0	50	0.26963250362199415
0	51	0.250686225829288
0	52	0.2386084674066284
0	53	0.23090418141911082
0	54	0.22550270097992378
0	55	0.22135219339302953
0	56	0.21797635007755536
0	57	0.2145562556271181
0	58	0.20940214316109715
0	59	0.2003577678649897
0	60	0.18637063283874342
0	61	0.1690829867799033
0	62	0.15223789403419632
0	63	0.13931531049119278
0	64	0.13193167772772224
0	65	0.12956710785831455
0	66	0.13010892205771254
0	67	0.13145698657358798
0	68	0.13298394421151785
0	69	0.1346439757765589
0	70	0.13473341162456443
0	71	0.12925858354802272
0	72	0.11658223558247109
0	73	0.10274301318394616
0	74	0.09571901764036128
0	75	0.09703177661850781
0	76	0.09889282385294981
0	77	0.09926473017970318
0	78	0.10242140027774115
0	79	0.063018786787982
1	0	0.9997679102910988
1	1	1.0000000000000004
1	2	0.9984806852419288
1	3	0.9896370670105072
1	4	0.965338508783918
1	5	0.9184386577921719
1	6	0.848597782025792
1	7	0.7649825024000049
1	8	0.6815056815220375
1	9	0.6094268260119708
1	10	0.5539784101155822
1	11	0.5150238100989756
1	12	0.48898098593852596
1	13	0.4710216825978523
1	14	0.4573658701308352
1	15	0.44635739694091653
1	16	0.4374019062695524
1	17	0.42906518736754373
1	18	0.4180522247466035
1	19	0.4000359371621591
1	20	0.3727577226639438
1	21	0.3391954261074558
1	22	0.30647238755654
1	23	0.2812458208834641
1	24	0.266530647316264
1	25	0.26115461225158626
1	26	0.2609351269918235
1	27	0.2619797371535199
1	28	0.26346854298005573
1	29	0.26565409967216974
1	30	0.26538291494720784
1	31	0.2548614942177983
1	32	0.23066975835845088
1	33	0.204235214965924
1	34	0.19081427188531097
1	35	0.1929590215290897
1	36	0.19517268794918327
1	37	0.19439018854854206
1	38	0.20021975321167113
1	39	0.12467319170240591
1	40	0.4998839551455494
1	41	0.5000000000000002
1	42	0.4992403426209644
1	43	0.4948185335052536
1	44	0.482669254391959
1	45	0.45921932889608597
1	46	0.424298891012896
1	47	0.38249125120000244
1	48	0.34075284076101875
1	49	0.3047134130059854
1	50	0.2769892050577911
1	51	0.2575119050494878
1	52	0.24449049296926298
1	53	0.23551084129892616
1	54	0.2286829350654176
1	55	0.22317869847045826
1	56	0.2187009531347762
1	57	0.21453259368377187
1	58	0.20902611237330174
1	59	0.20001796858107956
1	60	0.1863788613319719
1	61	0.1695977130537279
1	62	0.15323619377827
1	63	0.14062291044173206
1	64	0.133265323658132
1	65	0.13057730612579313
1	66	0.13046756349591174
1	67	0.13098986857675995
1	68	0.13173427149002787
1	69	0.13282704983608487
1	70	0.13269145747360392
1	71	0.12743074710889915
1	72	0.11533487917922544
1	73	0.102117607482962
1	74	0.09540713594265549
1	75	0.09647951076454485
1	76	0.09758634397459164
1	77	0.09719509427427103
1	78	0.10010987660583556
1	79	0.06233659585120296
2	0	0.997098387285902
2	1	0.9984806852419288
2	2	0.9999999999999993
2	3	0.9960402277185452
2	4	0.9782224661594319
2	5	0.9387410202864094
2	6	0.8762063856511236
2	7	0.7987274641894844
2	8	0.7195622760446186
2	9	0.6497421748124023
2	10	0.5944410161117889
2	11	0.5534549400811832
2	12	0.5232129795624468
2	13	0.4992654169441392
2	14	0.47874185874480196
2	15	0.4611610556313059
2	16	0.4469055268481328
2	17	0.43511411600807126
2	18	0.42271930389277435
2	19	0.40531606279950316
2	20	0.3801883004561249
2	21	0.3495046968968397
2	22	0.31950811647917476
2	23	0.2961555299240701
2	24	0.2819295031615964
2	25	0.2752491128190849
2	26	0.27191122210573965
2	27	0.2687667137989341
2	28	0.26624171731901075
2	29	0.26565202282016315
2	30	0.26452660277698653
2	31	0.2553548312667248
2	32	0.23410423857293014
2	33	0.21071396806524617
2	34	0.1990333229056842
2	35	0.20023419052557834
2	36	0.19819055985707437
2	37	0.19283394669829396
2	38	0.19781602335584736
2	39	0.12833085835089497
2	40	0.498549193642951
2	41	0.4992403426209644
2	42	0.49999999999999967
2	43	0.4980201138592726
2	44	0.48911123307971593
2	45	0.4693705101432047
2	46	0.4381031928255618
2	47	0.3993637320947422
2	48	0.3597811380223093
2	49	0.32487108740620113
2	50	0.29722050805589445
2	51	0.2767274700405916
2	52	0.2616064897812234
2	53	0.2496327084720696
2	54	0.23937092937240098
2	55	0.23058052781565294
2	56	0.2234527634240664
2	57	0.21755705800403563
2	58	0.21135965194638717
2	59	0.20265803139975158
2	60	0.19009415022806245
2	61	0.17475234844841986
2	62	0.15975405823958738
2	63	0.14807776496203506
2	64	0.1409647515807982
2	65	0.13762455640954244
2	66	0.13595561105286982
2	67	0.13438335689946704
2	68	0.13312085865950538
2	69	0.13282601141008157
2	70	0.13226330138849327
2	71	0.1276774156333624
2	72	0.11705211928646507
2	73	0.10535698403262309
2	74	0.0995166614528421
2	75	0.10011709526278917
2	76	0.09909527992853719
2	77	0.09641697334914698
2	78	0.09890801167792368
2	79	0.06416542917544749
3	0	0.9864393846695865
3	1	0.9896370670105072
3	2	0.9960402277185452
3	3	0.9999999999999996
3	4	0.9927961671140633
3	5	0.9656167799641627
3	6	0.9153934773821373
3	7	0.8484794678642462
3	8	0.7769929900972498
3	9	0.7115293969878292
3	10	0.6571365365216405
3	11	0.6134968815598347
3	12	0.5770573669994377
3	13	0.543968947703636
3	14	0.5128099022172067
3	15	0.48498204088472235
3	16	0.4624484362687271
3	17	0.44528952270843375
3	18	0.43082375085941166
3	19	0.4145346959002139
3	20	0.39297919978312074
3	21	0.3670345051631506
3	22	0.3415428284189466
3	23	0.32135156533537074
3	24	0.30809480644809656
3	25	0.2995218732279799
3	26	0.2913624949600455
3	27	0.2816340716589007
3	28	0.27277449532959236
3	29	0.26783922502034074
3	30	0.26545970957610177
3	31	0.25853234981487216
3	32	0.24199567017874557
3	33	0.22346243794968082
3	34	0.21463819943536697
3	35	0.21446690388010436
3	36	0.2055962226978955
3	37	0.19282669867715904
3	38	0.1966111216637718
3	39	0.13616738324832672
3	40	0.49321969233479324
3	41	0.4948185335052536
3	42	0.4980201138592726
3	43	0.4999999999999998
3	44	0.49639808355703163
3	45	0.48280838998208137
3	46	0.45769673869106864
3	47	0.4242397339321231
3	48	0.3884964950486249
3	49	0.3557646984939146
3	50	0.32856826826082025
3	51	0.30674844077991736
3	52	0.28852868349971883
3	53	0.271984473851818
3	54	0.25640495110860334
3	55	0.24249102044236118
3	56	0.23122421813436356
3	57	0.22264476135421687
3	58	0.21541187542970583
3	59	0.20726734795010696
3	60	0.19648959989156037
3	61	0.1835172525815753
3	62	0.1707714142094733
3	63	0.16067578266768537
3	64	0.15404740322404828
3	65	0.14976093661398995
3	66	0.14568124748002276
3	67	0.14081703582945035
3	68	0.13638724766479618
3	69	0.13391961251017037
3	70	0.13272985478805088
3	71	0.12926617490743608
3	72	0.12099783508937278
3	73	0.11173121897484041
3	74	0.10731909971768348
3	75	0.10723345194005218
3	76	0.10279811134894774
3	77	0.09641334933857952
3	78	0.0983055608318859
3	79	0.06808369162416336
4	0	0.9597634392601682
4	1	0.965338508783918
4	2	0.9782224661594319
4	3	0.9927961671140633
4	4	1.0000000000000002
4	5	0.989794438898493
4	6	0.9569069196117577
4	7	0.9052605570673676
4	8	0.8452953049482264
4	9	0.7868916464710736
4	10	0.7348640428754809
4	11	0.6887302426703186
4	12	0.6449626295083509
4	13	0.6004991942314901
4	14	0.5558164440726453
4	15	0.5147967019329049
4	16	0.4815050302720895
4	17	0.4572981854571379
4	18	0.4400489341579592
4	19	0.42514750961925285
4	20	0.4082460270115615
4	21	0.38855468447930686
4	22	0.36907580423301445
4	23	0.3531846782461922
4	24	0.3413900789741048
4	25	0.3305559581726996
4	26	0.316308190653995
4	27	0.29816058815080576
4	28	0.2811557380627113
4	29	0.2706171122398909
4	30	0.2666262621730859
4	31	0.26262923012261047
4	32	0.2522458166699335
4	33	0.24007528475182244
4	34	0.23504182364317774
4	35	0.233192168450637
4	36	0.21554403442512884
4	37	0.1932039957412801
4	38	0.1955060010480739
4	39	0.1467071448879677
4	40	0.4798817196300841
4	41	0.482669254391959
4	42	0.48911123307971593
4	43	0.49639808355703163
4	44	0.5000000000000001
4	45	0.4948972194492465
4	46	0.47845345980587883
4	47	0.4526302785336838
4	48	0.4226476524741132
4	49	0.3934458232355368
4	50	0.36743202143774045
4	51	0.3443651213351593
4	52	0.32248131475417546
4	53	0.30024959711574506
4	54	0.27790822203632265
4	55	0.25739835096645247
4	56	0.24075251513604476
4	57	0.22864909272856895
4	58	0.2200244670789796
4	59	0.21257375480962643
4	60	0.20412301350578074
4	61	0.19427734223965343
4	62	0.18453790211650722
4	63	0.1765923391230961
4	64	0.1706950394870524
4	65	0.1652779790863498
4	66	0.1581540953269975
4	67	0.14908029407540288
4	68	0.14057786903135566
4	69	0.13530855611994544
4	70	0.13331313108654294
4	71	0.13131461506130523
4	72	0.12612290833496675
4	73	0.12003764237591122
4	74	0.11752091182158887
4	75	0.1165960842253185
4	76	0.10777201721256442
4	77	0.09660199787064006
4	78	0.09775300052403695
4	79	0.07335357244398386
5	0	0.910181825797834
5	1	0.9184386577921719
5	2	0.9387410202864094
5	3	0.9656167799641627
5	4	0.989794438898493
5	5	1.0
5	6	0.9884826213456648
5	7	0.9562393986475506
5	8	0.9115422269754895
5	9	0.8632477326941742
5	10	0.8158005529446686
5	11	0.7685008325404732
5	12	0.7178357314747953
5	13	0.6616034257225093
5	14	0.6023905091884662
5	15	0.5468738191401362
5	16	0.5015247737675629
5	17	0.46920015169758006
5	18	0.44847319567747584
5	19	0.43472342125738117
5	20	0.4226922422825081
5	21	0.4097992735064756
5	22	0.39700654425225274
5	23	0.38602195312449716
5	24	0.376074723974052
5	25	0.36302892636386297
5	26	0.3423671528763169
5	27	0.3152001694503386
5	28	0.2893844606488753
5	29	0.2727149028171624
5	30	0.2668812764136437
5	31	0.2659890134481523
5	32	0.26228737653253403
5	33	0.2570957422533102
5	34	0.2562664804625687
5	35	0.25269212627660714
5	36	0.2256525389573092
5	37	0.19303458417525715
5	38	0.1937372317681439
5	39	0.15773382732586103
5	40	0.455090912898917
5	41	0.45921932889608597
5	42	0.4693705101432047
5	43	0.48280838998208137
5	44	0.4948972194492465
5	45	0.5
5	46	0.4942413106728324
5	47	0.4781196993237753
5	48	0.45577111348774474
5	49	0.4316238663470871
5	50	0.4079002764723343
5	51	0.3842504162702366
5	52	0.35891786573739765
5	53	0.33080171286125465
5	54	0.3011952545942331
5	55	0.2734369095700681
5	56	0.25076238688378144
5	57	0.23460007584879003
5	58	0.22423659783873792
5	59	0.21736171062869059
5	60	0.21134612114125406
5	61	0.2048996367532378
5	62	0.19850327212612637
5	63	0.19301097656224858
5	64	0.188037361987026
5	65	0.18151446318193148
5	66	0.17118357643815846
5	67	0.1576000847251693
5	68	0.14469223032443765
5	69	0.1363574514085812
5	70	0.13344063820682184
5	71	0.13299450672407614
5	72	0.13114368826626702
5	73	0.1285478711266551
5	74	0.12813324023128436
5	75	0.12634606313830357
5	76	0.1128262694786546
5	77	0.09651729208762858
5	78	0.09686861588407195
5	79	0.07886691366293051
6	0	0.8377517560079593
6	1	0.848597782025792
6	2	0.8762063856511236
6	3	0.9153934773821373
6	4	0.9569069196117577
6	5	0.9884826213456648
6	6	1.0
6	7	0.9894078313207414
6	8	0.9625442822421054
6	9	0.9270065308591984
6	10	0.886745485320735
6	11	0.8407950384365048
6	12	0.7856000313841892
6	13	0.7196946077595666
6	14	0.6476054831281081
6	15	0.5786726312887054
6	16	0.521732800689298
6	17	0.4811731724551235
6	18	0.45634108047628236
6	19	0.44273619795161956
6	20	0.43440415310421654
6	21	0.4272328905905106
6	22	0.420346992544327
6	23	0.41389338622673033
6	24	0.4058780577114046
6	25	0.391198145949255
6	26	0.3651282225666108
6	27	0.33012316223361116
6	28	0.2965027515177872
6	29	0.27426494602925733
6	30	0.26656289775164005
6	31	0.2681578537675316
6	32	0.27018532488526964
6	33	0.27110689998136744
6	34	0.2740297731867941
6	35	0.269051672591437
6	36	0.23392424970827197
6	37	0.1923872495668445
6	38	0.19164362879673796
6	39	0.16693642569897388
6	40	0.41887587800397963
6	41	0.424298891012896
6	42	0.4381031928255618
6	43	0.45769673869106864
6	44	0.47845345980587883
6	45	0.4942413106728324
6	46	0.5
6	47	0.4947039156603707
6	48	0.4812721411210527
6	49	0.4635032654295992
6	50	0.4433727426603675
6	51	0.4203975192182524
6	52	0.3928000156920946
6	53	0.3598473038797833
6	54	0.32380274156405403
6	55	0.2893363156443527
6	56	0.260866400344649
6	57	0.24058658622756174
6	58	0.22817054023814118
6	59	0.22136809897580978
6	60	0.21720207655210827
6	61	0.2136164452952553
6	62	0.2101734962721635
6	63	0.20694669311336517
6	64	0.2029390288557023
6	65	0.1955990729746275
6	66	0.1825641112833054
6	67	0.16506158111680558
6	68	0.1482513757588936
6	69	0.13713247301462866
6	70	0.13328144887582002
6	71	0.1340789268837658
6	72	0.13509266244263482
6	73	0.13555344999068372
6	74	0.13701488659339706
6	75	0.1345258362957185
6	76	0.11696212485413598
6	77	0.09619362478342225
6	78	0.09582181439836898
6	79	0.08346821284948694
7	0	0.7520297234588342
7	1	0.7649825024000049
7	2	0.7987274641894844
7	3	0.8484794678642462
7	4	0.9052605570673676
7	5	0.9562393986475506
7	6	0.9894078313207414
7	7	1.0
7	8	0.9915082771814314
7	9	0.9702142387678299
7	10	0.9395143110421253
7	11	0.8981349665035961
7	12	0.8423519956927267
7	13	0.7710850828077392
7	14	0.6902308263661058
7	15	0.6112103196746012
7	16	0.5448359132497931
7	17	0.4968474271337863
7	18	0.4673342441087874
7	19	0.452048641276316
7	20	0.4447390521824025
7	21	0.44040536575182554
7	22	0.436982484463215
7	23	0.43351092135904623
7	24	0.4270613851753789
7	25	0.41173447779509953
7	26	0.3824823691456582
7	27	0.34249208536190767
7	28	0.30366095066676196
7	29	0.2774736482933306
7	30	0.2680849361772677
7	31	0.27073290654472376
7	32	0.27595308860998513
7	33	0.2805080979689613
7	34	0.28579035887078114
7	35	0.2800662259909822
7	36	0.23995540593859455
7	37	0.19278408930577673
7	38	0.1910304276296266
7	39	0.1730431833860555
7	40	0.3760148617294171
7	41	0.38249125120000244
7	42	0.3993637320947422
7	43	0.4242397339321231
7	44	0.4526302785336838
7	45	0.4781196993237753
7	46	0.4947039156603707
7	47	0.5
7	48	0.4957541385907157
7	49	0.48510711938391493
7	50	0.4697571555210627
7	51	0.44906748325179807
7	52	0.42117599784636334
7	53	0.3855425414038696
7	54	0.3451154131830529
7	55	0.3056051598373006
7	56	0.27241795662489654
7	57	0.24842371356689316
7	58	0.2336671220543937
7	59	0.226024320638158
7	60	0.22236952609120125
7	61	0.22020268287591277
7	62	0.2184912422316075
7	63	0.21675546067952312
7	64	0.21353069258768945
7	65	0.20586723889754976
7	66	0.1912411845728291
7	67	0.17124604268095384
7	68	0.15183047533338098
7	69	0.1387368241466653
7	70	0.13404246808863385
7	71	0.13536645327236188
7	72	0.13797654430499257
7	73	0.14025404898448066
7	74	0.14289517943539057
7	75	0.1400331129954911
7	76	0.11997770296929727
7	77	0.09639204465288836
7	78	0.0955152138148133
7	79	0.08652159169302776
8	0	0.6671633411246936
8	1	0.6815056815220375
8	2	0.7195622760446186
8	3	0.7769929900972498
8	4	0.8452953049482264
8	5	0.9115422269754895
8	6	0.9625442822421054
8	7	0.9915082771814314
8	8	1.0000000000000002
8	9	0.9931329698895192
8	10	0.9737715844183282
8	11	0.9402987470726654
8	12	0.8886240779878991
8	13	0.817526111577314
8	14	0.7334270075275102
8	15	0.6489593147802006
8	16	0.5763040535179731
8	17	0.5222362747768492
8	18	0.48745999575029736
8	19	0.468069606000811
8	20	0.45799700479640193
8	21	0.45224790475678533
8	22	0.4485430498845679
8	23	0.445540100881196
8	24	0.43983009860362476
8	25	0.4249635585617442
8	26	0.3953997057917202
8	27	0.35421288743413476
8	28	0.31367779713243377
8	29	0.285788587132347
8	30	0.27502440999950206
8	31	0.2767478235017341
8	32	0.28151867024481864
8	33	0.28607195717978756
8	34	0.2916452167418634
8	35	0.28600620800955606
8	36	0.24503106958791976
8	37	0.19658401886755628
8	38	0.19444466884259387
8	39	0.17624864886134392
8	40	0.3335816705623468
8	41	0.34075284076101875
8	42	0.3597811380223093
8	43	0.3884964950486249
8	44	0.4226476524741132
8	45	0.45577111348774474
8	46	0.4812721411210527
8	47	0.4957541385907157
8	48	0.5000000000000001
8	49	0.4965664849447596
8	50	0.4868857922091641
8	51	0.4701493735363327
8	52	0.44431203899394955
8	53	0.408763055788657
8	54	0.3667135037637551
8	55	0.3244796573901003
8	56	0.28815202675898655
8	57	0.2611181373884246
8	58	0.24372999787514868
8	59	0.2340348030004055
8	60	0.22899850239820096
8	61	0.22612395237839267
8	62	0.22427152494228395
8	63	0.222770050440598
8	64	0.21991504930181238
8	65	0.2124817792808721
8	66	0.1976998528958601
8	67	0.17710644371706738
8	68	0.15683889856621688
8	69	0.1428942935661735
8	70	0.13751220499975103
8	71	0.13837391175086705
8	72	0.14075933512240932
8	73	0.14303597858989378
8	74	0.1458226083709317
8	75	0.14300310400477803
8	76	0.12251553479395988
8	77	0.09829200943377814
8	78	0.09722233442129694
8	79	0.08812432443067196
9	0	0.5944908197328103
9	1	0.6094268260119708
9	2	0.6497421748124023
9	3	0.7115293969878292
9	4	0.7868916464710736
9	5	0.8632477326941742
9	6	0.9270065308591984
9	7	0.9702142387678299
9	8	0.9931329698895192
9	9	1.000000000000001
9	10	0.9932349230632435
9	11	0.9708438407913962
9	12	0.9281263731241658
9	13	0.8631002867845975
9	14	0.7817488435688442
9	15	0.6969369712810759
9	16	0.6215305137147494
9	17	0.5629647413142992
9	18	0.5223698128299649
9	19	0.4962125318174336
9	20	0.47908124398542856
9	21	0.46697321230546174
9	22	0.45853073657459803
9	23	0.45289624346090374
9	24	0.44671902016752324
9	25	0.43326721282833425
9	26	0.40630309423784977
9	27	0.3678694800797027
9	28	0.32933973189720595
9	29	0.3021723253222399
9	30	0.2904045905282687
9	31	0.28905067656464056
9	32	0.2892967730215872
9	33	0.2897218409256712
9	34	0.29321454070331865
9	35	0.28848413620160557
9	36	0.25094232635522473
9	37	0.20576898418041667
9	38	0.20393407705492642
9	39	0.17751207230286187
9	40	0.29724540986640513
9	41	0.3047134130059854
9	42	0.32487108740620113
9	43	0.3557646984939146
9	44	0.3934458232355368
9	45	0.4316238663470871
9	46	0.4635032654295992
9	47	0.48510711938391493
9	48	0.4965664849447596
9	49	0.5000000000000006
9	50	0.49661746153162173
9	51	0.4854219203956981
9	52	0.4640631865620829
9	53	0.43155014339229875
9	54	0.3908744217844221
9	55	0.34846848564053795
9	56	0.3107652568573747
9	57	0.2814823706571496
9	58	0.26118490641498243
9	59	0.2481062659087168
9	60	0.23954062199271428
9	61	0.23348660615273087
9	62	0.22926536828729902
9	63	0.22644812173045187
9	64	0.22335951008376162
9	65	0.21663360641416712
9	66	0.20315154711892489
9	67	0.18393474003985136
9	68	0.16466986594860297
9	69	0.15108616266111996
9	70	0.14520229526413436
9	71	0.14452533828232028
9	72	0.1446483865107936
9	73	0.1448609204628356
9	74	0.14660727035165932
9	75	0.14424206810080278
9	76	0.12547116317761237
9	77	0.10288449209020833
9	78	0.10196703852746321
9	79	0.08875603615143093
10	0	0.5392650072439883
10	1	0.5539784101155822
10	2	0.5944410161117889
10	3	0.6571365365216405
10	4	0.7348640428754809
10	5	0.8158005529446686
10	6	0.886745485320735
10	7	0.9395143110421253
10	8	0.9737715844183282
10	9	0.9932349230632435
10	10	0.9999999999999999
10	11	0.9916729818534863
10	12	0.9626952486855488
10	13	0.9096893591480116
10	14	0.8372136472007944
10	15	0.7573642935068784
10	16	0.6829888498399614
10	17	0.6217857127467786
10	18	0.5750860950301082
10	19	0.5397026690582152
10	20	0.5112942744364947
10	21	0.4878131038576422
10	22	0.46998667818462253
10	23	0.4583555337099525
10	24	0.4501931576335237
10	25	0.43876135605005384
10	26	0.41693950989315415
10	27	0.38487502877891105
10	28	0.3518317364378971
10	29	0.3277294235437151
10	30	0.3153959025057442
10	31	0.3089700414111337
10	32	0.30076793916940614
10	33	0.29301964251081813
10	34	0.2920595180484113
10	35	0.28891420988253447
10	36	0.25873247029558155
10	37	0.22102438713738964
10	38	0.22016209081048538
10	39	0.17763548866872156
10	40	0.26963250362199415
10	41	0.2769892050577911
10	42	0.29722050805589445
10	43	0.32856826826082025
10	44	0.36743202143774045
10	45	0.4079002764723343
10	46	0.4433727426603675
10	47	0.4697571555210627
10	48	0.4868857922091641
10	49	0.49661746153162173
10	50	0.49999999999999994
10	51	0.49583649092674315
10	52	0.4813476243427744
10	53	0.4548446795740058
10	54	0.4186068236003972
10	55	0.3786821467534392
10	56	0.3414944249199807
10	57	0.3108928563733893
10	58	0.2875430475150541
10	59	0.2698513345291076
10	60	0.25564713721824733
10	61	0.2439065519288211
10	62	0.23499333909231127
10	63	0.22917776685497626
10	64	0.22509657881676184
10	65	0.21938067802502692
10	66	0.20846975494657707
10	67	0.19243751438945553
10	68	0.17591586821894856
10	69	0.16386471177185755
10	70	0.1576979512528721
10	71	0.15448502070556686
10	72	0.15038396958470307
10	73	0.14650982125540907
10	74	0.14602975902420565
10	75	0.14445710494126723
10	76	0.12936623514779078
10	77	0.11051219356869482
10	78	0.11008104540524269
10	79	0.08881774433436078
11	0	0.501372451658576
11	1	0.5150238100989756
11	2	0.5534549400811832
11	3	0.6134968815598347
11	4	0.6887302426703186
11	5	0.7685008325404732
11	6	0.8407950384365048
11	7	0.8981349665035961
11	8	0.9402987470726654
11	9	0.9708438407913962
11	10	0.9916729818534863
11	11	0.9999999999999998
11	12	0.9892191342631511
11	13	0.953999319240468
11	14	0.8965464544877045
11	15	0.8272019629069326
11	16	0.758074084715127
11	17	0.6967018559222136
11	18	0.6443633833451632
11	19	0.5981331197705858
11	20	0.5550449082680009
11	21	0.515831469857531
11	22	0.4843641480095465
11	23	0.46344782349009156
11	24	0.45153531989767137
11	25	0.44217932144694133
11	26	0.4272878145221411
11	27	0.4044416298278969
11	28	0.37978713829410504
11	29	0.36082877119600165
11	30	0.34849353301978053
11	31	0.335540796020958
11	32	0.3157553697065163
11	33	0.2964816856827809
11	34	0.2890067960338607
11	35	0.2878364464052859
11	36	0.26807674583543517
11	37	0.24119920605833717
11	38	0.24188171402523798
11	39	0.1768728776876103
11	40	0.250686225829288
11	41	0.2575119050494878
11	42	0.2767274700405916
11	43	0.30674844077991736
11	44	0.3443651213351593
11	45	0.3842504162702366
11	46	0.4203975192182524
11	47	0.44906748325179807
11	48	0.4701493735363327
11	49	0.4854219203956981
11	50	0.49583649092674315
11	51	0.4999999999999999
11	52	0.49460956713157556
11	53	0.476999659620234
11	54	0.44827322724385227
11	55	0.4136009814534663
11	56	0.3790370423575635
11	57	0.3483509279611068
11	58	0.3221816916725816
11	59	0.2990665598852929
11	60	0.27752245413400045
11	61	0.2579157349287655
11	62	0.24218207400477326
11	63	0.23172391174504578
11	64	0.22576765994883569
11	65	0.22108966072347067
11	66	0.21364390726107055
11	67	0.20222081491394844
11	68	0.18989356914705252
11	69	0.18041438559800083
11	70	0.17424676650989027
11	71	0.167770398010479
11	72	0.15787768485325815
11	73	0.14824084284139044
11	74	0.14450339801693035
11	75	0.14391822320264294
11	76	0.13403837291771759
11	77	0.12059960302916858
11	78	0.12094085701261899
11	79	0.08843643884380516
12	0	0.4772169348132568
12	1	0.48898098593852596
12	2	0.5232129795624468
12	3	0.5770573669994377
12	4	0.6449626295083509
12	5	0.7178357314747953
12	6	0.7856000313841892
12	7	0.8423519956927267
12	8	0.8886240779878991
12	9	0.9281263731241658
12	10	0.9626952486855488
12	11	0.9892191342631511
12	12	1.0
12	13	0.9874071488106146
12	14	0.950568424966223
12	15	0.8971920971895248
12	16	0.837939768770342
12	17	0.7797504002438023
12	18	0.7235747934641001
12	19	0.6665959248207988
12	20	0.6073270711344204
12	21	0.5497815457602544
12	22	0.5017172979109721
12	23	0.4688744063232536
12	24	0.45135842241746116
12	25	0.4433289234115333
12	26	0.43582543668344426
12	27	0.42358394474153604
12	28	0.40904326029290455
12	29	0.3966980686759884
12	30	0.3850881247332487
12	31	0.36521648001849677
12	32	0.33240230027381307
12	33	0.29982497364451516
12	34	0.28455520994730904
12	35	0.28528094195637477
12	36	0.277370791948269
12	37	0.26309705704674147
12	38	0.2656919553548612
12	39	0.17516864161238666
12	40	0.2386084674066284
12	41	0.24449049296926298
12	42	0.2616064897812234
12	43	0.28852868349971883
12	44	0.32248131475417546
12	45	0.35891786573739765
12	46	0.3928000156920946
12	47	0.42117599784636334
12	48	0.44431203899394955
12	49	0.4640631865620829
12	50	0.4813476243427744
12	51	0.49460956713157556
12	52	0.5
12	53	0.4937035744053073
12	54	0.4752842124831115
12	55	0.4485960485947624
12	56	0.418969884385171
12	57	0.38987520012190113
12	58	0.36178739673205007
12	59	0.3332979624103994
12	60	0.3036635355672102
12	61	0.2748907728801272
12	62	0.25085864895548604
12	63	0.2344372031616268
12	64	0.22567921120873058
12	65	0.22166446170576665
12	66	0.21791271834172213
12	67	0.21179197237076802
12	68	0.20452163014645228
12	69	0.1983490343379942
12	70	0.19254406236662436
12	71	0.18260824000924838
12	72	0.16620115013690653
12	73	0.14991248682225758
12	74	0.14227760497365452
12	75	0.14264047097818738
12	76	0.1386853959741345
12	77	0.13154852852337073
12	78	0.1328459776774306
12	79	0.08758432080619333
13	0	0.46180836283822163
13	1	0.4710216825978523
13	2	0.4992654169441392
13	3	0.543968947703636
13	4	0.6004991942314901
13	5	0.6616034257225093
13	6	0.7196946077595666
13	7	0.7710850828077392
13	8	0.817526111577314
13	9	0.8631002867845975
13	10	0.9096893591480116
13	11	0.953999319240468
13	12	0.9874071488106146
13	13	0.9999999999999996
13	14	0.9875175124027408
13	15	0.9544623203880733
13	16	0.9094810566084415
13	17	0.8585164776507774
13	18	0.8019291694132116
13	19	0.736775659666131
13	20	0.6628392112975644
13	21	0.5873558479353974
13	22	0.5221332906356743
13	23	0.4761260192857771
13	24	0.4513680801166681
13	25	0.44290886427443843
13	26	0.44126893229996184
13	27	0.43866771818159556
13	28	0.4339539865400865
13	29	0.42853513985058056
13	30	0.41845595867291047
13	31	0.3928260943605478
13	32	0.3481609119306528
13	33	0.30302662291402505
13	34	0.2800192483014139
13	35	0.28193272763518523
13	36	0.2847334649158176
13	37	0.2822550035869962
13	38	0.2867898473918998
13	39	0.17288391587266844
13	40	0.23090418141911082
13	41	0.23551084129892616
13	42	0.2496327084720696
13	43	0.271984473851818
13	44	0.30024959711574506
13	45	0.33080171286125465
13	46	0.3598473038797833
13	47	0.3855425414038696
13	48	0.408763055788657
13	49	0.43155014339229875
13	50	0.4548446795740058
13	51	0.476999659620234
13	52	0.4937035744053073
13	53	0.4999999999999998
13	54	0.4937587562013704
13	55	0.47723116019403666
13	56	0.45474052830422074
13	57	0.4292582388253887
13	58	0.4009645847066058
13	59	0.3683878298330655
13	60	0.3314196056487822
13	61	0.2936779239676987
13	62	0.26106664531783713
13	63	0.23806300964288854
13	64	0.22568404005833406
13	65	0.22145443213721921
13	66	0.22063446614998092
13	67	0.21933385909079778
13	68	0.21697699327004324
13	69	0.21426756992529028
13	70	0.20922797933645523
13	71	0.1964130471802739
13	72	0.1740804559653264
13	73	0.15151331145701252
13	74	0.14000962415070695
13	75	0.14096636381759262
13	76	0.1423667324579088
13	77	0.1411275017934981
13	78	0.1433949236959499
13	79	0.08644195793633422
14	0	0.45100540195984756
14	1	0.4573658701308352
14	2	0.47874185874480196
14	3	0.5128099022172067
14	4	0.5558164440726453
14	5	0.6023905091884662
14	6	0.6476054831281081
14	7	0.6902308263661058
14	8	0.7334270075275102
14	9	0.7817488435688442
14	10	0.8372136472007944
14	11	0.8965464544877045
14	12	0.950568424966223
14	13	0.9875175124027408
14	14	1.0000000000000007
14	15	0.9892498389559335
14	16	0.9616430524375711
14	17	0.9218794461182156
14	18	0.8695256774793351
14	19	0.8011988025916666
14	20	0.7173771679562938
14	21	0.6277927424192452
14	22	0.5477525875432092
14	23	0.48919811756710607
14	24	0.45607559712214174
14	25	0.44448565267684037
14	26	0.44497419114572023
14	27	0.44823772621810365
14	28	0.45052463804033477
14	29	0.4507596957066814
14	30	0.44286887633084504
14	31	0.414211223720218
14	32	0.36170740488137504
14	33	0.3075738813398522
14	34	0.2784632691443677
14	35	0.28024416095322124
14	36	0.28965622832769633
14	37	0.2950780736342666
14	38	0.30117108677007454
14	39	0.17148521669877728
14	40	0.22550270097992378
14	41	0.2286829350654176
14	42	0.23937092937240098
14	43	0.25640495110860334
14	44	0.27790822203632265
14	45	0.3011952545942331
14	46	0.32380274156405403
14	47	0.3451154131830529
14	48	0.3667135037637551
14	49	0.3908744217844221
14	50	0.4186068236003972
14	51	0.44827322724385227
14	52	0.4752842124831115
14	53	0.4937587562013704
14	54	0.5000000000000003
14	55	0.4946249194779668
14	56	0.48082152621878554
14	57	0.4609397230591078
14	58	0.43476283873966753
14	59	0.4005994012958333
14	60	0.3586885839781469
14	61	0.3138963712096226
14	62	0.2738762937716046
14	63	0.24459905878355304
14	64	0.22803779856107087
14	65	0.22224282633842019
14	66	0.22248709557286012
14	67	0.22411886310905182
14	68	0.22526231902016738
14	69	0.2253798478533407
14	70	0.22143443816542252
14	71	0.207105611860109
14	72	0.18085370244068752
14	73	0.1537869406699261
14	74	0.13923163457218385
14	75	0.14012208047661062
14	76	0.14482811416384817
14	77	0.1475390368171333
14	78	0.15058554338503727
14	79	0.08574260834938864
15	0	0.44270438678605906
15	1	0.44635739694091653
15	2	0.4611610556313059
15	3	0.48498204088472235
15	4	0.5147967019329049
15	5	0.5468738191401362
15	6	0.5786726312887054
15	7	0.6112103196746012
15	8	0.6489593147802006
15	9	0.6969369712810759
15	10	0.7573642935068784
15	11	0.8272019629069326
15	12	0.8971920971895248
15	13	0.9544623203880733
15	14	0.9892498389559335
15	15	0.9999999999999998
15	16	0.9909570275152895
15	17	0.9655466703190326
15	18	0.922427017258865
15	19	0.8574088210370325
15	20	0.7707956488248167
15	21	0.6735498297100123
15	22	0.5833480760651599
15	23	0.5144632310152369
15	24	0.47245571398300745
15	25	0.4544573313200282
15	26	0.4516361236296393
15	27	0.45463980758805506
15	28	0.4588482150682898
15	29	0.4619315029388861
15	30	0.45649116926204625
15	31	0.42848353533700817
15	32	0.37409856985030815
15	33	0.3165459918921911
15	34	0.28419732338109605
15	35	0.28416522505902503
15	36	0.29378428461897793
15	37	0.30069046726213605
15	38	0.3076173162929355
15	39	0.17336725939499031
15	40	0.22135219339302953
15	41	0.22317869847045826
15	42	0.23058052781565294
15	43	0.24249102044236118
15	44	0.25739835096645247
15	45	0.2734369095700681
15	46	0.2893363156443527
15	47	0.3056051598373006
15	48	0.3244796573901003
15	49	0.34846848564053795
15	50	0.3786821467534392
15	51	0.4136009814534663
15	52	0.4485960485947624
15	53	0.47723116019403666
15	54	0.4946249194779668
15	55	0.4999999999999999
15	56	0.49547851375764473
15	57	0.4827733351595163
15	58	0.4612135086294325
15	59	0.42870441051851627
15	60	0.38539782441240833
15	61	0.33677491485500616
15	62	0.29167403803257996
15	63	0.25723161550761847
15	64	0.23622785699150373
15	65	0.2272286656600141
15	66	0.22581806181481964
15	67	0.22731990379402753
15	68	0.2294241075341449
15	69	0.23096575146944304
15	70	0.22824558463102312
15	71	0.21424176766850409
15	72	0.18704928492515407
15	73	0.15827299594609556
15	74	0.14209866169054802
15	75	0.14208261252951251
15	76	0.14689214230948897
15	77	0.15034523363106803
15	78	0.15380865814646774
15	79	0.08668362969749516
16	0	0.43595270015511073
16	1	0.4374019062695524
16	2	0.4469055268481328
16	3	0.4624484362687271
16	4	0.4815050302720895
16	5	0.5015247737675629
16	6	0.521732800689298
16	7	0.5448359132497931
16	8	0.5763040535179731
16	9	0.6215305137147494
16	10	0.6829888498399614
16	11	0.758074084715127
16	12	0.837939768770342
16	13	0.9094810566084415
16	14	0.9616430524375711
16	15	0.9909570275152895
16	16	1.0000000000000002
16	17	0.9910874594003125
16	18	0.9619390080768054
16	19	0.9071736203768079
16	20	0.8258933160419363
16	21	0.728738109180406
16	22	0.6343137458768222
16	23	0.558326644538753
16	24	0.5074634505874597
16	25	0.4796912266549729
16	26	0.4673195918084166
16	27	0.4626161308713945
16	28	0.46225166387649796
16	29	0.4642699731824625
16	30	0.460991088026198
16	31	0.43741401509348576
16	32	0.3877239772453084
16	33	0.33311877916590027
16	34	0.3010036414674988
16	35	0.2974665363632426
16	36	0.29985416556516187
16	37	0.300550594679098
16	38	0.3073764675575932
16	39	0.18079525302830446
16	40	0.21797635007755536
16	41	0.2187009531347762
16	42	0.2234527634240664
16	43	0.23122421813436356
16	44	0.24075251513604476
16	45	0.25076238688378144
16	46	0.260866400344649
16	47	0.27241795662489654
16	48	0.28815202675898655
16	49	0.3107652568573747
16	50	0.3414944249199807
16	51	0.3790370423575635
16	52	0.418969884385171
16	53	0.45474052830422074
16	54	0.48082152621878554
16	55	0.49547851375764473
16	56	0.5000000000000001
16	57	0.49554372970015625
16	58	0.4809695040384027
16	59	0.45358681018840397
16	60	0.41294665802096814
16	61	0.364369054590203
16	62	0.3171568729384111
16	63	0.2791633222693765
16	64	0.25373172529372984
16	65	0.23984561332748644
16	66	0.2336597959042083
16	67	0.23130806543569726
16	68	0.23112583193824898
16	69	0.23213498659123125
16	70	0.230495544013099
16	71	0.21870700754674288
16	72	0.1938619886226542
16	73	0.16655938958295013
16	74	0.1505018207337494
16	75	0.1487332681816213
16	76	0.14992708278258093
16	77	0.150275297339549
16	78	0.1536882337787966
16	79	0.09039762651415223
17	0	0.4291125112542362
17	1	0.42906518736754373
17	2	0.43511411600807126
17	3	0.44528952270843375
17	4	0.4572981854571379
17	5	0.46920015169758006
17	6	0.4811731724551235
17	7	0.4968474271337863
17	8	0.5222362747768492
17	9	0.5629647413142992
17	10	0.6217857127467786
17	11	0.6967018559222136
17	12	0.7797504002438023
17	13	0.8585164776507774
17	14	0.9218794461182156
17	15	0.9655466703190326
17	16	0.9910874594003125
17	17	0.9999999999999987
17	18	0.9891091841072119
17	19	0.9514882473327664
17	20	0.8839858199350016
17	21	0.7952731256183591
17	22	0.7033147112212126
17	23	0.6242325294125103
17	24	0.5652384319651486
17	25	0.5247991512057429
17	26	0.49673918819062796
17	27	0.4765783975182695
17	28	0.46456870227785246
17	29	0.4609330043315213
17	30	0.45886344732309164
17	31	0.44291092235533147
17	32	0.4040740510410526
17	33	0.35863379623408986
17	34	0.3303658142740641
17	35	0.32196202243422434
17	36	0.3098899507918257
17	37	0.29664547317025014
17	38	0.3023128575702402
17	39	0.19478978395131308
17	40	0.2145562556271181
17	41	0.21453259368377187
17	42	0.21755705800403563
17	43	0.22264476135421687
17	44	0.22864909272856895
17	45	0.23460007584879003
17	46	0.24058658622756174
17	47	0.24842371356689316
17	48	0.2611181373884246
17	49	0.2814823706571496
17	50	0.3108928563733893
17	51	0.3483509279611068
17	52	0.38987520012190113
17	53	0.4292582388253887
17	54	0.4609397230591078
17	55	0.4827733351595163
17	56	0.49554372970015625
17	57	0.49999999999999933
17	58	0.49455459205360597
17	59	0.4757441236663832
17	60	0.4419929099675008
17	61	0.39763656280917953
17	62	0.3516573556106063
17	63	0.31211626470625514
17	64	0.2826192159825743
17	65	0.26239957560287147
17	66	0.24836959409531398
17	67	0.23828919875913476
17	68	0.23228435113892623
17	69	0.23046650216576064
17	70	0.22943172366154582
17	71	0.22145546117766574
17	72	0.2020370255205263
17	73	0.17931689811704493
17	74	0.16518290713703204
17	75	0.16098101121711217
17	76	0.15494497539591284
17	77	0.14832273658512507
17	78	0.1511564287851201
17	79	0.09739489197565654
18	0	0.4188042863221943
18	1	0.4180522247466035
18	2	0.42271930389277435
18	3	0.43082375085941166
18	4	0.4400489341579592
18	5	0.44847319567747584
18	6	0.45634108047628236
18	7	0.4673342441087874
18	8	0.48745999575029736
18	9	0.5223698128299649
18	10	0.5750860950301082
18	11	0.6443633833451632
18	12	0.7235747934641001
18	13	0.8019291694132116
18	14	0.8695256774793351
18	15	0.922427017258865
18	16	0.9619390080768054
18	17	0.9891091841072119
18	18	0.9999999999999991
18	19	0.9859094598714798
18	20	0.940510575064199
18	21	0.8689162105298561
18	22	0.786833001477241
18	23	0.7096886258310212
18	24	0.6445326706978391
18	25	0.5898823937388712
18	26	0.5412420381224526
18	27	0.4987498854136941
18	28	0.46835678671674674
18	29	0.45423159085771914
18	30	0.4516039505799231
18	31	0.44519408324236787
18	32	0.4220151824892842
18	33	0.3910294852049826
18	34	0.3700203058960439
18	35	0.35613578965904563
18	36	0.3239437591654189
18	37	0.29032957295227285
18	38	0.2937124819503456
18	39	0.2142869891537572
18	40	0.20940214316109715
18	41	0.20902611237330174
18	42	0.21135965194638717
18	43	0.21541187542970583
18	44	0.2200244670789796
18	45	0.22423659783873792
18	46	0.22817054023814118
18	47	0.2336671220543937
18	48	0.24372999787514868
18	49	0.26118490641498243
18	50	0.2875430475150541
18	51	0.3221816916725816
18	52	0.36178739673205007
18	53	0.4009645847066058
18	54	0.43476283873966753
18	55	0.4612135086294325
18	56	0.4809695040384027
18	57	0.49455459205360597
18	58	0.49999999999999956
18	59	0.4929547299357399
18	60	0.4702552875320995
18	61	0.43445810526492806
18	62	0.3934165007386205
18	63	0.3548443129155106
18	64	0.3222663353489196
18	65	0.2949411968694356
18	66	0.2706210190612263
18	67	0.24937494270684704
18	68	0.23417839335837337
18	69	0.22711579542885957
18	70	0.22580197528996154
18	71	0.22259704162118393
18	72	0.2110075912446421
18	73	0.1955147426024913
18	74	0.18501015294802195
18	75	0.17806789482952282
18	76	0.16197187958270945
18	77	0.14516478647613643
18	78	0.1468562409751728
18	79	0.1071434945768786
19	0	0.4007155357299794
19	1	0.4000359371621591
19	2	0.40531606279950316
19	3	0.4145346959002139
19	4	0.42514750961925285
19	5	0.43472342125738117
19	6	0.44273619795161956
19	7	0.452048641276316
19	8	0.468069606000811
19	9	0.4962125318174336
19	10	0.5397026690582152
19	11	0.5981331197705858
19	12	0.6665959248207988
19	13	0.736775659666131
19	14	0.8011988025916666
19	15	0.8574088210370325
19	16	0.9071736203768079
19	17	0.9514882473327664
19	18	0.9859094598714798
19	19	0.9999999999999987
19	20	0.9837192906593385
19	21	0.937360031587086
19	22	0.8728754649526851
19	23	0.803859411199059
19	24	0.7364634482247474
19	25	0.668718802820773
19	26	0.5976483992719698
19	27	0.5287285603016
19	28	0.47506749259003794
19	29	0.44616383327557196
19	30	0.4402911521645166
19	31	0.4430878502454191
19	32	0.43756924165130523
19	33	0.42412328584704095
19	34	0.41296562335573206
19	35	0.39428164711653785
19	36	0.33982409027452987
19	37	0.28266784073253826
19	38	0.2827101976524515
19	39	0.2356578474575512
19	40	0.2003577678649897
19	41	0.20001796858107956
19	42	0.20265803139975158
19	43	0.20726734795010696
19	44	0.21257375480962643
19	45	0.21736171062869059
19	46	0.22136809897580978
19	47	0.226024320638158
19	48	0.2340348030004055
19	49	0.2481062659087168
19	50	0.2698513345291076
19	51	0.2990665598852929
19	52	0.3332979624103994
19	53	0.3683878298330655
19	54	0.4005994012958333
19	55	0.42870441051851627
19	56	0.45358681018840397
19	57	0.4757441236663832
19	58	0.4929547299357399
19	59	0.49999999999999933
19	60	0.49185964532966925
19	61	0.468680015793543
19	62	0.43643773247634254
19	63	0.4019297055995295
19	64	0.3682317241123737
19	65	0.3343594014103865
19	66	0.2988241996359849
19	67	0.2643642801508
19	68	0.23753374629501897
19	69	0.22308191663778598
19	70	0.2201455760822583
19	71	0.22154392512270954
19	72	0.21878462082565261
19	73	0.21206164292352048
19	74	0.20648281167786603
19	75	0.19714082355826892
19	76	0.16991204513726493
19	77	0.14133392036626913
19	78	0.14135509882622574
19	79	0.1178289237287756
20	0	0.37274126567748683
20	1	0.3727577226639438
20	2	0.3801883004561249
20	3	0.39297919978312074
20	4	0.4082460270115615
20	5	0.4226922422825081
20	6	0.43440415310421654
20	7	0.4447390521824025
20	8	0.45799700479640193
20	9	0.47908124398542856
20	10	0.5112942744364947
20	11	0.5550449082680009
20	12	0.6073270711344204
20	13	0.6628392112975644
20	14	0.7173771679562938
20	15	0.7707956488248167
20	16	0.8258933160419363
20	17	0.8839858199350016
20	18	0.940510575064199
