	Target (OIS)	Target (LIBOR)	Caplet Vola Analytic Single-Curve	Caplet Vola Monte-Carlo Single-Curve	Caplet Vola Analytic Multi-Curve Fenton-Wilkinson	Caplet Vola Analytic Multi-Curve Ju	Caplet Vola Analytic Multi-Curve Ho	Caplet Vola Analytic Multi-Curve Drift-Freeze	Caplet Vola Analytic Multi-Curve Integrated-Expectation	Caplet Vola Monte-Carlo Multi-Curve	Caplet Value Analytic Single-Curve	Caplet Value Monte-Carlo Single-Curve	Caplet Value Analytic Multi-Curve Fenton-Wilkinson	Caplet Value Analytic Multi-Curve Ju	Caplet Value Analytic Multi-Curve Ho	Caplet Value Analytic Multi-Curve Drift-Freeze	Caplet Value Analytic Multi-Curve Integrated-Expectation	Caplet Value Monte-Carlo Multi-Curve	Swaption Vola Analytic Single-Curve	Swaption Vola Monte-Carlo Single-Curve	Swaption Vola Analytic Multi-Curve Drift-Freeze	Swaption Vola Analytic Multi-Curve Integrated-Expectation	Swaption Vola Monte-Carlo Multi-Curve	Swaption Value Analytic Single-Curve	Swaption Value Monte-Carlo Single-Curve	Swaption Value Analytic Multi-Curve Drift-Freeze	Swaption Value Analytic Multi-Curve Integrated-Expectation	Swaption Value Monte-Carlo Multi-Curve	Swaption Exercise Date	Swaption Number Of Periods	Numeraire Single-Curve	Discount Single-Curve	OIS Spot Rate Single-Curve	Numeraire Multi-Curve	OIS Spot Rate Multi-Curve	LIBOR Spot Rate Multi-Curve	OIS Forward Rate Multi-Curve	LIBOR Forward Rate Multi-Curve	Time
Target (OIS)	0.0000000000E00	1.1065306597E-02	2.7759109865E-01	3.5095527830E-01	2.7021223430E-01	2.7654373100E-01	2.2255064483E-01	2.3463626103E-01	2.3463626103E-01	3.2531261251E-01	3.1974406545E-01	3.1982658552E-01	3.1849347077E-01	3.1853354570E-01	3.1887501763E-01	3.1858056477E-01	3.1858056477E-01	3.1843030365E-01	2.8887305926E-01	2.3016013049E-01	2.2350488814E-01	2.3558654275E-01	2.2299262398E-01	3.0670384732E-01	3.0677149748E-01	3.0226587634E-01	3.0227329192E-01	3.0256177705E-01	3.1089389132E-01	2.8502755691E-01	1.0755871116E22	6.9556228128E-01	3.0900759451E-01	3.4520468594E38	3.0895937336E-01	2.9496248294E-01	3.0895353202E-01	2.9495353202E-01	3.0186982720E-01	
Target (LIBOR)	1.1065306597E-02	0.0000000000E00	2.7170045454E-01	3.4499333511E-01	2.6432159020E-01	2.7065308690E-01	2.1666000073E-01	2.2874561692E-01	2.2874561692E-01	3.1927422440E-01	3.3080937205E-01	3.3089189212E-01	3.2955877737E-01	3.2959885230E-01	3.2994032423E-01	3.2964587137E-01	3.2964587137E-01	3.2949561024E-01	2.8291111607E-01	2.2395223516E-01	2.1754294495E-01	2.2962459956E-01	2.1703068079E-01	3.1759284768E-01	3.1769804324E-01	3.1299699161E-01	3.1300440720E-01	3.1329289232E-01	3.2195919791E-01	2.9554574853E-01	1.0755871116E22	6.8513325677E-01	3.2007290111E-01	3.4520468594E38	3.1999225378E-01	3.0599536335E-01	3.1998641243E-01	3.0598641243E-01	3.1279637296E-01	
Caplet Vola Analytic Single-Curve	2.7759109865E-01	2.7170045454E-01	0.0000000000E00	1.2969259840E-01	3.2182666164E-02	4.4194075498E-02	8.0075781347E-02	8.3714599437E-02	8.3714599437E-02	2.3546890384E-01	4.4872036887E-01	4.4988415834E-01	4.4643507806E-01	4.4657094816E-01	4.4941109423E-01	4.4754467078E-01	4.4754467078E-01	4.4780400219E-01	1.0008926693E-01	1.7014556713E-01	1.4684532315E-01	1.5223998763E-01	1.5262738159E-01	4.4265561774E-01	4.4563084125E-01	4.3891681286E-01	4.3887062516E-01	4.3951957397E-01	3.9512736725E-01	4.3594545530E-01	1.0755871116E22	7.5531957834E-01	4.2522000210E-01	3.4520468594E38	4.2550416271E-01	4.2116614731E-01	4.2283593140E-01	4.1139896864E-01	3.4512736725E-01	
Caplet Vola Monte-Carlo Single-Curve	3.5095527830E-01	3.4499333511E-01	1.2969259840E-01	0.0000000000E00	1.1073924800E-01	9.4931849150E-02	1.3139161208E-01	1.2156301172E-01	1.2156301172E-01	1.7410130192E-01	5.1661043498E-01	5.1582146661E-01	5.1555155392E-01	5.1547527037E-01	5.1801239316E-01	5.1611666892E-01	5.1611666892E-01	5.1648050322E-01	1.1471334053E-01	1.5940049965E-01	1.2745039016E-01	1.2025274165E-01	1.2796265432E-01	5.0871688730E-01	5.1130878571E-01	5.0687848330E-01	5.0646476811E-01	5.0689620236E-01	3.6385163080E-01	5.0385163080E-01	1.0755871116E22	7.5871791387E-01	4.8568911512E-01	3.4520468594E38	4.9055713660E-01	4.8527059344E-01	4.8881194826E-01	4.8317755673E-01	3.3385163080E-01	
Caplet Vola Analytic Multi-Curve Fenton-Wilkinson	2.7021223430E-01	2.6432159020E-01	3.2182666164E-02	1.1073924800E-01	0.0000000000E00	2.0108726827E-02	6.2558953658E-02	6.8769441808E-02	6.8769441808E-02	2.2809003950E-01	4.3782195786E-01	4.3930083712E-01	4.3596131238E-01	4.3598264900E-01	4.3880460726E-01	4.3689672900E-01	4.3689672900E-01	4.3704032286E-01	1.2118009211E-01	1.5538518884E-01	1.3221199676E-01	1.3878322529E-01	1.3786700329E-01	4.3205413018E-01	4.3502935368E-01	4.2831532529E-01	4.2826913759E-01	4.2891808641E-01	3.7717512509E-01	4.2534396774E-01	1.0755871116E22	7.6353012660E-01	4.1494443442E-01	3.4520468594E38	4.1739153745E-01	4.1378728297E-01	4.1144516421E-01	4.0185886376E-01	3.2158880479E-01	
Caplet Vola Analytic Multi-Curve Ju	2.7654373100E-01	2.7065308690E-01	4.4194075498E-02	9.4931849150E-02	2.0108726827E-02	0.0000000000E00	5.6048454690E-02	5.4452398708E-02	5.4452398708E-02	2.3442153619E-01	4.4040472010E-01	4.4095060725E-01	4.3934583904E-01	4.3926955549E-01	4.4180667828E-01	4.3991095404E-01	4.3991095404E-01	4.4300796522E-01	1.2491655311E-01	1.3626436731E-01	1.2422702715E-01	1.3079825568E-01	1.2019509342E-01	4.3251117242E-01	4.3510307083E-01	4.3067276842E-01	4.3025905323E-01	4.3069048748E-01	3.5805430356E-01	4.2764591593E-01	1.0755871116E22	7.6432466456E-01	4.1573419745E-01	3.4520468594E38	4.2372303414E-01	4.2011877967E-01	4.1260623339E-01	4.0739116000E-01	3.0214824153E-01	
Caplet Vola Analytic Multi-Curve Ho	2.2255064483E-01	2.1666000073E-01	8.0075781347E-02	1.3139161208E-01	6.2558953658E-02	5.6048454690E-02	0.0000000000E00	2.1007224839E-02	2.1007224839E-02	1.8042845003E-01	3.8621038591E-01	3.8695752108E-01	3.8529840138E-01	3.8521521690E-01	3.8765746259E-01	3.8578696399E-01	3.8578696399E-01	3.8901487905E-01	1.4875965343E-01	1.4377769066E-01	7.8418605572E-02	7.9351337070E-02	7.5485454306E-02	3.7732527522E-01	3.7991717362E-01	3.7548687122E-01	3.7507315603E-01	3.7550459028E-01	3.1520257564E-01	3.7246001872E-01	1.0755871116E22	7.8046071258E-01	3.6174111129E-01	3.4520468594E38	3.6972994798E-01	3.6612569350E-01	3.5833021670E-01	3.5339807384E-01	2.6520257564E-01	
Caplet Vola Analytic Multi-Curve Drift-Freeze	2.3463626103E-01	2.2874561692E-01	8.3714599437E-02	1.2156301172E-01	6.8769441808E-02	5.4452398708E-02	2.1007224839E-02	0.0000000000E00	0.0000000000E00	1.9251406622E-01	3.9829600211E-01	3.9904313728E-01	3.9738401757E-01	3.9730083309E-01	3.9974307878E-01	3.9787258019E-01	3.9787258019E-01	4.0110049525E-01	1.2890048528E-01	1.2391852251E-01	6.9774628446E-02	7.6345856967E-02	6.9398646635E-02	3.8715387558E-01	3.8974577399E-01	3.8531547159E-01	3.8490175639E-01	3.8533319064E-01	3.1451603541E-01	3.8228861909E-01	1.0755871116E22	7.6481358081E-01	3.7382672748E-01	3.4520468594E38	3.8181556417E-01	3.7821130969E-01	3.7041583289E-01	3.6548369003E-01	2.6887961715E-01	
Caplet Vola Analytic Multi-Curve Integrated-Expectation	2.3463626103E-01	2.2874561692E-01	8.3714599437E-02	1.2156301172E-01	6.8769441808E-02	5.4452398708E-02	2.1007224839E-02	0.0000000000E00	0.0000000000E00	1.9251406622E-01	3.9829600211E-01	3.9904313728E-01	3.9738401757E-01	3.9730083309E-01	3.9974307878E-01	3.9787258019E-01	3.9787258019E-01	4.0110049525E-01	1.2890048528E-01	1.2391852251E-01	6.9774628446E-02	7.6345856967E-02	6.9398646635E-02	3.8715387558E-01	3.8974577399E-01	3.8531547159E-01	3.8490175639E-01	3.8533319064E-01	3.1451603541E-01	3.8228861909E-01	1.0755871116E22	7.6481358081E-01	3.7382672748E-01	3.4520468594E38	3.8181556417E-01	3.7821130969E-01	3.7041583289E-01	3.6548369003E-01	2.6887961715E-01	
Caplet Vola Monte-Carlo Multi-Curve	3.2531261251E-01	3.1927422440E-01	2.3546890384E-01	1.7410130192E-01	2.2809003950E-01	2.3442153619E-01	1.8042845003E-01	1.9251406622E-01	1.9251406622E-01	0.0000000000E00	4.9311685481E-01	4.9297323412E-01	4.9190944392E-01	4.9184552157E-01	4.9446456166E-01	4.9255064624E-01	4.9255064624E-01	4.9114790579E-01	2.0109427685E-01	1.6226259585E-01	1.5422056228E-01	1.5716355348E-01	1.7375824689E-01	4.3635200408E-01	4.4575440645E-01	4.2956804417E-01	4.2930053784E-01	4.3113424552E-01	3.6542586775E-01	4.2704980503E-01	1.0755871116E22	7.5895907339E-01	4.6391247472E-01	3.4520468594E38	4.6189637087E-01	4.5497581445E-01	4.6540354632E-01	4.5907285849E-01	3.2250847604E-01	
Caplet Value Analytic Single-Curve	3.1974406545E-01	3.3080937205E-01	4.4872036887E-01	5.1661043498E-01	4.3782195786E-01	4.4040472010E-01	3.8621038591E-01	3.9829600211E-01	3.9829600211E-01	4.9311685481E-01	0.0000000000E00	1.6614690850E-03	3.1384377623E-03	2.7831578029E-03	1.4470766753E-03	2.2184642269E-03	2.2184642269E-03	2.9600887377E-03	4.5623385819E-01	4.0275639602E-01	3.8916004482E-01	4.0124169943E-01	3.8864778065E-01	9.9400891975E-02	8.0591671066E-02	1.2307732192E-01	1.2088264470E-01	1.2127370981E-01	1.5283106207E-01	3.3748057416E-01	1.0755871116E22	9.9779834868E-01	3.0921319862E-02	3.4520468594E38	3.1220483934E-02	3.9650179761E-02	2.7880169216E-02	3.9393841720E-02	1.8783106207E-01	
Caplet Value Monte-Carlo Single-Curve	3.1982658552E-01	3.3089189212E-01	4.4988415834E-01	5.1582146661E-01	4.3930083712E-01	4.4095060725E-01	3.8695752108E-01	3.9904313728E-01	3.9904313728E-01	4.9297323412E-01	1.6614690850E-03	0.0000000000E00	4.7999068473E-03	4.4161383339E-03	2.1909265476E-03	3.5339055094E-03	3.5339055094E-03	3.7953582945E-03	4.5755935305E-01	4.0408189088E-01	3.8837107646E-01	4.0045273106E-01	3.8785881229E-01	1.0020379739E-01	8.1394576480E-02	1.2406084566E-01	1.2186616844E-01	1.2207661522E-01	1.5357819724E-01	3.3787266211E-01	1.0755871116E22	9.9780122142E-01	3.0132351495E-02	3.4520468594E38	3.1495088049E-02	4.0701417583E-02	2.8871631594E-02	4.1034634259E-02	1.8857819724E-01	
Caplet Value Analytic Multi-Curve Fenton-Wilkinson	3.1849347077E-01	3.2955877737E-01	4.4643507806E-01	5.1555155392E-01	4.3596131238E-01	4.3934583904E-01	3.8529840138E-01	3.9738401757E-01	3.9738401757E-01	4.9190944392E-01	3.1384377623E-03	4.7999068473E-03	0.0000000000E00	3.8376851336E-04	3.0420700249E-03	1.3255686398E-03	1.3255686398E-03	3.7164776751E-03	4.5474513055E-01	4.0126766837E-01	3.8810116376E-01	4.0018281837E-01	3.8758889959E-01	9.7167542328E-02	7.8358321419E-02	1.2004743897E-01	1.1785276176E-01	1.1904036016E-01	1.5191907754E-01	3.3538171624E-01	1.0755871116E22	9.9752508333E-01	2.9862438802E-02	3.4520468594E38	3.0013073043E-02	3.6933629465E-02	2.6968184683E-02	3.6315132170E-02	1.8691907754E-01	
Caplet Value Analytic Multi-Curve Ju	3.1853354570E-01	3.2959885230E-01	4.4657094816E-01	5.1547527037E-01	4.3598264900E-01	4.3926955549E-01	3.8521521690E-01	3.9730083309E-01	3.9730083309E-01	4.9184552157E-01	2.7831578029E-03	4.4161383339E-03	3.8376851336E-04	0.0000000000E00	2.8401460690E-03	1.0033899402E-03	1.0033899402E-03	3.7996621570E-03	4.5471797072E-01	4.0124050854E-01	3.8802488022E-01	4.0010653482E-01	3.8751261605E-01	9.7303412429E-02	7.8494191520E-02	1.2040651837E-01	1.1821184115E-01	1.1917623026E-01	1.5183589306E-01	3.3549946437E-01	1.0755871116E22	9.9752670246E-01	2.9786155254E-02	3.4520468594E38	2.9949150701E-02	3.6869930942E-02	2.6885000201E-02	3.6634496198E-02	1.8683589306E-01	
Caplet Value Analytic Multi-Curve Ho	3.1887501763E-01	3.2994032423E-01	4.4941109423E-01	5.1801239316E-01	4.3880460726E-01	4.4180667828E-01	3.8765746259E-01	3.9974307878E-01	3.9974307878E-01	4.9446456166E-01	1.4470766753E-03	2.1909265476E-03	3.0420700249E-03	2.8401460690E-03	0.0000000000E00	1.9302270725E-03	1.9302270725E-03	3.3166558664E-03	4.5745634608E-01	4.0397888390E-01	3.9056200300E-01	4.0264365761E-01	3.9004973884E-01	1.0014355850E-01	8.1334337589E-02	1.2299799229E-01	1.2080331508E-01	1.2201637633E-01	1.5427813875E-01	3.3634303029E-01	1.0755871116E22	9.9756648292E-01	3.2323278043E-02	3.4520468594E38	3.2568190787E-02	3.9488747209E-02	2.9327245892E-02	3.9103057651E-02	1.8927813875E-01	
Caplet Value Analytic Multi-Curve Drift-Freeze	3.1858056477E-01	3.2964587137E-01	4.4754467078E-01	5.1611666892E-01	4.3689672900E-01	4.3991095404E-01	3.8578696399E-01	3.9787258019E-01	3.9787258019E-01	4.9255064624E-01	2.2184642269E-03	3.5339055094E-03	1.3255686398E-03	1.0033899402E-03	1.9302270725E-03	0.0000000000E00	0.0000000000E00	3.2279150604E-03	4.5552611900E-01	4.0204865683E-01	3.8866627876E-01	4.0074793337E-01	3.8815401460E-01	9.8277135050E-02	7.9467914141E-02	1.2137300761E-01	1.1917833040E-01	1.2014995288E-01	1.5240764015E-01	3.3571880135E-01	1.0755871116E22	9.9752769881E-01	3.0427553803E-02	3.4520468594E38	3.0654275366E-02	3.7574831788E-02	2.7456747298E-02	3.7538107581E-02	1.8740764015E-01	
Caplet Value Analytic Multi-Curve Integrated-Expectation	3.1858056477E-01	3.2964587137E-01	4.4754467078E-01	5.1611666892E-01	4.3689672900E-01	4.3991095404E-01	3.8578696399E-01	3.9787258019E-01	3.9787258019E-01	4.9255064624E-01	2.2184642269E-03	3.5339055094E-03	1.3255686398E-03	1.0033899402E-03	1.9302270725E-03	0.0000000000E00	0.0000000000E00	3.2279150604E-03	4.5552611900E-01	4.0204865683E-01	3.8866627876E-01	4.0074793337E-01	3.8815401460E-01	9.8277135050E-02	7.9467914141E-02	1.2137300761E-01	1.1917833040E-01	1.2014995288E-01	1.5240764015E-01	3.3571880135E-01	1.0755871116E22	9.9752769881E-01	3.0427553803E-02	3.4520468594E38	3.0654275366E-02	3.7574831788E-02	2.7456747298E-02	3.7538107581E-02	1.8740764015E-01	
Caplet Value Monte-Carlo Multi-Curve	3.1843030365E-01	3.2949561024E-01	4.4780400219E-01	5.1648050322E-01	4.3704032286E-01	4.4300796522E-01	3.8901487905E-01	4.0110049525E-01	4.0110049525E-01	4.9114790579E-01	2.9600887377E-03	3.7953582945E-03	3.7164776751E-03	3.7996621570E-03	3.3166558664E-03	3.2279150604E-03	3.2279150604E-03	0.0000000000E00	4.5470658523E-01	4.0122912305E-01	3.8903011306E-01	4.0111176767E-01	3.8851784890E-01	9.8241258319E-02	7.9432037410E-02	1.2144402617E-01	1.1924934895E-01	1.2011407615E-01	1.5563555522E-01	3.3513699076E-01	1.0755871116E22	9.9751576903E-01	3.0791388103E-02	3.4520468594E38	2.9251534920E-02	3.7119362954E-02	3.0684662358E-02	3.7827198882E-02	1.9063555522E-01	
Swaption Vola Analytic Single-Curve	2.8887305926E-01	2.8291111607E-01	1.0008926693E-01	1.1471334053E-01	1.2118009211E-01	1.2491655311E-01	1.4875965343E-01	1.2890048528E-01	1.2890048528E-01	2.0109427685E-01	4.5623385819E-01	4.5755935305E-01	4.5474513055E-01	4.5471797072E-01	4.5745634608E-01	4.5552611900E-01	4.5552611900E-01	4.5470658523E-01	0.0000000000E00	1.2236907950E-01	8.2862271817E-02	8.5300337130E-02	1.1852712801E-01	4.4908544204E-01	4.5045261436E-01	4.4618479658E-01	4.4591729025E-01	4.4775099793E-01	3.9087096730E-01	4.4366655744E-01	1.0755871116E22	7.1489487239E-01	4.3244457264E-01	3.4520468594E38	4.2847491756E-01	4.2318837440E-01	4.2868772146E-01	4.2109533769E-01	3.7868081002E-01	
Swaption Vola Monte-Carlo Single-Curve	2.3016013049E-01	2.2395223516E-01	1.7014556713E-01	1.5940049965E-01	1.5538518884E-01	1.3626436731E-01	1.4377769066E-01	1.2391852251E-01	1.2391852251E-01	1.6226259585E-01	4.0275639602E-01	4.0408189088E-01	4.0126766837E-01	4.0124050854E-01	4.0397888390E-01	4.0204865683E-01	4.0204865683E-01	4.0122912305E-01	1.2236907950E-01	0.0000000000E00	6.9079864564E-02	6.9314476770E-02	8.9081000175E-02	3.9560797987E-01	3.9697515219E-01	3.9270733440E-01	3.9243982808E-01	3.9427353575E-01	3.8369884725E-01	3.9018909526E-01	1.0755871116E22	7.1988368862E-01	3.8268411402E-01	3.4520468594E38	3.8270468859E-01	3.6870779817E-01	3.8269884725E-01	3.6869884725E-01	3.7369884725E-01	
Swaption Vola Analytic Multi-Curve Drift-Freeze	2.2350488814E-01	2.1754294495E-01	1.4684532315E-01	1.2745039016E-01	1.3221199676E-01	1.2422702715E-01	7.8418605572E-02	6.9774628446E-02	6.9774628446E-02	1.5422056228E-01	3.8916004482E-01	3.8837107646E-01	3.8810116376E-01	3.8802488022E-01	3.9056200300E-01	3.8866627876E-01	3.8866627876E-01	3.8903011306E-01	8.2862271817E-02	6.9079864564E-02	0.0000000000E00	1.2081654607E-02	3.9848705099E-02	3.8126649715E-01	3.8385839555E-01	3.7942809315E-01	3.7901437795E-01	3.7944581220E-01	3.1461898268E-01	3.7640124065E-01	1.0755871116E22	7.3516918567E-01	3.5823872496E-01	3.4520468594E38	3.6310674644E-01	3.5782020328E-01	3.6136155811E-01	3.5572716658E-01	3.0461898268E-01	
Swaption Vola Analytic Multi-Curve Integrated-Expectation	2.3558654275E-01	2.2962459956E-01	1.5223998763E-01	1.2025274165E-01	1.3878322529E-01	1.3079825568E-01	7.9351337070E-02	7.6345856967E-02	7.6345856967E-02	1.5716355348E-01	4.0124169943E-01	4.0045273106E-01	4.0018281837E-01	4.0010653482E-01	4.0264365761E-01	4.0074793337E-01	4.0074793337E-01	4.0111176767E-01	8.5300337130E-02	6.9314476770E-02	1.2081654607E-02	0.0000000000E00	4.6859838435E-02	3.9334815175E-01	3.9594005016E-01	3.9150974776E-01	3.9109603256E-01	3.9152746681E-01	3.1438437048E-01	3.8848289526E-01	1.0755871116E22	7.3553374556E-01	3.7032037957E-01	3.4520468594E38	3.7518840105E-01	3.6990185789E-01	3.7344321272E-01	3.6780882118E-01	3.0438437048E-01	
Swaption Vola Monte-Carlo Multi-Curve	2.2299262398E-01	2.1703068079E-01	1.5262738159E-01	1.2796265432E-01	1.3786700329E-01	1.2019509342E-01	7.5485454306E-02	6.9398646635E-02	6.9398646635E-02	1.7375824689E-01	3.8864778065E-01	3.8785881229E-01	3.8758889959E-01	3.8751261605E-01	3.9004973884E-01	3.8815401460E-01	3.8815401460E-01	3.8851784890E-01	1.1852712801E-01	8.9081000175E-02	3.9848705099E-02	4.6859838435E-02	0.0000000000E00	3.8075423298E-01	3.8334613138E-01	3.7891582898E-01	3.7850211378E-01	3.7893354804E-01	3.3168086909E-01	3.7588897648E-01	1.0755871116E22	7.3592856938E-01	3.5772646079E-01	3.4520468594E38	3.6305974484E-01	3.5945549036E-01	3.6084929394E-01	3.5521490241E-01	3.1168086909E-01	
Swaption Value Analytic Single-Curve	3.0670384732E-01	3.1759284768E-01	4.4265561774E-01	5.0871688730E-01	4.3205413018E-01	4.3251117242E-01	3.7732527522E-01	3.8715387558E-01	3.8715387558E-01	4.3635200408E-01	9.9400891975E-02	1.0020379739E-01	9.7167542328E-02	9.7303412429E-02	1.0014355850E-01	9.8277135050E-02	9.8277135050E-02	9.8241258319E-02	4.4908544204E-01	3.9560797987E-01	3.8126649715E-01	3.9334815175E-01	3.8075423298E-01	0.0000000000E00	2.2997948792E-02	2.5190561346E-02	2.3982728017E-02	2.5693959292E-02	1.4486525650E-01	2.9224370464E-01	1.0755871116E22	9.9703113963E-01	7.6652490393E-02	3.4520468594E38	7.5759727134E-02	6.3737664588E-02	7.3708831918E-02	6.1867887131E-02	1.7486525650E-01	
Swaption Value Monte-Carlo Single-Curve	3.0677149748E-01	3.1769804324E-01	4.4563084125E-01	5.1130878571E-01	4.3502935368E-01	4.3510307083E-01	3.7991717362E-01	3.8974577399E-01	3.8974577399E-01	4.4575440645E-01	8.0591671066E-02	8.1394576480E-02	7.8358321419E-02	7.8494191520E-02	8.1334337589E-02	7.9467914141E-02	7.9467914141E-02	7.9432037410E-02	4.5045261436E-01	3.9697515219E-01	3.8385839555E-01	3.9594005016E-01	3.8334613138E-01	2.2997948792E-02	0.0000000000E00	4.8188510138E-02	4.5993832921E-02	4.5836025830E-02	1.4745715490E-01	2.9592454799E-01	1.0755871116E22	9.9704817157E-01	5.5590441224E-02	3.4520468594E38	5.2866325301E-02	4.4928443680E-02	5.4058666222E-02	4.3058666222E-02	1.7745715490E-01	
Swaption Value Analytic Multi-Curve Drift-Freeze	3.0226587634E-01	3.1299699161E-01	4.3891681286E-01	5.0687848330E-01	4.2831532529E-01	4.3067276842E-01	3.7548687122E-01	3.8531547159E-01	3.8531547159E-01	4.2956804417E-01	1.2307732192E-01	1.2406084566E-01	1.2004743897E-01	1.2040651837E-01	1.2299799229E-01	1.2137300761E-01	1.2137300761E-01	1.2144402617E-01	4.4618479658E-01	3.9270733440E-01	3.7942809315E-01	3.9150974776E-01	3.7891582898E-01	2.5190561346E-02	4.8188510138E-02	0.0000000000E00	2.4956777822E-03	4.8805672553E-03	1.4302685250E-01	2.7694842282E-01	1.0755871116E22	9.9587434512E-01	1.0184305174E-01	3.4520468594E38	1.0095028848E-01	8.7011732062E-02	9.8899393264E-02	8.3899393264E-02	1.7302685250E-01	
Swaption Value Analytic Multi-Curve Integrated-Expectation	3.0227329192E-01	3.1300440720E-01	4.3887062516E-01	5.0646476811E-01	4.2826913759E-01	4.3025905323E-01	3.7507315603E-01	3.8490175639E-01	3.8490175639E-01	4.2930053784E-01	1.2088264470E-01	1.2186616844E-01	1.1785276176E-01	1.1821184115E-01	1.2080331508E-01	1.1917833040E-01	1.1917833040E-01	1.1924934895E-01	4.4591729025E-01	3.9243982808E-01	3.7901437795E-01	3.9109603256E-01	3.7850211378E-01	2.3982728017E-02	4.5993832921E-02	2.4956777822E-03	0.0000000000E00	5.4280161113E-03	1.4261313730E-01	2.7701584524E-01	1.0755871116E22	9.9587728207E-01	9.9648374522E-02	3.4520468594E38	9.8755611263E-02	8.4817054845E-02	9.6704716047E-02	8.1704716047E-02	1.7261313730E-01	
Swaption Value Monte-Carlo Multi-Curve	3.0256177705E-01	3.1329289232E-01	4.3951957397E-01	5.0689620236E-01	4.2891808641E-01	4.3069048748E-01	3.7550459028E-01	3.8533319064E-01	3.8533319064E-01	4.3113424552E-01	1.2127370981E-01	1.2207661522E-01	1.1904036016E-01	1.1917623026E-01	1.2201637633E-01	1.2014995288E-01	1.2014995288E-01	1.2011407615E-01	4.4775099793E-01	3.9427353575E-01	3.7944581220E-01	3.9152746681E-01	3.7893354804E-01	2.5693959292E-02	4.5836025830E-02	4.8805672553E-03	5.4280161113E-03	0.0000000000E00	1.4304457156E-01	2.8182899008E-01	1.0755871116E22	9.9588046292E-01	9.9490567431E-02	3.4520468594E38	9.8597804172E-02	8.5610482423E-02	9.6546908956E-02	8.3740704965E-02	1.7304457156E-01	
Swaption Exercise Date	3.1089389132E-01	3.2195919791E-01	3.9512736725E-01	3.6385163080E-01	3.7717512509E-01	3.5805430356E-01	3.1520257564E-01	3.1451603541E-01	3.1451603541E-01	3.6542586775E-01	1.5283106207E-01	1.5357819724E-01	1.5191907754E-01	1.5183589306E-01	1.5427813875E-01	1.5240764015E-01	1.5240764015E-01	1.5563555522E-01	3.9087096730E-01	3.8369884725E-01	3.1461898268E-01	3.1438437048E-01	3.3168086909E-01	1.4486525650E-01	1.4745715490E-01	1.4302685250E-01	1.4261313730E-01	1.4304457156E-01	0.0000000000E00	3.3000000000E-01	1.0755871116E22	9.8800399202E-01	1.2836178745E-01	3.4520468594E38	1.3635062414E-01	1.3274636966E-01	1.2496031746E-01	1.2001875000E-01	6.5000000000E-02	
Swaption Number Of Periods	2.8502755691E-01	2.9554574853E-01	4.3594545530E-01	5.0385163080E-01	4.2534396774E-01	4.2764591593E-01	3.7246001872E-01	3.8228861909E-01	3.8228861909E-01	4.2704980503E-01	3.3748057416E-01	3.3787266211E-01	3.3538171624E-01	3.3549946437E-01	3.3634303029E-01	3.3571880135E-01	3.3571880135E-01	3.3513699076E-01	4.4366655744E-01	3.9018909526E-01	3.7640124065E-01	3.8848289526E-01	3.7588897648E-01	2.9224370464E-01	2.9592454799E-01	2.7694842282E-01	2.7701584524E-01	2.8182899008E-01	3.3000000000E-01	0.0000000000E00	1.0755871116E22	9.7800399202E-01	3.2335686005E-01	3.4520468594E38	3.2245789701E-01	3.0434056050E-01	3.2246250000E-01	3.0500000000E-01	2.9500000000E-01	
Numeraire Single-Curve	1.0755871116E22	1.0755871116E22	1.0755871116E22	1.0755871116E22	1.0755871116E22	1.0755871116E22	1.0755871116E22	1.0755871116E22	1.0755871116E22	1.0755871116E22	1.0755871116E22	1.0755871116E22	1.0755871116E22	1.0755871116E22	1.0755871116E22	1.0755871116E22	1.0755871116E22	1.0755871116E22	1.0755871116E22	1.0755871116E22	1.0755871116E22	1.0755871116E22	1.0755871116E22	1.0755871116E22	1.0755871116E22	1.0755871116E22	1.0755871116E22	1.0755871116E22	1.0755871116E22	1.0755871116E22	0.0000000000E00	1.0755871116E22	1.0755871116E22	3.4520468594E38	1.0755871116E22	1.0755871116E22	1.0755871116E22	1.0755871116E22	1.0755871116E22	
Discount Single-Curve	6.9556228128E-01	6.8513325677E-01	7.5531957834E-01	7.5871791387E-01	7.6353012660E-01	7.6432466456E-01	7.8046071258E-01	7.6481358081E-01	7.6481358081E-01	7.5895907339E-01	9.9779834868E-01	9.9780122142E-01	9.9752508333E-01	9.9752670246E-01	9.9756648292E-01	9.9752769881E-01	9.9752769881E-01	9.9751576903E-01	7.1489487239E-01	7.1988368862E-01	7.3516918567E-01	7.3553374556E-01	7.3592856938E-01	9.9703113963E-01	9.9704817157E-01	9.9587434512E-01	9.9587728207E-01	9.9588046292E-01	9.8800399202E-01	9.7800399202E-01	1.0755871116E22	0.0000000000E00	9.9195444922E-01	3.4520468594E38	9.9196723536E-01	9.8339882894E-01	9.9195867952E-01	9.8343367952E-01	9.9300399202E-01	
OIS Spot Rate Single-Curve	3.0900759451E-01	3.2007290111E-01	4.2522000210E-01	4.8568911512E-01	4.1494443442E-01	4.1573419745E-01	3.6174111129E-01	3.7382672748E-01	3.7382672748E-01	4.6391247472E-01	3.0921319862E-02	3.0132351495E-02	2.9862438802E-02	2.9786155254E-02	3.2323278043E-02	3.0427553803E-02	3.0427553803E-02	3.0791388103E-02	4.3244457264E-01	3.8268411402E-01	3.5823872496E-01	3.7032037957E-01	3.5772646079E-01	7.6652490393E-02	5.5590441224E-02	1.0184305174E-01	9.9648374522E-02	9.9490567431E-02	1.2836178745E-01	3.2335686005E-01	1.0755871116E22	9.9195444922E-01	0.0000000000E00	3.4520468594E38	7.9888366876E-03	2.2205161398E-02	4.6456344745E-03	2.1397784024E-02	1.6336178745E-01	
Numeraire Multi-Curve	3.4520468594E38	3.4520468594E38	3.4520468594E38	3.4520468594E38	3.4520468594E38	3.4520468594E38	3.4520468594E38	3.4520468594E38	3.4520468594E38	3.4520468594E38	3.4520468594E38	3.4520468594E38	3.4520468594E38	3.4520468594E38	3.4520468594E38	3.4520468594E38	3.4520468594E38	3.4520468594E38	3.4520468594E38	3.4520468594E38	3.4520468594E38	3.4520468594E38	3.4520468594E38	3.4520468594E38	3.4520468594E38	3.4520468594E38	3.4520468594E38	3.4520468594E38	3.4520468594E38	3.4520468594E38	3.4520468594E38	3.4520468594E38	3.4520468594E38	0.0000000000E00	3.4520468594E38	3.4520468594E38	3.4520468594E38	3.4520468594E38	3.4520468594E38	
OIS Spot Rate Multi-Curve	3.0895937336E-01	3.1999225378E-01	4.2550416271E-01	4.9055713660E-01	4.1739153745E-01	4.2372303414E-01	3.6972994798E-01	3.8181556417E-01	3.8181556417E-01	4.6189637087E-01	3.1220483934E-02	3.1495088049E-02	3.0013073043E-02	2.9949150701E-02	3.2568190787E-02	3.0654275366E-02	3.0654275366E-02	2.9251534920E-02	4.2847491756E-01	3.8270468859E-01	3.6310674644E-01	3.7518840105E-01	3.6305974484E-01	7.5759727134E-02	5.2866325301E-02	1.0095028848E-01	9.8755611263E-02	9.8597804172E-02	1.3635062414E-01	3.2245789701E-01	1.0755871116E22	9.9196723536E-01	7.9888366876E-03	3.4520468594E38	0.0000000000E00	1.9698299508E-02	1.1399731280E-02	1.8863117755E-02	1.7135062414E-01	
LIBOR Spot Rate Multi-Curve	2.9496248294E-01	3.0599536335E-01	4.2116614731E-01	4.8527059344E-01	4.1378728297E-01	4.2011877967E-01	3.6612569350E-01	3.7821130969E-01	3.7821130969E-01	4.5497581445E-01	3.9650179761E-02	4.0701417583E-02	3.6933629465E-02	3.6869930942E-02	3.9488747209E-02	3.7574831788E-02	3.7574831788E-02	3.7119362954E-02	4.2318837440E-01	3.6870779817E-01	3.5782020328E-01	3.6990185789E-01	3.5945549036E-01	6.3737664588E-02	4.4928443680E-02	8.7011732062E-02	8.4817054845E-02	8.5610482423E-02	1.3274636966E-01	3.0434056050E-01	1.0755871116E22	9.8339882894E-01	2.2205161398E-02	3.4520468594E38	1.9698299508E-02	0.0000000000E00	2.0240274345E-02	1.2727619661E-02	1.6774636966E-01	
OIS Forward Rate Multi-Curve	3.0895353202E-01	3.1998641243E-01	4.2283593140E-01	4.8881194826E-01	4.1144516421E-01	4.1260623339E-01	3.5833021670E-01	3.7041583289E-01	3.7041583289E-01	4.6540354632E-01	2.7880169216E-02	2.8871631594E-02	2.6968184683E-02	2.6885000201E-02	2.9327245892E-02	2.7456747298E-02	2.7456747298E-02	3.0684662358E-02	4.2868772146E-01	3.8269884725E-01	3.6136155811E-01	3.7344321272E-01	3.6084929394E-01	7.3708831918E-02	5.4058666222E-02	9.8899393264E-02	9.6704716047E-02	9.6546908956E-02	1.2496031746E-01	3.2246250000E-01	1.0755871116E22	9.9195867952E-01	4.6456344745E-03	3.4520468594E38	1.1399731280E-02	2.0240274345E-02	0.0000000000E00	1.9405092593E-02	1.5995089286E-01	
LIBOR Forward Rate Multi-Curve	2.9495353202E-01	3.0598641243E-01	4.1139896864E-01	4.8317755673E-01	4.0185886376E-01	4.0739116000E-01	3.5339807384E-01	3.6548369003E-01	3.6548369003E-01	4.5907285849E-01	3.9393841720E-02	4.1034634259E-02	3.6315132170E-02	3.6634496198E-02	3.9103057651E-02	3.7538107581E-02	3.7538107581E-02	3.7827198882E-02	4.2109533769E-01	3.6869884725E-01	3.5572716658E-01	3.6780882118E-01	3.5521490241E-01	6.1867887131E-02	4.3058666222E-02	8.3899393264E-02	8.1704716047E-02	8.3740704965E-02	1.2001875000E-01	3.0500000000E-01	1.0755871116E22	9.8343367952E-01	2.1397784024E-02	3.4520468594E38	1.8863117755E-02	1.2727619661E-02	1.9405092593E-02	0.0000000000E00	1.5501875000E-01	
Time	3.0186982720E-01	3.1279637296E-01	3.4512736725E-01	3.3385163080E-01	3.2158880479E-01	3.0214824153E-01	2.6520257564E-01	2.6887961715E-01	2.6887961715E-01	3.2250847604E-01	1.8783106207E-01	1.8857819724E-01	1.8691907754E-01	1.8683589306E-01	1.8927813875E-01	1.8740764015E-01	1.8740764015E-01	1.9063555522E-01	3.7868081002E-01	3.7369884725E-01	3.0461898268E-01	3.0438437048E-01	3.1168086909E-01	1.7486525650E-01	1.7745715490E-01	1.7302685250E-01	1.7261313730E-01	1.7304457156E-01	6.5000000000E-02	2.9500000000E-01	1.0755871116E22	9.9300399202E-01	1.6336178745E-01	3.4520468594E38	1.7135062414E-01	1.6774636966E-01	1.5995089286E-01	1.5501875000E-01	0.0000000000E00	
