	Target (OIS)	Target (LIBOR)	Caplet Vola Analytic Single-Curve	Caplet Vola Monte-Carlo Single-Curve	Caplet Vola Analytic Multi-Curve Fenton-Wilkinson	Caplet Vola Analytic Multi-Curve Ju	Caplet Vola Analytic Multi-Curve Ho	Caplet Vola Analytic Multi-Curve Drift-Freeze	Caplet Vola Analytic Multi-Curve Integrated-Expectation	Caplet Vola Monte-Carlo Multi-Curve	Caplet Value Analytic Single-Curve	Caplet Value Monte-Carlo Single-Curve	Caplet Value Analytic Multi-Curve Fenton-Wilkinson	Caplet Value Analytic Multi-Curve Ju	Caplet Value Analytic Multi-Curve Ho	Caplet Value Analytic Multi-Curve Drift-Freeze	Caplet Value Analytic Multi-Curve Integrated-Expectation	Caplet Value Monte-Carlo Multi-Curve	Swaption Vola Analytic Single-Curve	Swaption Vola Monte-Carlo Single-Curve	Swaption Vola Analytic Multi-Curve Drift-Freeze	Swaption Vola Analytic Multi-Curve Integrated-Expectation	Swaption Vola Monte-Carlo Multi-Curve	Swaption Value Analytic Single-Curve	Swaption Value Monte-Carlo Single-Curve	Swaption Value Analytic Multi-Curve Drift-Freeze	Swaption Value Analytic Multi-Curve Integrated-Expectation	Swaption Value Monte-Carlo Multi-Curve	Swaption Exercise Date	Swaption Number Of Periods	Numeraire Single-Curve	Discount Single-Curve	OIS Spot Rate Single-Curve	Numeraire Multi-Curve	OIS Spot Rate Multi-Curve	LIBOR Spot Rate Multi-Curve	OIS Forward Rate Multi-Curve	LIBOR Forward Rate Multi-Curve	Time
Target (OIS)	0.0000000000E00	4.4066718013E-02	8.4581165946E-01	1.1832433891E00	8.4700995342E-01	8.7974002968E-01	7.5652275682E-01	7.9072522735E-01	7.9072522735E-01	1.0802803976E00	2.5379417016E00	2.5458954594E00	2.5064503637E00	2.5083789028E00	2.5295471241E00	2.5148316512E00	2.5148316512E00	2.5127451579E00	8.9001679261E-01	7.8977717311E-01	7.7134300548E-01	8.1512416179E-01	7.6913786201E-01	2.0974724605E00	2.1555219912E00	1.9765159499E00	1.9793400072E00	1.9782314635E00	2.0054266043E00	1.5014567980E00	7.7996172218E01	1.2943447396E00	2.2804234912E00	7.7986276225E01	2.2700397839E00	2.0672319296E00	2.2647961638E00	2.0587363934E00	1.7406487295E00	
Target (LIBOR)	4.4066718013E-02	0.0000000000E00	8.1726485580E-01	1.1466888457E00	8.1763708961E-01	8.4949923741E-01	7.2599517777E-01	7.5997364971E-01	7.5997364971E-01	1.0454529933E00	2.5399675428E00	2.5476663011E00	2.5094800535E00	2.5113479402E00	2.5318459648E00	2.5175979116E00	2.5175979116E00	2.5155782560E00	8.6036634860E-01	7.5741388846E-01	7.3989998662E-01	7.8296629625E-01	7.3774435228E-01	2.1105117815E00	2.1674794485E00	1.9912698141E00	1.9940374577E00	1.9929372910E00	2.0213117862E00	1.5227253054E00	7.7996172218E01	1.2649198515E00	2.2901533098E00	7.7986276225E01	2.2798119413E00	2.0824405038E00	2.2747052547E00	2.0741298056E00	1.7604504238E00	
Caplet Vola Analytic Single-Curve	8.4581165946E-01	8.1726485580E-01	0.0000000000E00	3.4314577369E-01	8.0383035857E-02	1.1168735284E-01	2.1323792008E-01	2.2141860341E-01	2.2141860341E-01	6.1562971177E-01	2.1642494554E00	2.1736492053E00	2.1420285051E00	2.1435208870E00	2.1668019470E00	2.1513663660E00	2.1513663660E00	2.1521433881E00	2.4657522208E-01	4.5643386156E-01	3.9569416667E-01	4.1105210067E-01	4.1109221079E-01	1.9451158555E00	1.9923913160E00	1.8735025936E00	1.8750217637E00	1.8759396601E00	1.6716212091E00	1.6075785196E00	7.7996172218E01	1.2207518973E00	1.9608773521E00	7.7986276225E01	1.9567863232E00	1.8799358629E00	1.9417250047E00	1.8315605027E00	1.3546562234E00	
Caplet Vola Monte-Carlo Single-Curve	1.1832433891E00	1.1466888457E00	3.4314577369E-01	0.0000000000E00	3.0028870662E-01	2.6072723417E-01	3.8202708106E-01	3.5083880394E-01	3.5083880394E-01	4.9616470124E-01	2.9395864333E00	2.9411417043E00	2.9155785074E00	2.9164949490E00	2.9463141446E00	2.9252071831E00	2.9252071831E00	2.9265164012E00	3.0645195870E-01	4.6720200849E-01	3.7538661662E-01	3.5496220493E-01	3.7671264026E-01	2.5957271444E00	2.6620147709E00	2.5008114787E00	2.5014168807E00	2.5006896591E00	1.7767642972E00	2.1029657914E00	7.7996172218E01	1.2922208193E00	2.6216415339E00	7.7986276225E01	2.6393900471E00	2.5216495184E00	2.6255851459E00	2.5031710935E00	1.4958802370E00	
Caplet Vola Analytic Multi-Curve Fenton-Wilkinson	8.4700995342E-01	8.1763708961E-01	8.0383035857E-02	3.0028870662E-01	0.0000000000E00	5.2025254444E-02	1.7076410693E-01	1.8641404219E-01	1.8641404219E-01	6.1099584054E-01	2.2094695387E00	2.2209809326E00	2.1881105113E00	2.1891154761E00	2.2135958210E00	2.1970934713E00	2.1970934713E00	2.1973140096E00	3.0543816909E-01	4.2735717676E-01	3.6529496609E-01	3.8423811828E-01	3.8074616653E-01	1.9782978184E00	2.0282000891E00	1.9027772016E00	1.9043862738E00	1.9053113996E00	1.6601180363E00	1.6234163781E00	7.7996172218E01	1.2525981861E00	1.9980380604E00	7.7986276225E01	2.0040450465E00	1.9258799446E00	1.9725344137E00	1.8652878404E00	1.3094262011E00	
Caplet Vola Analytic Multi-Curve Ju	8.7974002968E-01	8.4949923741E-01	1.1168735284E-01	2.6072723417E-01	5.2025254444E-02	0.0000000000E00	1.5496896433E-01	1.4949793319E-01	1.4949793319E-01	6.3591462440E-01	2.2761675858E00	2.2832511395E00	2.2580448423E00	2.2586013970E00	2.2825340790E00	2.2654769753E00	2.2654769753E00	2.2808929488E00	3.1860781875E-01	3.7964712443E-01	3.4772132511E-01	3.6687616051E-01	3.3628056605E-01	2.0236802541E00	2.0737116847E00	1.9538003515E00	1.9538242897E00	1.9537304195E00	1.6090453786E00	1.6618346578E00	7.7996172218E01	1.2635862132E00	2.0479104945E00	7.7986276225E01	2.0811270664E00	1.9988108183E00	2.0234205868E00	1.9328815745E00	1.2541259859E00	
Caplet Vola Analytic Multi-Curve Ho	7.5652275682E-01	7.2599517777E-01	2.1323792008E-01	3.8202708106E-01	1.7076410693E-01	1.5496896433E-01	0.0000000000E00	6.1056196179E-02	6.1056196179E-02	5.1778003301E-01	2.2283875712E00	2.2373610962E00	2.2093079758E00	2.2098664970E00	2.2357754753E00	2.2170528062E00	2.2170528062E00	2.2350200700E00	4.0000057994E-01	4.2443300073E-01	2.3263475861E-01	2.3592072697E-01	2.2382396335E-01	1.9494604702E00	2.0032845140E00	1.8750260979E00	1.8749680033E00	1.8749557931E00	1.5576746875E00	1.5704860933E00	7.7996172218E01	1.3347736805E00	1.9785359042E00	7.7986276225E01	2.0156315860E00	1.9268454662E00	1.9501616956E00	1.8541594573E00	1.2013598104E00	
Caplet Vola Analytic Multi-Curve Drift-Freeze	7.9072522735E-01	7.5997364971E-01	2.2141860341E-01	3.5083880394E-01	1.8641404219E-01	1.4949793319E-01	6.1056196179E-02	0.0000000000E00	0.0000000000E00	5.4843371530E-01	2.2646718362E00	2.2735891550E00	2.2456459782E00	2.2462132052E00	2.2719368862E00	2.2533585566E00	2.2533585566E00	2.2710560790E00	3.4423181769E-01	3.6306506889E-01	2.0543174186E-01	2.2527066168E-01	2.0422571988E-01	1.9741320006E00	2.0277406685E00	1.8998216688E00	1.8997905534E00	1.8997501780E00	1.5348659486E00	1.5947162767E00	7.7996172218E01	1.3023120639E00	2.0164069543E00	7.7986276225E01	2.0528702093E00	1.9639915501E00	1.9882373921E00	1.8921564011E00	1.2040548328E00	
Caplet Vola Analytic Multi-Curve Integrated-Expectation	7.9072522735E-01	7.5997364971E-01	2.2141860341E-01	3.5083880394E-01	1.8641404219E-01	1.4949793319E-01	6.1056196179E-02	0.0000000000E00	0.0000000000E00	5.4843371530E-01	2.2646718362E00	2.2735891550E00	2.2456459782E00	2.2462132052E00	2.2719368862E00	2.2533585566E00	2.2533585566E00	2.2710560790E00	3.4423181769E-01	3.6306506889E-01	2.0543174186E-01	2.2527066168E-01	2.0422571988E-01	1.9741320006E00	2.0277406685E00	1.8998216688E00	1.8997905534E00	1.8997501780E00	1.5348659486E00	1.5947162767E00	7.7996172218E01	1.3023120639E00	2.0164069543E00	7.7986276225E01	2.0528702093E00	1.9639915501E00	1.9882373921E00	1.8921564011E00	1.2040548328E00	
Caplet Vola Monte-Carlo Multi-Curve	1.0802803976E00	1.0454529933E00	6.1562971177E-01	4.9616470124E-01	6.1099584054E-01	6.3591462440E-01	5.1778003301E-01	5.4843371530E-01	5.4843371530E-01	0.0000000000E00	2.7353547367E00	2.7400477978E00	2.7123485131E00	2.7132186133E00	2.7416969574E00	2.7217197740E00	2.7217197740E00	2.7132880037E00	5.3078776043E-01	4.6935522388E-01	4.4824991362E-01	4.5779048330E-01	5.0479549488E-01	2.1761548067E00	2.2672173276E00	2.0730214382E00	2.0738767216E00	2.0804093893E00	1.7458094120E00	1.7493172255E00	7.7996172218E01	1.2827289136E00	2.4442924197E00	7.7986276225E01	2.4260184745E00	2.3098213855E00	2.4404331558E00	2.3237264244E00	1.4162908508E00	
Caplet Value Analytic Single-Curve	2.5379417016E00	2.5399675428E00	2.1642494554E00	2.9395864333E00	2.2094695387E00	2.2761675858E00	2.2283875712E00	2.2646718362E00	2.2646718362E00	2.7353547367E00	0.0000000000E00	3.4886600049E-01	5.0557851225E-01	4.5432654357E-01	2.7837991057E-01	3.8126071371E-01	3.8126071371E-01	5.0477707233E-01	2.2396414822E00	2.3613458445E00	2.3041020953E00	2.3861093356E00	2.2988270489E00	3.9190475269E00	3.7559658192E00	3.8381641546E00	3.7951030389E00	3.7799194263E00	4.4734011603E00	4.8930019058E00	7.7996172218E01	2.3955378188E00	2.1117421072E00	7.7986276225E01	2.0484333375E00	1.8169118036E00	1.7925117367E00	1.7580811505E00	3.5735255910E00	
Caplet Value Monte-Carlo Single-Curve	2.5458954594E00	2.5476663011E00	2.1736492053E00	2.9411417043E00	2.2209809326E00	2.2832511395E00	2.2373610962E00	2.2735891550E00	2.2735891550E00	2.7400477978E00	3.4886600049E-01	0.0000000000E00	8.2099760836E-01	7.6606391680E-01	4.5294935761E-01	6.4752312075E-01	6.4752312075E-01	6.8969324489E-01	2.2501379081E00	2.3741446917E00	2.3043586451E00	2.3865435414E00	2.2990720545E00	4.0077754243E00	3.8583323565E00	3.9129085337E00	3.8698625236E00	3.8482669858E00	4.5433016038E00	4.9244745384E00	7.7996172218E01	2.3976237936E00	2.1099048042E00	7.7986276225E01	2.1166100396E00	1.8964713038E00	1.9003866726E00	1.8613095557E00	3.6125641525E00	
Caplet Value Analytic Multi-Curve Fenton-Wilkinson	2.5064503637E00	2.5094800535E00	2.1420285051E00	2.9155785074E00	2.1881105113E00	2.2580448423E00	2.2093079758E00	2.2456459782E00	2.2456459782E00	2.7123485131E00	5.0557851225E-01	8.2099760836E-01	0.0000000000E00	5.3228402602E-02	4.8423987053E-01	1.9203607815E-01	1.9203607815E-01	5.3489139154E-01	2.2205178177E00	2.3377606873E00	2.2831799342E00	2.3645702739E00	2.2779587491E00	3.6739810700E00	3.4762692826E00	3.6212680356E00	3.5782118764E00	3.5890530873E00	4.3099632717E00	4.7873348728E00	7.7996172218E01	2.3886655747E00	1.8988596753E00	7.7986276225E01	1.8384619029E00	1.6123442107E00	1.6209144802E00	1.5459009334E00	3.4843201126E00	
Caplet Value Analytic Multi-Curve Ju	2.5083789028E00	2.5113479402E00	2.1435208870E00	2.9164949490E00	2.1891154761E00	2.2586013970E00	2.2098664970E00	2.2462132052E00	2.2462132052E00	2.7132186133E00	4.5432654357E-01	7.6606391680E-01	5.3228402602E-02	0.0000000000E00	4.5805589036E-01	1.4710334213E-01	1.4710334213E-01	5.5337210593E-01	2.2212715640E00	2.3387159024E00	2.2838291176E00	2.3652616219E00	2.2786047948E00	3.6905216979E00	3.4949675994E00	3.6410753765E00	3.5980414089E00	3.6020243505E00	4.3176132476E00	4.7946084993E00	7.7996172218E01	2.3891369701E00	1.9039022760E00	7.7986276225E01	1.8437758196E00	1.6153260875E00	1.6238908148E00	1.5649399544E00	3.4880829460E00	
Caplet Value Analytic Multi-Curve Ho	2.5295471241E00	2.5318459648E00	2.1668019470E00	2.9463141446E00	2.2135958210E00	2.2825340790E00	2.2357754753E00	2.2719368862E00	2.2719368862E00	2.7416969574E00	2.7837991057E-01	4.5294935761E-01	4.8423987053E-01	4.5805589036E-01	0.0000000000E00	3.2752922270E-01	3.2752922270E-01	5.5848285792E-01	2.2448212526E00	2.3674786225E00	2.3113826204E00	2.3933856150E00	2.3061028079E00	3.9367590780E00	3.7774554135E00	3.8267949798E00	3.7837580324E00	3.7942522515E00	4.5059266243E00	4.8712447321E00	7.7996172218E01	2.3945526374E00	2.1963071683E00	7.7986276225E01	2.1264592220E00	1.8033548431E00	1.8765562073E00	1.7393180756E00	3.5959570842E00	
Caplet Value Analytic Multi-Curve Drift-Freeze	2.5148316512E00	2.5175979116E00	2.1513663660E00	2.9252071831E00	2.1970934713E00	2.2654769753E00	2.2170528062E00	2.2533585566E00	2.2533585566E00	2.7217197740E00	3.8126071371E-01	6.4752312075E-01	1.9203607815E-01	1.4710334213E-01	3.2752922270E-01	0.0000000000E00	0.0000000000E00	4.9211725056E-01	2.2285629552E00	2.3476291434E00	2.2917471520E00	2.3733625507E00	2.2865056935E00	3.7713864278E00	3.5873816118E00	3.7047105509E00	3.6616897638E00	3.6654813637E00	4.3720561530E00	4.8188946157E00	7.7996172218E01	2.3908981371E00	1.9838467074E00	7.7986276225E01	1.9235574289E00	1.6686626684E00	1.6897730800E00	1.6248586419E00	3.5189347321E00	
Caplet Value Analytic Multi-Curve Integrated-Expectation	2.5148316512E00	2.5175979116E00	2.1513663660E00	2.9252071831E00	2.1970934713E00	2.2654769753E00	2.2170528062E00	2.2533585566E00	2.2533585566E00	2.7217197740E00	3.8126071371E-01	6.4752312075E-01	1.9203607815E-01	1.4710334213E-01	3.2752922270E-01	0.0000000000E00	0.0000000000E00	4.9211725056E-01	2.2285629552E00	2.3476291434E00	2.2917471520E00	2.3733625507E00	2.2865056935E00	3.7713864278E00	3.5873816118E00	3.7047105509E00	3.6616897638E00	3.6654813637E00	4.3720561530E00	4.8188946157E00	7.7996172218E01	2.3908981371E00	1.9838467074E00	7.7986276225E01	1.9235574289E00	1.6686626684E00	1.6897730800E00	1.6248586419E00	3.5189347321E00	
Caplet Value Monte-Carlo Multi-Curve	2.5127451579E00	2.5155782560E00	2.1521433881E00	2.9265164012E00	2.1973140096E00	2.2808929488E00	2.2350200700E00	2.2710560790E00	2.2710560790E00	2.7132880037E00	5.0477707233E-01	6.8969324489E-01	5.3489139154E-01	5.5337210593E-01	5.5848285792E-01	4.9211725056E-01	4.9211725056E-01	0.0000000000E00	2.2240596710E00	2.3422229464E00	2.2932786871E00	2.3748788752E00	2.2880371440E00	3.7634541011E00	3.5784295363E00	3.7017495006E00	3.6587691455E00	3.6593194879E00	4.4588480559E00	4.8074110719E00	7.7996172218E01	2.3906094562E00	2.0016445196E00	7.7986276225E01	1.8303220508E00	1.6451195089E00	1.8831682567E00	1.6341613309E00	3.5764966850E00	
Swaption Vola Analytic Single-Curve	8.9001679261E-01	8.6036634860E-01	2.4657522208E-01	3.0645195870E-01	3.0543816909E-01	3.1860781875E-01	4.0000057994E-01	3.4423181769E-01	3.4423181769E-01	5.3078776043E-01	2.2396414822E00	2.2501379081E00	2.2205178177E00	2.2212715640E00	2.2448212526E00	2.2285629552E00	2.2285629552E00	2.2240596710E00	0.0000000000E00	3.3149147612E-01	2.2548566334E-01	2.3258945708E-01	3.2239271857E-01	2.0053085825E00	2.0471234833E00	1.9344545107E00	1.9350938685E00	1.9411021223E00	1.6793657281E00	1.6582141288E00	7.7996172218E01	1.1622256546E00	2.0280916905E00	7.7986276225E01	2.0038493267E00	1.9200261816E00	2.0019184632E00	1.9054772432E00	1.5078078379E00	
Swaption Vola Monte-Carlo Single-Curve	7.8977717311E-01	7.5741388846E-01	4.5643386156E-01	4.6720200849E-01	4.2735717676E-01	3.7964712443E-01	4.2443300073E-01	3.6306506889E-01	3.6306506889E-01	4.6935522388E-01	2.3613458445E00	2.3741446917E00	2.3377606873E00	2.3387159024E00	2.3674786225E00	2.3476291434E00	2.3476291434E00	2.3422229464E00	3.3149147612E-01	0.0000000000E00	2.0661725949E-01	2.0777979248E-01	2.6630926610E-01	2.0733944149E00	2.1240484071E00	1.9883385153E00	1.9891438593E00	1.9960970363E00	1.9223104838E00	1.6645536571E00	7.7996172218E01	1.2369937178E00	2.1250651897E00	7.7986276225E01	2.1181387720E00	1.9689471903E00	2.1144489067E00	1.9627734791E00	1.7142118454E00	
Swaption Vola Analytic Multi-Curve Drift-Freeze	7.7134300548E-01	7.3989998662E-01	3.9569416667E-01	3.7538661662E-01	3.6529496609E-01	3.4772132511E-01	2.3263475861E-01	2.0543174186E-01	2.0543174186E-01	4.4824991362E-01	2.3041020953E00	2.3043586451E00	2.2831799342E00	2.2838291176E00	2.3113826204E00	2.2917471520E00	2.2917471520E00	2.2932786871E00	2.2548566334E-01	2.0661725949E-01	0.0000000000E00	3.6397935563E-02	1.1972379853E-01	2.0158042790E00	2.0723104252E00	1.9374210781E00	1.9374300698E00	1.9373437857E00	1.5894703170E00	1.6172105607E00	7.7996172218E01	1.2668803168E00	2.0078656179E00	7.7986276225E01	2.0283449746E00	1.9279317925E00	2.0150781704E00	1.9106378909E00	1.4080765319E00	
Swaption Vola Analytic Multi-Curve Integrated-Expectation	8.1512416179E-01	7.8296629625E-01	4.1105210067E-01	3.5496220493E-01	3.8423811828E-01	3.6687616051E-01	2.3592072697E-01	2.2527066168E-01	2.2527066168E-01	4.5779048330E-01	2.3861093356E00	2.3865435414E00	2.3645702739E00	2.3652616219E00	2.3933856150E00	2.3733625507E00	2.3733625507E00	2.3748788752E00	2.3258945708E-01	2.0777979248E-01	3.6397935563E-02	0.0000000000E00	1.4110280494E-01	2.0878666541E00	2.1461258126E00	2.0067096630E00	2.0067949321E00	2.0066260543E00	1.5942571757E00	1.6744539552E00	7.7996172218E01	1.2691301976E00	2.0842431015E00	7.7986276225E01	2.1045511864E00	2.0010219612E00	2.0910959345E00	1.9834285524E00	1.4118310543E00	
Swaption Vola Monte-Carlo Multi-Curve	7.6913786201E-01	7.3774435228E-01	4.1109221079E-01	3.7671264026E-01	3.8074616653E-01	3.3628056605E-01	2.2382396335E-01	2.0422571988E-01	2.0422571988E-01	5.0479549488E-01	2.2988270489E00	2.2990720545E00	2.2779587491E00	2.2786047948E00	2.3061028079E00	2.2865056935E00	2.2865056935E00	2.2880371440E00	3.2239271857E-01	2.6630926610E-01	1.1972379853E-01	1.4110280494E-01	0.0000000000E00	2.0113441012E00	2.0677060585E00	1.9331793084E00	1.9331836466E00	1.9331024479E00	1.6742744248E00	1.6138673806E00	7.7996172218E01	1.2678290259E00	2.0031450018E00	7.7986276225E01	2.0262179077E00	1.9350252500E00	2.0103748973E00	1.9061999225E00	1.4396233290E00	
Swaption Value Analytic Single-Curve	2.0974724605E00	2.1105117815E00	1.9451158555E00	2.5957271444E00	1.9782978184E00	2.0236802541E00	1.9494604702E00	1.9741320006E00	1.9741320006E00	2.1761548067E00	3.9190475269E00	4.0077754243E00	3.6739810700E00	3.6905216979E00	3.9367590780E00	3.7713864278E00	3.7713864278E00	3.7634541011E00	2.0053085825E00	2.0733944149E00	2.0158042790E00	2.0878666541E00	2.0113441012E00	0.0000000000E00	5.5155135817E-01	4.8159450263E-01	4.6039059427E-01	4.9105927525E-01	2.6627556393E00	3.2758356838E00	7.7996172218E01	2.2827707110E00	2.1974528479E00	7.7986276225E01	2.1352186848E00	1.5153011086E00	2.0592768237E00	1.4506919212E00	2.4019392486E00	
Swaption Value Monte-Carlo Single-Curve	2.1555219912E00	2.1674794485E00	1.9923913160E00	2.6620147709E00	2.0282000891E00	2.0737116847E00	2.0032845140E00	2.0277406685E00	2.0277406685E00	2.2672173276E00	3.7559658192E00	3.8583323565E00	3.4762692826E00	3.4949675994E00	3.7774554135E00	3.5873816118E00	3.5873816118E00	3.5784295363E00	2.0471234833E00	2.1240484071E00	2.0723104252E00	2.1461258126E00	2.0677060585E00	5.5155135817E-01	0.0000000000E00	9.9562989232E-01	9.5451453214E-01	9.4669314671E-01	2.9200763129E00	3.4690014249E00	7.7996172218E01	2.3034121789E00	1.7946368831E00	7.7986276225E01	1.6743382795E00	1.1774889392E00	1.6953201600E00	1.1114609704E00	2.5757571612E00	
Swaption Value Analytic Multi-Curve Drift-Freeze	1.9765159499E00	1.9912698141E00	1.8735025936E00	2.5008114787E00	1.9027772016E00	1.9538003515E00	1.8750260979E00	1.8998216688E00	1.8998216688E00	2.0730214382E00	3.8381641546E00	3.9129085337E00	3.6212680356E00	3.6410753765E00	3.8267949798E00	3.7047105509E00	3.7047105509E00	3.7017495006E00	1.9344545107E00	1.9883385153E00	1.9374210781E00	2.0067096630E00	1.9331793084E00	4.8159450263E-01	9.9562989232E-01	0.0000000000E00	4.2446880842E-02	8.2684029128E-02	2.3405797897E00	2.8874318325E00	7.7996172218E01	2.2456571638E00	2.4489973537E00	7.7986276225E01	2.3930829878E00	1.7842744950E00	2.3272233181E00	1.7000772740E00	2.1763047618E00	
Swaption Value Analytic Multi-Curve Integrated-Expectation	1.9793400072E00	1.9940374577E00	1.8750217637E00	2.5014168807E00	1.9043862738E00	1.9538242897E00	1.8749680033E00	1.8997905534E00	1.8997905534E00	2.0738767216E00	3.7951030389E00	3.8698625236E00	3.5782118764E00	3.5980414089E00	3.7837580324E00	3.6616897638E00	3.6616897638E00	3.6587691455E00	1.9350938685E00	1.9891438593E00	1.9374300698E00	2.0067949321E00	1.9331836466E00	4.6039059427E-01	9.5451453214E-01	4.2446880842E-02	0.0000000000E00	9.2293931069E-02	2.3420284820E00	2.8946065314E00	7.7996172218E01	2.2467502466E00	2.4086432325E00	7.7986276225E01	2.3530187136E00	1.7469523321E00	2.2871211588E00	1.6628315759E00	2.1769730257E00	
Swaption Value Monte-Carlo Multi-Curve	1.9782314635E00	1.9929372910E00	1.8759396601E00	2.5006896591E00	1.9053113996E00	1.9537304195E00	1.8749557931E00	1.8997501780E00	1.8997501780E00	2.0804093893E00	3.7799194263E00	3.8482669858E00	3.5890530873E00	3.6020243505E00	3.7942522515E00	3.6654813637E00	3.6654813637E00	3.6593194879E00	1.9411021223E00	1.9960970363E00	1.9373437857E00	2.0066260543E00	1.9331024479E00	4.9105927525E-01	9.4669314671E-01	8.2684029128E-02	9.2293931069E-02	0.0000000000E00	2.3402202652E00	2.9377966044E00	7.7996172218E01	2.2455850819E00	2.3914524052E00	7.7986276225E01	2.3363767359E00	1.7549299637E00	2.2709602107E00	1.6962787970E00	2.1760634480E00	
Swaption Exercise Date	2.0054266043E00	2.0213117862E00	1.6716212091E00	1.7767642972E00	1.6601180363E00	1.6090453786E00	1.5576746875E00	1.5348659486E00	1.5348659486E00	1.7458094120E00	4.4734011603E00	4.5433016038E00	4.3099632717E00	4.3176132476E00	4.5059266243E00	4.3720561530E00	4.3720561530E00	4.4588480559E00	1.6793657281E00	1.9223104838E00	1.5894703170E00	1.5942571757E00	1.6742744248E00	2.6627556393E00	2.9200763129E00	2.3405797897E00	2.3420284820E00	2.3402202652E00	0.0000000000E00	3.3669064748E00	7.7996172218E01	2.2174210052E00	2.9384640382E00	7.7986276225E01	3.0791515689E00	2.6098515245E00	2.8021515653E00	2.3328155646E00	7.9654359780E-01	
Swaption Number Of Periods	1.5014567980E00	1.5227253054E00	1.6075785196E00	2.1029657914E00	1.6234163781E00	1.6618346578E00	1.5704860933E00	1.5947162767E00	1.5947162767E00	1.7493172255E00	4.8930019058E00	4.9244745384E00	4.7873348728E00	4.7946084993E00	4.8712447321E00	4.8188946157E00	4.8188946157E00	4.8074110719E00	1.6582141288E00	1.6645536571E00	1.6172105607E00	1.6744539552E00	1.6138673806E00	3.2758356838E00	3.4690014249E00	2.8874318325E00	2.8946065314E00	2.9377966044E00	3.3669064748E00	0.0000000000E00	7.7996172218E01	2.0359298265E00	4.1196687252E00	7.7986276225E01	4.0771227165E00	3.5524229120E00	4.0611326302E00	3.5359975525E00	2.5341409692E00	
Numeraire Single-Curve	7.7996172218E01	7.7996172218E01	7.7996172218E01	7.7996172218E01	7.7996172218E01	7.7996172218E01	7.7996172218E01	7.7996172218E01	7.7996172218E01	7.7996172218E01	7.7996172218E01	7.7996172218E01	7.7996172218E01	7.7996172218E01	7.7996172218E01	7.7996172218E01	7.7996172218E01	7.7996172218E01	7.7996172218E01	7.7996172218E01	7.7996172218E01	7.7996172218E01	7.7996172218E01	7.7996172218E01	7.7996172218E01	7.7996172218E01	7.7996172218E01	7.7996172218E01	7.7996172218E01	7.7996172218E01	0.0000000000E00	7.7996172218E01	7.7996172218E01	7.7986276225E01	7.7996172218E01	7.7996172218E01	7.7996172218E01	7.7996172218E01	7.7996172218E01	
Discount Single-Curve	1.2943447396E00	1.2649198515E00	1.2207518973E00	1.2922208193E00	1.2525981861E00	1.2635862132E00	1.3347736805E00	1.3023120639E00	1.3023120639E00	1.2827289136E00	2.3955378188E00	2.3976237936E00	2.3886655747E00	2.3891369701E00	2.3945526374E00	2.3908981371E00	2.3908981371E00	2.3906094562E00	1.1622256546E00	1.2369937178E00	1.2668803168E00	1.2691301976E00	1.2678290259E00	2.2827707110E00	2.3034121789E00	2.2456571638E00	2.2467502466E00	2.2455850819E00	2.2174210052E00	2.0359298265E00	7.7996172218E01	0.0000000000E00	2.3282986039E00	7.7986276225E01	2.3250619158E00	2.2699603881E00	2.3233398967E00	2.2669824942E00	2.1402705730E00	
OIS Spot Rate Single-Curve	2.2804234912E00	2.2901533098E00	1.9608773521E00	2.6216415339E00	1.9980380604E00	2.0479104945E00	1.9785359042E00	2.0164069543E00	2.0164069543E00	2.4442924197E00	2.1117421072E00	2.1099048042E00	1.8988596753E00	1.9039022760E00	2.1963071683E00	1.9838467074E00	1.9838467074E00	2.0016445196E00	2.0280916905E00	2.1250651897E00	2.0078656179E00	2.0842431015E00	2.0031450018E00	2.1974528479E00	1.7946368831E00	2.4489973537E00	2.4086432325E00	2.3914524052E00	2.9384640382E00	4.1196687252E00	7.7996172218E01	2.3282986039E00	0.0000000000E00	7.7986276225E01	3.2265030780E-01	7.0848534746E-01	1.8528742897E-01	6.7022669259E-01	2.6314411678E00	
Numeraire Multi-Curve	7.7986276225E01	7.7986276225E01	7.7986276225E01	7.7986276225E01	7.7986276225E01	7.7986276225E01	7.7986276225E01	7.7986276225E01	7.7986276225E01	7.7986276225E01	7.7986276225E01	7.7986276225E01	7.7986276225E01	7.7986276225E01	7.7986276225E01	7.7986276225E01	7.7986276225E01	7.7986276225E01	7.7986276225E01	7.7986276225E01	7.7986276225E01	7.7986276225E01	7.7986276225E01	7.7986276225E01	7.7986276225E01	7.7986276225E01	7.7986276225E01	7.7986276225E01	7.7986276225E01	7.7986276225E01	7.7986276225E01	7.7986276225E01	7.7986276225E01	0.0000000000E00	7.7986276225E01	7.7986276225E01	7.7986276225E01	7.7986276225E01	7.7986276225E01	
OIS Spot Rate Multi-Curve	2.2700397839E00	2.2798119413E00	1.9567863232E00	2.6393900471E00	2.0040450465E00	2.0811270664E00	2.0156315860E00	2.0528702093E00	2.0528702093E00	2.4260184745E00	2.0484333375E00	2.1166100396E00	1.8384619029E00	1.8437758196E00	2.1264592220E00	1.9235574289E00	1.9235574289E00	1.8303220508E00	2.0038493267E00	2.1181387720E00	2.0283449746E00	2.1045511864E00	2.0262179077E00	2.1352186848E00	1.6743382795E00	2.3930829878E00	2.3530187136E00	2.3363767359E00	3.0791515689E00	4.0771227165E00	7.7996172218E01	2.3250619158E00	3.2265030780E-01	7.7986276225E01	0.0000000000E00	6.1672195808E-01	4.4406744733E-01	5.7996148641E-01	2.7337666063E00	
LIBOR Spot Rate Multi-Curve	2.0672319296E00	2.0824405038E00	1.8799358629E00	2.5216495184E00	1.9258799446E00	1.9988108183E00	1.9268454662E00	1.9639915501E00	1.9639915501E00	2.3098213855E00	1.8169118036E00	1.8964713038E00	1.6123442107E00	1.6153260875E00	1.8033548431E00	1.6686626684E00	1.6686626684E00	1.6451195089E00	1.9200261816E00	1.9689471903E00	1.9279317925E00	2.0010219612E00	1.9350252500E00	1.5153011086E00	1.1774889392E00	1.7842744950E00	1.7469523321E00	1.7549299637E00	2.6098515245E00	3.5524229120E00	7.7996172218E01	2.2699603881E00	7.0848534746E-01	7.7986276225E01	6.1672195808E-01	0.0000000000E00	6.2754973322E-01	3.2546074084E-01	2.4219452752E00	
OIS Forward Rate Multi-Curve	2.2647961638E00	2.2747052547E00	1.9417250047E00	2.6255851459E00	1.9725344137E00	2.0234205868E00	1.9501616956E00	1.9882373921E00	1.9882373921E00	2.4404331558E00	1.7925117367E00	1.9003866726E00	1.6209144802E00	1.6238908148E00	1.8765562073E00	1.6897730800E00	1.6897730800E00	1.8831682567E00	2.0019184632E00	2.1144489067E00	2.0150781704E00	2.0910959345E00	2.0103748973E00	2.0592768237E00	1.6953201600E00	2.3272233181E00	2.2871211588E00	2.2709602107E00	2.8021515653E00	4.0611326302E00	7.7996172218E01	2.3233398967E00	1.8528742897E-01	7.7986276225E01	4.4406744733E-01	6.2754973322E-01	0.0000000000E00	5.9094642038E-01	2.5392314027E00	
LIBOR Forward Rate Multi-Curve	2.0587363934E00	2.0741298056E00	1.8315605027E00	2.5031710935E00	1.8652878404E00	1.9328815745E00	1.8541594573E00	1.8921564011E00	1.8921564011E00	2.3237264244E00	1.7580811505E00	1.8613095557E00	1.5459009334E00	1.5649399544E00	1.7393180756E00	1.6248586419E00	1.6248586419E00	1.6341613309E00	1.9054772432E00	1.9627734791E00	1.9106378909E00	1.9834285524E00	1.9061999225E00	1.4506919212E00	1.1114609704E00	1.7000772740E00	1.6628315759E00	1.6962787970E00	2.3328155646E00	3.5359975525E00	7.7996172218E01	2.2669824942E00	6.7022669259E-01	7.7986276225E01	5.7996148641E-01	3.2546074084E-01	5.9094642038E-01	0.0000000000E00	2.2194535096E00	
Time	1.7406487295E00	1.7604504238E00	1.3546562234E00	1.4958802370E00	1.3094262011E00	1.2541259859E00	1.2013598104E00	1.2040548328E00	1.2040548328E00	1.4162908508E00	3.5735255910E00	3.6125641525E00	3.4843201126E00	3.4880829460E00	3.5959570842E00	3.5189347321E00	3.5189347321E00	3.5764966850E00	1.5078078379E00	1.7142118454E00	1.4080765319E00	1.4118310543E00	1.4396233290E00	2.4019392486E00	2.5757571612E00	2.1763047618E00	2.1769730257E00	2.1760634480E00	7.9654359780E-01	2.5341409692E00	7.7996172218E01	2.1402705730E00	2.6314411678E00	7.7986276225E01	2.7337666063E00	2.4219452752E00	2.5392314027E00	2.2194535096E00	0.0000000000E00	
