	Target (OIS)	Target (LIBOR)	Caplet Vola Analytic Single-Curve	Caplet Vola Monte-Carlo Single-Curve	Caplet Vola Analytic Multi-Curve Fenton-Wilkinson	Caplet Vola Analytic Multi-Curve Ju	Caplet Vola Analytic Multi-Curve Ho	Caplet Vola Analytic Multi-Curve Drift-Freeze	Caplet Vola Analytic Multi-Curve Integrated-Expectation	Caplet Vola Monte-Carlo Multi-Curve	Caplet Value Analytic Single-Curve	Caplet Value Monte-Carlo Single-Curve	Caplet Value Analytic Multi-Curve Fenton-Wilkinson	Caplet Value Analytic Multi-Curve Ju	Caplet Value Analytic Multi-Curve Ho	Caplet Value Analytic Multi-Curve Drift-Freeze	Caplet Value Analytic Multi-Curve Integrated-Expectation	Caplet Value Monte-Carlo Multi-Curve	Swaption Vola Analytic Single-Curve	Swaption Vola Monte-Carlo Single-Curve	Swaption Vola Analytic Multi-Curve Drift-Freeze	Swaption Vola Analytic Multi-Curve Integrated-Expectation	Swaption Vola Monte-Carlo Multi-Curve	Swaption Value Analytic Single-Curve	Swaption Value Monte-Carlo Single-Curve	Swaption Value Analytic Multi-Curve Drift-Freeze	Swaption Value Analytic Multi-Curve Integrated-Expectation	Swaption Value Monte-Carlo Multi-Curve	Swaption Exercise Date	Swaption Number Of Periods	Numeraire Single-Curve	Discount Single-Curve	OIS Spot Rate Single-Curve	Numeraire Multi-Curve	OIS Spot Rate Multi-Curve	LIBOR Spot Rate Multi-Curve	OIS Forward Rate Multi-Curve	LIBOR Forward Rate Multi-Curve	Time
Target (OIS)	0.0000000000E00	5.7142857143E-02	7.1551396803E-01	7.3802933877E-01	7.4139259826E-01	7.4286132062E-01	?	7.5608013332E-01	7.5608013332E-01	7.8488199242E-01	1.9823968830E00	1.9827048409E00	1.9813457621E00	1.9813592778E00	?	1.9815412713E00	1.9815412713E00	1.9820556959E00	8.7238267356E-01	?	9.1129464357E-01	9.3636157071E-01	9.4174127606E-01	1.8577150666E00	?	1.8523179174E00	1.8581661565E00	1.8574909364E00	1.8391023904E00	1.6762308204E00	?	5.6249324051E-01	1.9403075875E00	?	1.9409066205E00	1.9363127710E00	1.9398240237E00	1.9352969817E00	1.7512604745E00	
Target (LIBOR)	5.7142857143E-02	0.0000000000E00	7.6483892610E-01	7.8687594543E-01	7.9016654642E-01	7.9160344094E-01	?	8.0453311186E-01	8.0453311186E-01	8.3268824939E-01	1.9833707683E00	1.9836617584E00	1.9823775429E00	1.9823903143E00	?	1.9825622857E00	1.9825622857E00	1.9830483769E00	9.1808381057E-01	?	9.5599192471E-01	9.8039014703E-01	9.8562409192E-01	1.8653536999E00	?	1.8602358016E00	1.8657814153E00	1.8651411816E00	1.8477008051E00	1.6928367471E00	?	6.1469663052E-01	1.9435770545E00	?	1.9441437425E00	1.9397976987E00	1.9431195942E00	1.9388366291E00	1.7642649395E00	
Caplet Vola Analytic Single-Curve	7.1551396803E-01	7.6483892610E-01	0.0000000000E00	2.8606432210E-02	2.9835373260E-02	3.1538210302E-02	?	4.6910667694E-02	4.6910667694E-02	8.6796296152E-02	1.9629670631E00	1.9636118303E00	1.9607671747E00	1.9607954535E00	?	1.9611762584E00	1.9611762584E00	1.9622528530E00	2.0987199941E-01	?	2.4568013678E-01	2.7422344942E-01	2.7220409503E-01	1.7106636413E00	?	1.7001221401E00	1.7115460730E00	1.7102252722E00	1.6744381597E00	1.3721422312E00	?	1.7013984910E-01	1.8758688622E00	?	1.8770943883E00	1.8677063783E00	1.8748798611E00	1.8656336929E00	1.5082138494E00	
Caplet Vola Monte-Carlo Single-Curve	7.3802933877E-01	7.8687594543E-01	2.8606432210E-02	0.0000000000E00	3.5445728306E-02	3.6069164956E-02	?	3.6940741516E-02	3.6940741516E-02	6.4409888623E-02	1.9620030549E00	1.9626644479E00	1.9597464826E00	1.9597754896E00	?	1.9601661021E00	1.9601661021E00	1.9612704347E00	1.9421565985E-01	?	2.2340120236E-01	2.5167674013E-01	2.4812771782E-01	1.7036230750E00	?	1.6928462951E00	1.7045252694E00	1.7031748921E00	1.6665953031E00	1.3582888075E00	?	1.9586363493E-01	1.8727104154E00	?	1.8739661104E00	1.8643475107E00	1.8716970828E00	1.8622240755E00	1.4969148716E00	
Caplet Vola Analytic Multi-Curve Fenton-Wilkinson	7.4139259826E-01	7.9016654642E-01	2.9835373260E-02	3.5445728306E-02	0.0000000000E00	1.9019845763E-03	?	1.7081271159E-02	1.7081271159E-02	5.7551137359E-02	1.9618561354E00	1.9625200616E00	1.9595909268E00	1.9596200448E00	?	1.9600121515E00	1.9600121515E00	1.9611207103E00	1.9916285378E-01	?	2.1827933300E-01	2.4680363463E-01	2.4427328059E-01	1.7025521043E00	?	1.6917396234E00	1.7034572979E00	1.7021024322E00	1.6654026191E00	1.3561868799E00	?	1.9972176615E-01	1.8722293701E00	?	1.8734896555E00	1.8638359721E00	1.8712123354E00	1.8617048160E00	1.4951987607E00	
Caplet Vola Analytic Multi-Curve Ju	7.4286132062E-01	7.9160344094E-01	3.1538210302E-02	3.6069164956E-02	1.9019845763E-03	0.0000000000E00	?	1.5378145301E-02	1.5378145301E-02	5.5958845218E-02	1.9617917331E00	1.9624567696E00	1.9595227390E00	1.9595519056E00	?	1.9599446672E00	1.9599446672E00	1.9610550784E00	1.9813426480E-01	?	2.1667266926E-01	2.4520116513E-01	2.4266186566E-01	1.7020828132E00	?	1.6912546956E00	1.7029893204E00	1.7016324888E00	1.6648800213E00	1.3552662776E00	?	2.0140787545E-01	1.8720185298E00	?	1.8732808268E00	1.8636117692E00	1.8709998727E00	1.8614772299E00	1.4944469921E00	
Caplet Vola Analytic Multi-Curve Ho	?	?	?	?	?	?	?	?	?	?	?	?	?	?	?	?	?	?	?	?	?	?	?	?	?	?	?	?	?	?	?	?	?	?	?	?	?	?	?	
Caplet Vola Analytic Multi-Curve Drift-Freeze	7.5608013332E-01	8.0453311186E-01	4.6910667694E-02	3.6940741516E-02	1.7081271159E-02	1.5378145301E-02	?	0.0000000000E00	0.0000000000E00	4.4668232704E-02	1.9612053507E00	1.9618804954E00	1.9589018956E00	1.9589315049E00	?	1.9593302290E00	1.9593302290E00	1.9604575035E00	1.9157380517E-01	?	2.0549784670E-01	2.3373580251E-01	2.2822839341E-01	1.6978146905E00	?	1.6868445657E00	1.6987331279E00	1.6973584419E00	1.6601278425E00	1.3469060115E00	?	2.1661828890E-01	1.8700995720E00	?	1.8713801672E00	1.8615712667E00	1.8690661576E00	1.8594059546E00	1.4876158780E00	
Caplet Vola Analytic Multi-Curve Integrated-Expectation	7.5608013332E-01	8.0453311186E-01	4.6910667694E-02	3.6940741516E-02	1.7081271159E-02	1.5378145301E-02	?	0.0000000000E00	0.0000000000E00	4.4668232704E-02	1.9612053507E00	1.9618804954E00	1.9589018956E00	1.9589315049E00	?	1.9593302290E00	1.9593302290E00	1.9604575035E00	1.9157380517E-01	?	2.0549784670E-01	2.3373580251E-01	2.2822839341E-01	1.6978146905E00	?	1.6868445657E00	1.6987331279E00	1.6973584419E00	1.6601278425E00	1.3469060115E00	?	2.1661828890E-01	1.8700995720E00	?	1.8713801672E00	1.8615712667E00	1.8690661576E00	1.8594059546E00	1.4876158780E00	
Caplet Vola Monte-Carlo Multi-Curve	7.8488199242E-01	8.3268824939E-01	8.6796296152E-02	6.4409888623E-02	5.7551137359E-02	5.5958845218E-02	?	4.4668232704E-02	4.4668232704E-02	0.0000000000E00	1.9598841630E00	1.9605820715E00	1.9575031031E00	1.9575337094E00	?	1.9579458602E00	1.9579458602E00	1.9591111100E00	1.8063644614E-01	?	1.9095089831E-01	2.1389048493E-01	2.0584234349E-01	1.6882294833E00	?	1.6769417903E00	1.6891746044E00	1.6877599847E00	1.6494605431E00	1.3282122403E00	?	2.4997968573E-01	1.8657808223E00	?	1.8671025309E00	1.8569794579E00	1.8647142514E00	1.8547450222E00	1.4723146966E00	
Caplet Value Analytic Single-Curve	1.9823968830E00	1.9833707683E00	1.9629670631E00	1.9620030549E00	1.9618561354E00	1.9617917331E00	?	1.9612053507E00	1.9612053507E00	1.9598841630E00	0.0000000000E00	1.9045017844E-02	5.8244865183E-02	5.7517280978E-02	?	4.7667212456E-02	4.7667212456E-02	2.8965357891E-02	1.9554628011E00	?	1.9532719637E00	1.9517771368E00	1.9514472490E00	1.5719261134E00	?	1.5864704011E00	1.5706659670E00	1.5725495967E00	1.6183734925E00	1.8088366423E00	?	1.9687284610E00	1.0965016790E00	?	1.0893208901E00	1.1416877652E00	1.1022177826E00	1.1524793958E00	1.7500168828E00	
Caplet Value Monte-Carlo Single-Curve	1.9827048409E00	1.9836617584E00	1.9636118303E00	1.9626644479E00	1.9625200616E00	1.9624567696E00	?	1.9618804954E00	1.9618804954E00	1.9605820715E00	1.9045017844E-02	0.0000000000E00	7.5951469990E-02	7.5224316022E-02	?	6.5379610717E-02	6.5379610717E-02	4.3980557789E-02	1.9562367795E00	?	1.9540835730E00	1.9526143982E00	1.9522901689E00	1.5786552948E00	?	1.5929970025E00	1.5774126139E00	1.5792701316E00	1.6244493027E00	1.8120376408E00	?	1.9692736963E00	1.1088398086E00	?	1.1017286336E00	1.1535775077E00	1.1145001758E00	1.1642594146E00	1.7541392312E00	
Caplet Value Analytic Multi-Curve Fenton-Wilkinson	1.9813457621E00	1.9823775429E00	1.9607671747E00	1.9597464826E00	1.9595909268E00	1.9595227390E00	?	1.9589018956E00	1.9589018956E00	1.9575031031E00	5.8244865183E-02	7.5951469990E-02	0.0000000000E00	8.7960016163E-04	?	1.0584999697E-02	1.0584999697E-02	4.3317437884E-02	1.9528224396E00	?	1.9505033450E00	1.9489210945E00	1.9485719231E00	1.5491397498E00	?	1.5643638083E00	1.5478210174E00	1.5497922380E00	1.5977811166E00	1.7979476720E00	?	1.9668679588E00	1.0551030085E00	?	1.0476943825E00	1.1017589400E00	1.0610016022E00	1.1129108460E00	1.7360096658E00	
Caplet Value Analytic Multi-Curve Ju	1.9813592778E00	1.9823903143E00	1.9607954535E00	1.9597754896E00	1.9596200448E00	1.9595519056E00	?	1.9589315049E00	1.9589315049E00	1.9575337094E00	5.7517280978E-02	7.5224316022E-02	8.7960016163E-04	0.0000000000E00	?	9.8568246077E-03	9.8568246077E-03	4.2585306702E-02	1.9528563768E00	?	1.9505389295E00	1.9489578019E00	1.9486088781E00	1.5494309755E00	?	1.5646464066E00	1.5481129864E00	1.5500830957E00	1.5980444816E00	1.7980873274E00	?	1.9668918770E00	1.0556284375E00	?	1.0482226478E00	1.1022660486E00	1.0615247588E00	1.1134134583E00	1.7361891582E00	
Caplet Value Analytic Multi-Curve Ho	?	?	?	?	?	?	?	?	?	?	?	?	?	?	?	?	?	?	?	?	?	?	?	?	?	?	?	?	?	?	?	?	?	?	?	?	?	?	?	
Caplet Value Analytic Multi-Curve Drift-Freeze	1.9815412713E00	1.9825622857E00	1.9611762584E00	1.9601661021E00	1.9600121515E00	1.9599446672E00	?	1.9593302290E00	1.9593302290E00	1.9579458602E00	4.7667212456E-02	6.5379610717E-02	1.0584999697E-02	9.8568246077E-03	?	0.0000000000E00	0.0000000000E00	3.3911556353E-02	1.9533133872E00	?	1.9510181269E00	1.9494521218E00	1.9491065337E00	1.5533569012E00	?	1.5684558750E00	1.5520489468E00	1.5540040533E00	1.6015943700E00	1.7999687464E00	?	1.9672139557E00	1.0627208212E00	?	1.0553534557E00	1.1091102959E00	1.0685863583E00	1.1201968210E00	1.7386076490E00	
Caplet Value Analytic Multi-Curve Integrated-Expectation	1.9815412713E00	1.9825622857E00	1.9611762584E00	1.9601661021E00	1.9600121515E00	1.9599446672E00	?	1.9593302290E00	1.9593302290E00	1.9579458602E00	4.7667212456E-02	6.5379610717E-02	1.0584999697E-02	9.8568246077E-03	?	0.0000000000E00	0.0000000000E00	3.3911556353E-02	1.9533133872E00	?	1.9510181269E00	1.9494521218E00	1.9491065337E00	1.5533569012E00	?	1.5684558750E00	1.5520489468E00	1.5540040533E00	1.6015943700E00	1.7999687464E00	?	1.9672139557E00	1.0627208212E00	?	1.0553534557E00	1.1091102959E00	1.0685863583E00	1.1201968210E00	1.7386076490E00	
Caplet Value Monte-Carlo Multi-Curve	1.9820556959E00	1.9830483769E00	1.9622528530E00	1.9612704347E00	1.9611207103E00	1.9610550784E00	?	1.9604575035E00	1.9604575035E00	1.9591111100E00	2.8965357891E-02	4.3980557789E-02	4.3317437884E-02	4.2585306702E-02	?	3.3911556353E-02	3.3911556353E-02	0.0000000000E00	1.9546055229E00	?	1.9523730228E00	1.9508497964E00	1.9505136441E00	1.5644991216E00	?	1.5792660267E00	1.5632197854E00	1.5651321052E00	1.6116647417E00	1.8052959451E00	?	1.9681244703E00	1.0829438964E00	?	1.0756875182E00	1.1286172282E00	1.0887205321E00	1.1395281858E00	1.7454595423E00	
Swaption Vola Analytic Single-Curve	8.7238267356E-01	9.1808381057E-01	2.0987199941E-01	1.9421565985E-01	1.9916285378E-01	1.9813426480E-01	?	1.9157380517E-01	1.9157380517E-01	1.8063644614E-01	1.9554628011E00	1.9562367795E00	1.9528224396E00	1.9528563768E00	?	1.9533133872E00	1.9533133872E00	1.9546055229E00	0.0000000000E00	?	4.8564045647E-02	8.0397355971E-02	8.7905312956E-02	1.6564651766E00	?	1.6441384142E00	1.6574976480E00	1.6559523059E00	1.6141595336E00	1.2670572740E00	?	3.5322173576E-01	1.8513771405E00	?	1.8528352882E00	1.8416699452E00	1.8502005462E00	1.8392062975E00	1.4219996526E00	
Swaption Vola Monte-Carlo Single-Curve	?	?	?	?	?	?	?	?	?	?	?	?	?	?	?	?	?	?	?	?	?	?	?	?	?	?	?	?	?	?	?	?	?	?	?	?	?	?	?	
Swaption Vola Analytic Multi-Curve Drift-Freeze	9.1129464357E-01	9.5599192471E-01	2.4568013678E-01	2.2340120236E-01	2.1827933300E-01	2.1667266926E-01	?	2.0549784670E-01	2.0549784670E-01	1.9095089831E-01	1.9532719637E00	1.9540835730E00	1.9505033450E00	1.9505389295E00	?	1.9510181269E00	1.9510181269E00	1.9523730228E00	4.8564045647E-02	?	0.0000000000E00	3.1864413344E-02	4.3987248162E-02	1.6409015692E00	?	1.6280731562E00	1.6419762360E00	1.6403677486E00	1.5968905983E00	1.2375306032E00	?	4.0007009316E-01	1.8442677919E00	?	1.8457928971E00	1.8341162545E00	1.8430372092E00	1.8315402239E00	1.3975638680E00	
Swaption Vola Analytic Multi-Curve Integrated-Expectation	9.3636157071E-01	9.8039014703E-01	2.7422344942E-01	2.5167674013E-01	2.4680363463E-01	2.4520116513E-01	?	2.3373580251E-01	2.3373580251E-01	2.1389048493E-01	1.9517771368E00	1.9526143982E00	1.9489210945E00	1.9489578019E00	?	1.9494521218E00	1.9494521218E00	1.9508497964E00	8.0397355971E-02	?	3.1864413344E-02	0.0000000000E00	2.4864460459E-02	1.6303484042E00	?	1.6171826296E00	1.6314514563E00	1.6298004907E00	1.5851913976E00	1.2176703454E00	?	4.3056230457E-01	1.8394275637E00	?	1.8409981094E00	1.8289745486E00	1.8381603441E00	1.8263222887E00	1.3810751552E00	
Swaption Vola Monte-Carlo Multi-Curve	9.4174127606E-01	9.8562409192E-01	2.7220409503E-01	2.4812771782E-01	2.4427328059E-01	2.4266186566E-01	?	2.2822839341E-01	2.2822839341E-01	2.0584234349E-01	1.9514472490E00	1.9522901689E00	1.9485719231E00	1.9486088781E00	?	1.9491065337E00	1.9491065337E00	1.9505136441E00	8.7905312956E-02	?	4.3987248162E-02	2.4864460459E-02	0.0000000000E00	1.6280266290E00	?	1.6147869351E00	1.6291359017E00	1.6274756273E00	1.5826186012E00	1.2133182277E00	?	4.3713864537E-01	1.8383605405E00	?	1.8399410876E00	1.8278411785E00	1.8370852574E00	1.8251721448E00	1.3774561872E00	
Swaption Value Analytic Single-Curve	1.8577150666E00	1.8653536999E00	1.7106636413E00	1.7036230750E00	1.7025521043E00	1.7020828132E00	?	1.6978146905E00	1.6978146905E00	1.6882294833E00	1.5719261134E00	1.5786552948E00	1.5491397498E00	1.5494309755E00	?	1.5533569012E00	1.5533569012E00	1.5644991216E00	1.6564651766E00	?	1.6409015692E00	1.6303484042E00	1.6280266290E00	0.0000000000E00	?	3.8625482411E-02	3.1632456752E-02	1.9703280631E-02	7.1158871748E-01	8.1930428728E-01	?	1.7532329758E00	9.2974628080E-01	?	9.3639341001E-01	8.8431794682E-01	9.2326653146E-01	8.7258843469E-01	6.2845896633E-01	
Swaption Value Monte-Carlo Single-Curve	?	?	?	?	?	?	?	?	?	?	?	?	?	?	?	?	?	?	?	?	?	?	?	?	?	?	?	?	?	?	?	?	?	?	?	?	?	?	?	
Swaption Value Analytic Multi-Curve Drift-Freeze	1.8523179174E00	1.8602358016E00	1.7001221401E00	1.6928462951E00	1.6917396234E00	1.6912546956E00	?	1.6868445657E00	1.6868445657E00	1.6769417903E00	1.5864704011E00	1.5929970025E00	1.5643638083E00	1.5646464066E00	?	1.5684558750E00	1.5684558750E00	1.5792660267E00	1.6441384142E00	?	1.6280731562E00	1.6171826296E00	1.6147869351E00	3.8625482411E-02	?	0.0000000000E00	4.1916435608E-02	3.8067873521E-02	7.1614574091E-01	7.8690440365E-01	?	1.7441354757E00	9.5282067891E-01	?	9.5934979313E-01	9.0802697839E-01	9.4646262007E-01	8.9649500061E-01	6.1442459182E-01	
Swaption Value Analytic Multi-Curve Integrated-Expectation	1.8581661565E00	1.8657814153E00	1.7115460730E00	1.7045252694E00	1.7034572979E00	1.7029893204E00	?	1.6987331279E00	1.6987331279E00	1.6891746044E00	1.5706659670E00	1.5774126139E00	1.5478210174E00	1.5481129864E00	?	1.5520489468E00	1.5520489468E00	1.5632197854E00	1.6574976480E00	?	1.6419762360E00	1.6314514563E00	1.6291359017E00	3.1632456752E-02	?	4.1916435608E-02	0.0000000000E00	1.6340751496E-02	7.0952687807E-01	8.2204223220E-01	?	1.7539941848E00	9.2193593471E-01	?	9.2857151928E-01	8.7641573351E-01	9.1545951643E-01	8.6469845299E-01	6.4085088897E-01	
Swaption Value Monte-Carlo Multi-Curve	1.8574909364E00	1.8651411816E00	1.7102252722E00	1.7031748921E00	1.7021024322E00	1.7016324888E00	?	1.6973584419E00	1.6973584419E00	1.6877599847E00	1.5725495967E00	1.5792701316E00	1.5497922380E00	1.5500830957E00	?	1.5540040533E00	1.5540040533E00	1.5651321052E00	1.6559523059E00	?	1.6403677486E00	1.6298004907E00	1.6274756273E00	1.9703280631E-02	?	3.8067873521E-02	1.6340751496E-02	0.0000000000E00	7.1406398899E-01	8.1794563844E-01	?	1.7528548072E00	9.2996197376E-01	?	9.3659821816E-01	8.8440595930E-01	9.2348891255E-01	8.7268925158E-01	6.3617099551E-01	
Swaption Exercise Date	1.8391023904E00	1.8477008051E00	1.6744381597E00	1.6665953031E00	1.6654026191E00	1.6648800213E00	?	1.6601278425E00	1.6601278425E00	1.6494605431E00	1.6183734925E00	1.6244493027E00	1.5977811166E00	1.5980444816E00	?	1.6015943700E00	1.6015943700E00	1.6116647417E00	1.6141595336E00	?	1.5968905983E00	1.5851913976E00	1.5826186012E00	7.1158871748E-01	?	7.1614574091E-01	7.0952687807E-01	7.1406398899E-01	0.0000000000E00	1.1079136691E00	?	1.7219378677E00	9.5152963816E-01	?	9.5956664872E-01	9.1411534033E-01	9.4632304942E-01	9.0227369488E-01	4.5404556167E-01	
Swaption Number Of Periods	1.6762308204E00	1.6928367471E00	1.3721422312E00	1.3582888075E00	1.3561868799E00	1.3552662776E00	?	1.3469060115E00	1.3469060115E00	1.3282122403E00	1.8088366423E00	1.8120376408E00	1.7979476720E00	1.7980873274E00	?	1.7999687464E00	1.7999687464E00	1.8052959451E00	1.2670572740E00	?	1.2375306032E00	1.2176703454E00	1.2133182277E00	8.1930428728E-01	?	7.8690440365E-01	8.2204223220E-01	8.1794563844E-01	1.1079136691E00	0.0000000000E00	?	1.4572321565E00	1.4414892368E00	?	1.4456601285E00	1.4095618720E00	1.4371997017E00	1.4021581764E00	8.7224669604E-01	
Numeraire Single-Curve	?	?	?	?	?	?	?	?	?	?	?	?	?	?	?	?	?	?	?	?	?	?	?	?	?	?	?	?	?	?	?	?	?	?	?	?	?	?	?	
Discount Single-Curve	5.6249324051E-01	6.1469663052E-01	1.7013984910E-01	1.9586363493E-01	1.9972176615E-01	2.0140787545E-01	?	2.1661828890E-01	2.1661828890E-01	2.4997968573E-01	1.9687284610E00	1.9692736963E00	1.9668679588E00	1.9668918770E00	?	1.9672139557E00	1.9672139557E00	1.9681244703E00	3.5322173576E-01	?	4.0007009316E-01	4.3056230457E-01	4.3713864537E-01	1.7532329758E00	?	1.7441354757E00	1.7539941848E00	1.7528548072E00	1.7219378677E00	1.4572321565E00	?	0.0000000000E00	1.8948209281E00	?	1.8958643708E00	1.8878686198E00	1.8939787950E00	1.8861025201E00	1.5771750499E00	
OIS Spot Rate Single-Curve	1.9403075875E00	1.9435770545E00	1.8758688622E00	1.8727104154E00	1.8722293701E00	1.8720185298E00	?	1.8700995720E00	1.8700995720E00	1.8657808223E00	1.0965016790E00	1.1088398086E00	1.0551030085E00	1.0556284375E00	?	1.0627208212E00	1.0627208212E00	1.0829438964E00	1.8513771405E00	?	1.8442677919E00	1.8394275637E00	1.8383605405E00	9.2974628080E-01	?	9.5282067891E-01	9.2193593471E-01	9.2996197376E-01	9.5152963816E-01	1.4414892368E00	?	1.8948209281E00	0.0000000000E00	?	1.7802353253E-02	6.7509240953E-02	1.1153268858E-02	8.1829662951E-02	1.2560935835E00	
Numeraire Multi-Curve	?	?	?	?	?	?	?	?	?	?	?	?	?	?	?	?	?	?	?	?	?	?	?	?	?	?	?	?	?	?	?	?	?	?	?	?	?	?	?	
OIS Spot Rate Multi-Curve	1.9409066205E00	1.9441437425E00	1.8770943883E00	1.8739661104E00	1.8734896555E00	1.8732808268E00	?	1.8713801672E00	1.8713801672E00	1.8671025309E00	1.0893208901E00	1.1017286336E00	1.0476943825E00	1.0482226478E00	?	1.0553534557E00	1.0553534557E00	1.0756875182E00	1.8528352882E00	?	1.8457928971E00	1.8409981094E00	1.8399410876E00	9.3639341001E-01	?	9.5934979313E-01	9.2857151928E-01	9.3659821816E-01	9.5956664872E-01	1.4456601285E00	?	1.8958643708E00	1.7802353253E-02	?	0.0000000000E00	7.5994917098E-02	2.4137303123E-02	9.4758428957E-02	1.2622733793E00	
LIBOR Spot Rate Multi-Curve	1.9363127710E00	1.9397976987E00	1.8677063783E00	1.8643475107E00	1.8638359721E00	1.8636117692E00	?	1.8615712667E00	1.8615712667E00	1.8569794579E00	1.1416877652E00	1.1535775077E00	1.1017589400E00	1.1022660486E00	?	1.1091102959E00	1.1091102959E00	1.1286172282E00	1.8416699452E00	?	1.8341162545E00	1.8289745486E00	1.8278411785E00	8.8431794682E-01	?	9.0802697839E-01	8.7641573351E-01	8.8440595930E-01	9.1411534033E-01	1.4095618720E00	?	1.8878686198E00	6.7509240953E-02	?	7.5994917098E-02	0.0000000000E00	5.8199886843E-02	2.1497775602E-02	1.2154263180E00	
OIS Forward Rate Multi-Curve	1.9398240237E00	1.9431195942E00	1.8748798611E00	1.8716970828E00	1.8712123354E00	1.8709998727E00	?	1.8690661576E00	1.8690661576E00	1.8647142514E00	1.1022177826E00	1.1145001758E00	1.0610016022E00	1.0615247588E00	?	1.0685863583E00	1.0685863583E00	1.0887205321E00	1.8502005462E00	?	1.8430372092E00	1.8381603441E00	1.8370852574E00	9.2326653146E-01	?	9.4646262007E-01	9.1545951643E-01	9.2348891255E-01	9.4632304942E-01	1.4371997017E00	?	1.8939787950E00	1.1153268858E-02	?	2.4137303123E-02	5.8199886843E-02	0.0000000000E00	7.3651031856E-02	1.2511206898E00	
LIBOR Forward Rate Multi-Curve	1.9352969817E00	1.9388366291E00	1.8656336929E00	1.8622240755E00	1.8617048160E00	1.8614772299E00	?	1.8594059546E00	1.8594059546E00	1.8547450222E00	1.1524793958E00	1.1642594146E00	1.1129108460E00	1.1134134583E00	?	1.1201968210E00	1.1201968210E00	1.1395281858E00	1.8392062975E00	?	1.8315402239E00	1.8263222887E00	1.8251721448E00	8.7258843469E-01	?	8.9649500061E-01	8.6469845299E-01	8.7268925158E-01	9.0227369488E-01	1.4021581764E00	?	1.8861025201E00	8.1829662951E-02	?	9.4758428957E-02	2.1497775602E-02	7.3651031856E-02	0.0000000000E00	1.2052341334E00	
Time	1.7512604745E00	1.7642649395E00	1.5082138494E00	1.4969148716E00	1.4951987607E00	1.4944469921E00	?	1.4876158780E00	1.4876158780E00	1.4723146966E00	1.7500168828E00	1.7541392312E00	1.7360096658E00	1.7361891582E00	?	1.7386076490E00	1.7386076490E00	1.7454595423E00	1.4219996526E00	?	1.3975638680E00	1.3810751552E00	1.3774561872E00	6.2845896633E-01	?	6.1442459182E-01	6.4085088897E-01	6.3617099551E-01	4.5404556167E-01	8.7224669604E-01	?	1.5771750499E00	1.2560935835E00	?	1.2622733793E00	1.2154263180E00	1.2511206898E00	1.2052341334E00	0.0000000000E00	
