Component1	Component2	Correlation
0	0	1.0000000000000007
0	1	0.9997679102910988
0	2	0.997098387285902
0	3	0.9864393846695865
0	4	0.9597634392601682
0	5	0.910181825797834
0	6	0.8377517560079593
0	7	0.7520297234588342
0	8	0.6671633411246936
0	9	0.5944908197328103
0	10	0.5392650072439883
0	11	0.501372451658576
0	12	0.4772169348132568
0	13	0.46180836283822163
0	14	0.45100540195984756
0	15	0.44270438678605906
0	16	0.43595270015511073
0	17	0.4291125112542362
0	18	0.4188042863221943
0	19	0.4007155357299794
0	20	0.37274126567748683
0	21	0.3381659735598066
0	22	0.30447578806839265
0	23	0.27863062098238556
0	24	0.2638633554554445
0	25	0.2591342157166291
0	26	0.2602178441154251
0	27	0.26291397314717596
0	28	0.2659678884230357
0	29	0.2692879515531178
0	30	0.26946682324912885
0	31	0.25851716709604544
0	32	0.23316447116494218
0	33	0.20548602636789232
0	34	0.19143803528072256
0	35	0.19406355323701563
0	36	0.19778564770589963
0	37	0.19852946035940636
0	38	0.2048428005554823
0	39	0.126037573575964
0	40	0.7000000000000005
0	41	0.6998375372037692
0	42	0.6979688711001315
0	43	0.6905075692687106
0	44	0.6718344074821176
0	45	0.6371272780584838
0	46	0.5864262292055714
0	47	0.5264208064211839
0	48	0.4670143387872854
0	49	0.41614357381296724
0	50	0.37748550507079176
0	51	0.35096071616100316
0	52	0.33405185436927964
0	53	0.32326585398675506
0	54	0.31570378137189326
0	55	0.30989307075024125
0	56	0.3051668901085775
0	57	0.30037875787796536
0	58	0.2931630004255361
0	59	0.28050087501098553
0	60	0.2609188859742408
0	61	0.23671618149186457
0	62	0.21313305164787488
0	63	0.19504143468766996
0	64	0.1847043488188112
0	65	0.18139395100164038
0	66	0.18215249088079755
0	67	0.1840397812030231
0	68	0.18617752189612494
0	69	0.18850156608718246
0	70	0.18862677627439017
0	71	0.1809620169672318
0	72	0.16321512981545944
0	73	0.14384021845752468
0	74	0.13400662469650573
0	75	0.13584448726591095
0	76	0.13844995339412977
0	77	0.1389706222515844
0	78	0.1433899603888376
0	79	0.08822630150317481
1	0	0.9997679102910988
1	1	1.0000000000000004
1	2	0.9984806852419288
1	3	0.9896370670105072
1	4	0.965338508783918
1	5	0.9184386577921719
1	6	0.848597782025792
1	7	0.7649825024000049
1	8	0.6815056815220375
1	9	0.6094268260119708
1	10	0.5539784101155822
1	11	0.5150238100989756
1	12	0.48898098593852596
1	13	0.4710216825978523
1	14	0.4573658701308352
1	15	0.44635739694091653
1	16	0.4374019062695524
1	17	0.42906518736754373
1	18	0.4180522247466035
1	19	0.4000359371621591
1	20	0.3727577226639438
1	21	0.3391954261074558
1	22	0.30647238755654
1	23	0.2812458208834641
1	24	0.266530647316264
1	25	0.26115461225158626
1	26	0.2609351269918235
1	27	0.2619797371535199
1	28	0.26346854298005573
1	29	0.26565409967216974
1	30	0.26538291494720784
1	31	0.2548614942177983
1	32	0.23066975835845088
1	33	0.204235214965924
1	34	0.19081427188531097
1	35	0.1929590215290897
1	36	0.19517268794918327
1	37	0.19439018854854206
1	38	0.20021975321167113
1	39	0.12467319170240591
1	40	0.6998375372037692
1	41	0.7000000000000005
1	42	0.69893647966935
1	43	0.692745946907355
1	44	0.6757369561487425
1	45	0.6429070604545204
1	46	0.5940184474180542
1	47	0.5354877516800032
1	48	0.4770539770654263
1	49	0.4265987782083795
1	50	0.3877848870809076
1	51	0.36051666706928304
1	52	0.3422866901569682
1	53	0.3297151778184966
1	54	0.32015610909158465
1	55	0.31245017785864154
1	56	0.3061813343886866
1	57	0.3003456311572806
1	58	0.2926365573226224
1	59	0.2800251560135113
1	60	0.2609304058647606
1	61	0.23743679827521896
1	62	0.214530671289578
1	63	0.19687207461842493
1	64	0.18657145312138482
1	65	0.18280822857611034
1	66	0.18265458889427638
1	67	0.18338581600746395
1	68	0.18442798008603908
1	69	0.1859578697705187
1	70	0.18576804046304546
1	71	0.1784030459524587
1	72	0.16146883085091557
1	73	0.14296465047614684
1	74	0.13356999031971759
1	75	0.1350713150703628
1	76	0.13662088156442828
1	77	0.13607313198397938
1	78	0.1401538272481698
1	79	0.08727123419168414
2	0	0.997098387285902
2	1	0.9984806852419288
2	2	0.9999999999999993
2	3	0.9960402277185452
2	4	0.9782224661594319
2	5	0.9387410202864094
2	6	0.8762063856511236
2	7	0.7987274641894844
2	8	0.7195622760446186
2	9	0.6497421748124023
2	10	0.5944410161117889
2	11	0.5534549400811832
2	12	0.5232129795624468
2	13	0.4992654169441392
2	14	0.47874185874480196
2	15	0.4611610556313059
2	16	0.4469055268481328
2	17	0.43511411600807126
2	18	0.42271930389277435
2	19	0.40531606279950316
2	20	0.3801883004561249
2	21	0.3495046968968397
2	22	0.31950811647917476
2	23	0.2961555299240701
2	24	0.2819295031615964
2	25	0.2752491128190849
2	26	0.27191122210573965
2	27	0.2687667137989341
2	28	0.26624171731901075
2	29	0.26565202282016315
2	30	0.26452660277698653
2	31	0.2553548312667248
2	32	0.23410423857293014
2	33	0.21071396806524617
2	34	0.1990333229056842
2	35	0.20023419052557834
2	36	0.19819055985707437
2	37	0.19283394669829396
2	38	0.19781602335584736
2	39	0.12833085835089497
2	40	0.6979688711001315
2	41	0.6989364796693501
2	42	0.6999999999999993
2	43	0.6972281594029817
2	44	0.6847557263116023
2	45	0.6571187142004865
2	46	0.6133444699557864
2	47	0.559109224932639
2	48	0.5036935932312329
2	49	0.45481952236868173
2	50	0.4161087112782522
2	51	0.38741845805682823
2	52	0.36624908569371284
2	53	0.3494857918608973
2	54	0.3351193011213613
2	55	0.3228127389419141
2	56	0.31283386879369285
2	57	0.3045798812056499
2	58	0.29590351272494203
2	59	0.28372124395965215
2	60	0.2661318103192874
2	61	0.24465328782778784
2	62	0.2236556815354224
2	63	0.20730887094684916
2	64	0.19735065221311754
2	65	0.1926743789733594
2	66	0.19033785547401777
2	67	0.1881366996592538
2	68	0.18636920212330743
2	69	0.1859564159741142
2	70	0.18516862194389058
2	71	0.17874838188670739
2	72	0.16387296700105114
2	73	0.14749977764567235
2	74	0.13932332603397887
2	75	0.1401639333679049
2	76	0.138733391899952
2	77	0.13498376268880577
2	78	0.1384712163490931
2	79	0.08983160084562648
3	0	0.9864393846695865
3	1	0.9896370670105072
3	2	0.9960402277185452
3	3	0.9999999999999996
3	4	0.9927961671140633
3	5	0.9656167799641627
3	6	0.9153934773821373
3	7	0.8484794678642462
3	8	0.7769929900972498
3	9	0.7115293969878292
3	10	0.6571365365216405
3	11	0.6134968815598347
3	12	0.5770573669994377
3	13	0.543968947703636
3	14	0.5128099022172067
3	15	0.48498204088472235
3	16	0.4624484362687271
3	17	0.44528952270843375
3	18	0.43082375085941166
3	19	0.4145346959002139
3	20	0.39297919978312074
3	21	0.3670345051631506
3	22	0.3415428284189466
3	23	0.32135156533537074
3	24	0.30809480644809656
3	25	0.2995218732279799
3	26	0.2913624949600455
3	27	0.2816340716589007
3	28	0.27277449532959236
3	29	0.26783922502034074
3	30	0.26545970957610177
3	31	0.25853234981487216
3	32	0.24199567017874557
3	33	0.22346243794968082
3	34	0.21463819943536697
3	35	0.21446690388010436
3	36	0.2055962226978955
3	37	0.19282669867715904
3	38	0.1966111216637718
3	39	0.13616738324832672
3	40	0.6905075692687105
3	41	0.692745946907355
3	42	0.6972281594029817
3	43	0.6999999999999997
3	44	0.6949573169798442
3	45	0.6759317459749139
3	46	0.640775434167496
3	47	0.5939356275049723
3	48	0.5438950930680746
3	49	0.4980705778914805
3	50	0.4599955755651485
3	51	0.4294478170918843
3	52	0.4039401568996065
3	53	0.3807782633925453
3	54	0.3589669315520446
3	55	0.3394874286193055
3	56	0.3237139053881089
3	57	0.3117026658959036
3	58	0.3015766256015881
3	59	0.29017428713014976
3	60	0.2750854398481845
3	61	0.2569241536142054
3	62	0.23907997989326266
3	63	0.22494609573475957
3	64	0.21566636451366758
3	65	0.20966531125958596
3	66	0.20395374647203188
3	67	0.1971438501612304
3	68	0.19094214673071466
3	69	0.18748745751423848
3	70	0.18582179670327129
3	71	0.18097264487041048
3	72	0.16939696912512187
3	73	0.15642370656477655
3	74	0.15024673960475685
3	75	0.15012683271607305
3	76	0.14391735588852675
3	77	0.13497868907401128
3	78	0.1376277851646402
3	79	0.0953171682738287
4	0	0.9597634392601682
4	1	0.965338508783918
4	2	0.9782224661594319
4	3	0.9927961671140633
4	4	1.0000000000000002
4	5	0.989794438898493
4	6	0.9569069196117577
4	7	0.9052605570673676
4	8	0.8452953049482264
4	9	0.7868916464710736
4	10	0.7348640428754809
4	11	0.6887302426703186
4	12	0.6449626295083509
4	13	0.6004991942314901
4	14	0.5558164440726453
4	15	0.5147967019329049
4	16	0.4815050302720895
4	17	0.4572981854571379
4	18	0.4400489341579592
4	19	0.42514750961925285
4	20	0.4082460270115615
4	21	0.38855468447930686
4	22	0.36907580423301445
4	23	0.3531846782461922
4	24	0.3413900789741048
4	25	0.3305559581726996
4	26	0.316308190653995
4	27	0.29816058815080576
4	28	0.2811557380627113
4	29	0.2706171122398909
4	30	0.2666262621730859
4	31	0.26262923012261047
4	32	0.2522458166699335
4	33	0.24007528475182244
4	34	0.23504182364317774
4	35	0.233192168450637
4	36	0.21554403442512884
4	37	0.1932039957412801
4	38	0.1955060010480739
4	39	0.1467071448879677
4	40	0.6718344074821176
4	41	0.6757369561487425
4	42	0.6847557263116023
4	43	0.6949573169798442
4	44	0.7000000000000001
4	45	0.692856107228945
4	46	0.6698348437282303
4	47	0.6336823899471573
4	48	0.5917067134637582
4	49	0.5508241525297514
4	50	0.5144048300128368
4	51	0.48211116986922287
4	52	0.45147384065584556
4	53	0.42034943596204294
4	54	0.38907151085085173
4	55	0.36035769135303347
4	56	0.3370535211904626
4	57	0.3201087298199966
4	58	0.3080342539105714
4	59	0.29760325673347693
4	60	0.285772218908093
4	61	0.2719882791355148
4	62	0.2583530629631101
4	63	0.24722927477233456
4	64	0.23897305528187338
4	65	0.23138917072088974
4	66	0.22141573345779647
4	67	0.20871241170556398
4	68	0.1968090166438979
4	69	0.18943197856792354
4	70	0.18663838352115997
4	71	0.18384046108582733
4	72	0.17657207166895342
4	73	0.16805269932627573
4	74	0.16452927655022448
4	75	0.16323451791544588
4	76	0.15088082409759015
4	77	0.13524279701889605
4	78	0.13685420073365173
4	79	0.1026950014215774
5	0	0.910181825797834
5	1	0.9184386577921719
5	2	0.9387410202864094
5	3	0.9656167799641627
5	4	0.989794438898493
5	5	1.0
5	6	0.9884826213456648
5	7	0.9562393986475506
5	8	0.9115422269754895
5	9	0.8632477326941742
5	10	0.8158005529446686
5	11	0.7685008325404732
5	12	0.7178357314747953
5	13	0.6616034257225093
5	14	0.6023905091884662
5	15	0.5468738191401362
5	16	0.5015247737675629
5	17	0.46920015169758006
5	18	0.44847319567747584
5	19	0.43472342125738117
5	20	0.4226922422825081
5	21	0.4097992735064756
5	22	0.39700654425225274
5	23	0.38602195312449716
5	24	0.376074723974052
5	25	0.36302892636386297
5	26	0.3423671528763169
5	27	0.3152001694503386
5	28	0.2893844606488753
5	29	0.2727149028171624
5	30	0.2668812764136437
5	31	0.2659890134481523
5	32	0.26228737653253403
5	33	0.2570957422533102
5	34	0.2562664804625687
5	35	0.25269212627660714
5	36	0.2256525389573092
5	37	0.19303458417525715
5	38	0.1937372317681439
5	39	0.15773382732586103
5	40	0.6371272780584838
5	41	0.6429070604545204
5	42	0.6571187142004865
5	43	0.6759317459749138
5	44	0.6928561072289449
5	45	0.7
5	46	0.6919378349419651
5	47	0.6693675790532856
5	48	0.6380795588828425
5	49	0.604273412885922
5	50	0.5710603870612678
5	51	0.5379505827783312
5	52	0.5024850120323565
5	53	0.46312239800575655
5	54	0.42167335643192644
5	55	0.3828116733980953
5	56	0.3510673416372939
5	57	0.3284401061883061
5	58	0.31393123697423314
5	59	0.30430639488016675
5	60	0.2958845695977558
5	61	0.28685949145453293
5	62	0.2779045809765769
5	63	0.27021536718714817
5	64	0.26325230678183636
5	65	0.254120248454704
5	66	0.23965700701342182
5	67	0.22064011861523702
5	68	0.20256912245421274
5	69	0.19090043197201362
5	70	0.1868168934895505
5	71	0.18619230941370662
5	72	0.18360116357277384
5	73	0.17996701957731717
5	74	0.17938653632379808
5	75	0.17688448839362492
5	76	0.15795677727011645
5	77	0.13512420892268004
5	78	0.13561606223770073
5	79	0.11041367912810271
6	0	0.8377517560079593
6	1	0.848597782025792
6	2	0.8762063856511236
6	3	0.9153934773821373
6	4	0.9569069196117577
6	5	0.9884826213456648
6	6	1.0
6	7	0.9894078313207414
6	8	0.9625442822421054
6	9	0.9270065308591984
6	10	0.886745485320735
6	11	0.8407950384365048
6	12	0.7856000313841892
6	13	0.7196946077595666
6	14	0.6476054831281081
6	15	0.5786726312887054
6	16	0.521732800689298
6	17	0.4811731724551235
6	18	0.45634108047628236
6	19	0.44273619795161956
6	20	0.43440415310421654
6	21	0.4272328905905106
6	22	0.420346992544327
6	23	0.41389338622673033
6	24	0.4058780577114046
6	25	0.391198145949255
6	26	0.3651282225666108
6	27	0.33012316223361116
6	28	0.2965027515177872
6	29	0.27426494602925733
6	30	0.26656289775164005
6	31	0.2681578537675316
6	32	0.27018532488526964
6	33	0.27110689998136744
6	34	0.2740297731867941
6	35	0.269051672591437
6	36	0.23392424970827197
6	37	0.1923872495668445
6	38	0.19164362879673796
6	39	0.16693642569897388
6	40	0.5864262292055714
6	41	0.5940184474180542
6	42	0.6133444699557864
6	43	0.640775434167496
6	44	0.6698348437282304
6	45	0.6919378349419653
6	46	0.7000000000000001
6	47	0.692585481924519
6	48	0.6737809975694737
6	49	0.6489045716014388
6	50	0.6207218397245143
6	51	0.5885565269055533
6	52	0.5499200219689323
6	53	0.5037862254316965
6	54	0.4533238381896757
6	55	0.4050708419020938
6	56	0.3652129604825084
6	57	0.3368212207185864
6	58	0.31943875633339774
6	59	0.30991533856613357
6	60	0.3040829071729515
6	61	0.29906302341335744
6	62	0.29424289478102894
6	63	0.28972537035871126
6	64	0.2841146403979832
6	65	0.2738387021644785
6	66	0.2555897557966275
6	67	0.23108621356352774
6	68	0.20755192606245101
6	69	0.19198546222048013
6	70	0.18659402842614803
6	71	0.18771049763727207
6	72	0.18912972741968873
6	73	0.18977482998695722
6	74	0.19182084123075582
6	75	0.1883361708140059
6	76	0.1637469747957903
6	77	0.13467107469679107
6	78	0.13415054015771655
6	79	0.11685549798928173
7	0	0.7520297234588342
7	1	0.7649825024000049
7	2	0.7987274641894844
7	3	0.8484794678642462
7	4	0.9052605570673676
7	5	0.9562393986475506
7	6	0.9894078313207414
7	7	1.0
7	8	0.9915082771814314
7	9	0.9702142387678299
7	10	0.9395143110421253
7	11	0.8981349665035961
7	12	0.8423519956927267
7	13	0.7710850828077392
7	14	0.6902308263661058
7	15	0.6112103196746012
7	16	0.5448359132497931
7	17	0.4968474271337863
7	18	0.4673342441087874
7	19	0.452048641276316
7	20	0.4447390521824025
7	21	0.44040536575182554
7	22	0.436982484463215
7	23	0.43351092135904623
7	24	0.4270613851753789
7	25	0.41173447779509953
7	26	0.3824823691456582
7	27	0.34249208536190767
7	28	0.30366095066676196
7	29	0.2774736482933306
7	30	0.2680849361772677
7	31	0.27073290654472376
7	32	0.27595308860998513
7	33	0.2805080979689613
7	34	0.28579035887078114
7	35	0.2800662259909822
7	36	0.23995540593859455
7	37	0.19278408930577673
7	38	0.1910304276296266
7	39	0.1730431833860555
7	40	0.5264208064211839
7	41	0.5354877516800032
7	42	0.559109224932639
7	43	0.5939356275049723
7	44	0.6336823899471572
7	45	0.6693675790532856
7	46	0.6925854819245191
7	47	0.7
7	48	0.6940557940270019
7	49	0.6791499671374807
7	50	0.6576600177294877
7	51	0.6286944765525172
7	52	0.5896463969849088
7	53	0.5397595579654174
7	54	0.4831615784562741
7	55	0.4278472237722209
7	56	0.3813851392748551
7	57	0.3477931989936504
7	58	0.3271339708761512
7	59	0.31643404889342125
7	60	0.31131733652768173
7	61	0.30828375602627783
7	62	0.3058877391242505
7	63	0.30345764495133243
7	64	0.2989429696227653
7	65	0.2882141344565697
7	66	0.26773765840196073
7	67	0.23974445975333541
7	68	0.2125626654667334
7	69	0.1942315538053314
7	70	0.1876594553240874
7	71	0.18951303458130664
7	72	0.19316716202698955
7	73	0.1963556685782729
7	74	0.20005325120954673
7	75	0.19604635819368746
7	76	0.16796878415701616
7	77	0.1349488625140437
7	78	0.1337212993407386
7	79	0.12113022837023887
8	0	0.6671633411246936
8	1	0.6815056815220375
8	2	0.7195622760446186
8	3	0.7769929900972498
8	4	0.8452953049482264
8	5	0.9115422269754895
8	6	0.9625442822421054
8	7	0.9915082771814314
8	8	1.0000000000000002
8	9	0.9931329698895192
8	10	0.9737715844183282
8	11	0.9402987470726654
8	12	0.8886240779878991
8	13	0.817526111577314
8	14	0.7334270075275102
8	15	0.6489593147802006
8	16	0.5763040535179731
8	17	0.5222362747768492
8	18	0.48745999575029736
8	19	0.468069606000811
8	20	0.45799700479640193
8	21	0.45224790475678533
8	22	0.4485430498845679
8	23	0.445540100881196
8	24	0.43983009860362476
8	25	0.4249635585617442
8	26	0.3953997057917202
8	27	0.35421288743413476
8	28	0.31367779713243377
8	29	0.285788587132347
8	30	0.27502440999950206
8	31	0.2767478235017341
8	32	0.28151867024481864
8	33	0.28607195717978756
8	34	0.2916452167418634
8	35	0.28600620800955606
8	36	0.24503106958791976
8	37	0.19658401886755628
8	38	0.19444466884259387
8	39	0.17624864886134392
8	40	0.4670143387872854
8	41	0.4770539770654263
8	42	0.5036935932312329
8	43	0.5438950930680747
8	44	0.5917067134637582
8	45	0.6380795588828427
8	46	0.6737809975694737
8	47	0.6940557940270019
8	48	0.7000000000000001
8	49	0.6951930789226635
8	50	0.6816401090928297
8	51	0.6582091229508658
8	52	0.6220368545915296
8	53	0.5722682781041198
8	54	0.513398905269257
8	55	0.45427152034614027
8	56	0.4034128374625811
8	57	0.36556539234379437
8	58	0.3412219970252082
8	59	0.3276487242005677
8	60	0.32059790335748145
8	61	0.31657353332974975
8	62	0.3139801349191976
8	63	0.31187807061683726
8	64	0.3078810690225374
8	65	0.2974744909932209
8	66	0.27677979405420416
8	67	0.24794902120389434
8	68	0.21957445799270361
8	69	0.20005201099264291
8	70	0.19251708699965142
8	71	0.19372347645121388
8	72	0.19706306917137303
8	73	0.20025037002585125
8	74	0.20415165171930427
8	75	0.20020434560668926
8	76	0.17152174871154377
8	77	0.13760881320728935
8	78	0.13611126818981562
8	79	0.12337405420294073
9	0	0.5944908197328103
9	1	0.6094268260119708
9	2	0.6497421748124023
9	3	0.7115293969878292
9	4	0.7868916464710736
9	5	0.8632477326941742
9	6	0.9270065308591984
9	7	0.9702142387678299
9	8	0.9931329698895192
9	9	1.000000000000001
9	10	0.9932349230632435
9	11	0.9708438407913962
9	12	0.9281263731241658
9	13	0.8631002867845975
9	14	0.7817488435688442
9	15	0.6969369712810759
9	16	0.6215305137147494
9	17	0.5629647413142992
9	18	0.5223698128299649
9	19	0.4962125318174336
9	20	0.47908124398542856
9	21	0.46697321230546174
9	22	0.45853073657459803
9	23	0.45289624346090374
9	24	0.44671902016752324
9	25	0.43326721282833425
9	26	0.40630309423784977
9	27	0.3678694800797027
9	28	0.32933973189720595
9	29	0.3021723253222399
9	30	0.2904045905282687
9	31	0.28905067656464056
9	32	0.2892967730215872
9	33	0.2897218409256712
9	34	0.29321454070331865
9	35	0.28848413620160557
9	36	0.25094232635522473
9	37	0.20576898418041667
9	38	0.20393407705492642
9	39	0.17751207230286187
9	40	0.4161435738129671
9	41	0.4265987782083795
9	42	0.45481952236868173
9	43	0.4980705778914805
9	44	0.5508241525297514
9	45	0.604273412885922
9	46	0.6489045716014388
9	47	0.6791499671374807
9	48	0.6951930789226635
9	49	0.7000000000000007
9	50	0.6952644461442705
9	51	0.6795906885539775
9	52	0.6496884611869158
9	53	0.6041702007492181
9	54	0.5472241904981909
9	55	0.4878558798967531
9	56	0.43507135960032456
9	57	0.3940753189200094
9	58	0.36565886898097544
9	59	0.34734877227220334
9	60	0.33535687078979987
9	61	0.3268812486138233
9	62	0.32097151560221865
9	63	0.3170273704226327
9	64	0.3127033141172663
9	65	0.30328704897983394
9	66	0.2844121659664949
9	67	0.25750863605579183
9	68	0.23053781232804418
9	69	0.21152062772556793
9	70	0.20328321336978816
9	71	0.20233547359524845
9	72	0.202507741115111
9	73	0.20280528864796982
9	74	0.20525017849232302
9	75	0.20193889534112391
9	76	0.17565962844865723
9	77	0.14403828892629164
9	78	0.14275385393844844
9	79	0.12425845061200332
10	0	0.5392650072439883
10	1	0.5539784101155822
10	2	0.5944410161117889
10	3	0.6571365365216405
10	4	0.7348640428754809
10	5	0.8158005529446686
10	6	0.886745485320735
10	7	0.9395143110421253
10	8	0.9737715844183282
10	9	0.9932349230632435
10	10	0.9999999999999999
10	11	0.9916729818534863
10	12	0.9626952486855488
10	13	0.9096893591480116
10	14	0.8372136472007944
10	15	0.7573642935068784
10	16	0.6829888498399614
10	17	0.6217857127467786
10	18	0.5750860950301082
10	19	0.5397026690582152
10	20	0.5112942744364947
10	21	0.4878131038576422
10	22	0.46998667818462253
10	23	0.4583555337099525
10	24	0.4501931576335237
10	25	0.43876135605005384
10	26	0.41693950989315415
10	27	0.38487502877891105
10	28	0.3518317364378971
10	29	0.3277294235437151
10	30	0.3153959025057442
10	31	0.3089700414111337
10	32	0.30076793916940614
10	33	0.29301964251081813
10	34	0.2920595180484113
10	35	0.28891420988253447
10	36	0.25873247029558155
10	37	0.22102438713738964
10	38	0.22016209081048538
10	39	0.17763548866872156
10	40	0.3774855050707918
10	41	0.3877848870809076
10	42	0.4161087112782522
10	43	0.4599955755651485
10	44	0.5144048300128368
10	45	0.5710603870612678
10	46	0.6207218397245143
10	47	0.6576600177294877
10	48	0.6816401090928297
10	49	0.6952644461442705
10	50	0.6999999999999998
10	51	0.6941710872974403
10	52	0.6738866740798841
10	53	0.6367825514036081
10	54	0.5860495530405561
10	55	0.5301550054548148
10	56	0.4780921948879731
10	57	0.435249998922745
10	58	0.4025602665210757
10	59	0.3777918683407507
10	60	0.35790599210554624
10	61	0.3414691727003496
10	62	0.3289906747292359
10	63	0.32084887359696684
10	64	0.31513521034346664
10	65	0.3071329492350377
10	66	0.29185765692520793
10	67	0.2694125201452377
10	68	0.24628221550652804
10	69	0.22941059648060047
10	70	0.2207771317540209
10	71	0.2162790289877936
10	72	0.21053755741858426
10	73	0.2051137497575727
10	74	0.20444166263388794
10	75	0.20223994691777414
10	76	0.18111272920690705
10	77	0.15471707099617266
10	78	0.15411346356733974
10	79	0.12434484206810512
11	0	0.501372451658576
11	1	0.5150238100989756
11	2	0.5534549400811832
11	3	0.6134968815598347
11	4	0.6887302426703186
11	5	0.7685008325404732
11	6	0.8407950384365048
11	7	0.8981349665035961
11	8	0.9402987470726654
11	9	0.9708438407913962
11	10	0.9916729818534863
11	11	0.9999999999999998
11	12	0.9892191342631511
11	13	0.953999319240468
11	14	0.8965464544877045
11	15	0.8272019629069326
11	16	0.758074084715127
11	17	0.6967018559222136
11	18	0.6443633833451632
11	19	0.5981331197705858
11	20	0.5550449082680009
11	21	0.515831469857531
11	22	0.4843641480095465
11	23	0.46344782349009156
11	24	0.45153531989767137
11	25	0.44217932144694133
11	26	0.4272878145221411
11	27	0.4044416298278969
11	28	0.37978713829410504
11	29	0.36082877119600165
11	30	0.34849353301978053
11	31	0.335540796020958
11	32	0.3157553697065163
11	33	0.2964816856827809
11	34	0.2890067960338607
11	35	0.2878364464052859
11	36	0.26807674583543517
11	37	0.24119920605833717
11	38	0.24188171402523798
11	39	0.1768728776876103
11	40	0.35096071616100316
11	41	0.36051666706928304
11	42	0.38741845805682823
11	43	0.4294478170918842
11	44	0.48211116986922287
11	45	0.5379505827783312
11	46	0.5885565269055533
11	47	0.6286944765525173
11	48	0.6582091229508656
11	49	0.6795906885539775
11	50	0.6941710872974403
11	51	0.7
11	52	0.6924533939842059
11	53	0.6677995234683275
11	54	0.6275825181413932
11	55	0.5790413740348528
11	56	0.5306518593005889
11	57	0.48769129914554926
11	58	0.4510543683416141
11	59	0.4186931838394101
11	60	0.3885314357876006
11	61	0.36108202890027163
11	62	0.3390549036066825
11	63	0.3244134764430641
11	64	0.31607472392836994
11	65	0.30952552501285896
11	66	0.29910147016549876
11	67	0.28310914087952777
11	68	0.26585099680587354
11	69	0.25258013983720107
11	70	0.2439454731138465
11	71	0.2348785572146706
11	72	0.22102875879456146
11	73	0.2075371799779466
11	74	0.20230475722370245
11	75	0.2014855124837
11	76	0.1876537220848046
11	77	0.16883944424083605
11	78	0.16931719981766646
11	79	0.12381101438132719
12	0	0.4772169348132568
12	1	0.48898098593852596
12	2	0.5232129795624468
12	3	0.5770573669994377
12	4	0.6449626295083509
12	5	0.7178357314747953
12	6	0.7856000313841892
12	7	0.8423519956927267
12	8	0.8886240779878991
12	9	0.9281263731241658
12	10	0.9626952486855488
12	11	0.9892191342631511
12	12	1.0
12	13	0.9874071488106146
12	14	0.950568424966223
12	15	0.8971920971895248
12	16	0.837939768770342
12	17	0.7797504002438023
12	18	0.7235747934641001
12	19	0.6665959248207988
12	20	0.6073270711344204
12	21	0.5497815457602544
12	22	0.5017172979109721
12	23	0.4688744063232536
12	24	0.45135842241746116
12	25	0.4433289234115333
12	26	0.43582543668344426
12	27	0.42358394474153604
12	28	0.40904326029290455
12	29	0.3966980686759884
12	30	0.3850881247332487
12	31	0.36521648001849677
12	32	0.33240230027381307
12	33	0.29982497364451516
12	34	0.28455520994730904
12	35	0.28528094195637477
12	36	0.277370791948269
12	37	0.26309705704674147
12	38	0.2656919553548612
12	39	0.17516864161238666
12	40	0.33405185436927964
12	41	0.3422866901569682
12	42	0.36624908569371284
12	43	0.4039401568996065
12	44	0.45147384065584556
12	45	0.5024850120323566
12	46	0.5499200219689324
12	47	0.5896463969849088
12	48	0.6220368545915295
12	49	0.6496884611869159
12	50	0.6738866740798841
12	51	0.6924533939842059
12	52	0.6999999999999998
12	53	0.69118500416743
12	54	0.6653978974763561
12	55	0.6280344680326674
12	56	0.5865578381392396
12	57	0.5458252801706616
12	58	0.50650235542487
12	59	0.46661714737455895
12	60	0.42512894979409416
12	61	0.38484708203217793
12	62	0.35120210853768047
12	63	0.3282120844262776
12	64	0.31595089569222284
12	65	0.31033024638807327
12	66	0.305077805678411
12	67	0.29650876131907516
12	68	0.28633028220503326
12	69	0.2776886480731918
12	70	0.26956168731327407
12	71	0.2556515360129478
12	72	0.23268161019166914
12	73	0.2098774815511606
12	74	0.1991886469631163
12	75	0.19969665936946238
12	76	0.1941595543637883
12	77	0.18416793993271902
12	78	0.18598436874840277
12	79	0.12261804912867064
13	0	0.46180836283822163
13	1	0.4710216825978523
13	2	0.4992654169441392
13	3	0.543968947703636
13	4	0.6004991942314901
13	5	0.6616034257225093
13	6	0.7196946077595666
13	7	0.7710850828077392
13	8	0.817526111577314
13	9	0.8631002867845975
13	10	0.9096893591480116
13	11	0.953999319240468
13	12	0.9874071488106146
13	13	0.9999999999999996
13	14	0.9875175124027408
13	15	0.9544623203880733
13	16	0.9094810566084415
13	17	0.8585164776507774
13	18	0.8019291694132116
13	19	0.736775659666131
13	20	0.6628392112975644
13	21	0.5873558479353974
13	22	0.5221332906356743
13	23	0.4761260192857771
13	24	0.4513680801166681
13	25	0.44290886427443843
13	26	0.44126893229996184
13	27	0.43866771818159556
13	28	0.4339539865400865
13	29	0.42853513985058056
13	30	0.41845595867291047
13	31	0.3928260943605478
13	32	0.3481609119306528
13	33	0.30302662291402505
13	34	0.2800192483014139
13	35	0.28193272763518523
13	36	0.2847334649158176
13	37	0.2822550035869962
13	38	0.2867898473918998
13	39	0.17288391587266844
13	40	0.32326585398675506
13	41	0.3297151778184966
13	42	0.3494857918608973
13	43	0.3807782633925453
13	44	0.42034943596204305
13	45	0.46312239800575666
13	46	0.5037862254316966
13	47	0.5397595579654174
13	48	0.5722682781041198
13	49	0.6041702007492181
13	50	0.6367825514036081
13	51	0.6677995234683276
13	52	0.6911850041674301
13	53	0.6999999999999995
13	54	0.6912622586819186
13	55	0.6681236242716513
13	56	0.6366367396259088
13	57	0.6009615343555441
13	58	0.5613504185892482
13	59	0.5157429617662916
13	60	0.46398744790829505
13	61	0.4111490935547782
13	62	0.3654933034449719
13	63	0.3332882135000439
13	64	0.3159576560816677
13	65	0.3100362049921069
13	66	0.3088882526099733
13	67	0.3070674027271169
13	68	0.30376779057806047
13	69	0.2999745978954063
13	70	0.2929191710710373
13	71	0.27497826605238346
13	72	0.2437126383514569
13	73	0.2121186360398175
13	74	0.1960134738109896
13	75	0.19735290934462968
13	76	0.1993134254410723
13	77	0.19757850251089734
13	78	0.20075289317432982
13	79	0.12101874111086793
14	0	0.45100540195984756
14	1	0.4573658701308352
14	2	0.47874185874480196
14	3	0.5128099022172067
14	4	0.5558164440726453
14	5	0.6023905091884662
14	6	0.6476054831281081
14	7	0.6902308263661058
14	8	0.7334270075275102
14	9	0.7817488435688442
14	10	0.8372136472007944
14	11	0.8965464544877045
14	12	0.950568424966223
14	13	0.9875175124027408
14	14	1.0000000000000007
14	15	0.9892498389559335
14	16	0.9616430524375711
14	17	0.9218794461182156
14	18	0.8695256774793351
14	19	0.8011988025916666
14	20	0.7173771679562938
14	21	0.6277927424192452
14	22	0.5477525875432092
14	23	0.48919811756710607
14	24	0.45607559712214174
14	25	0.44448565267684037
14	26	0.44497419114572023
14	27	0.44823772621810365
14	28	0.45052463804033477
14	29	0.4507596957066814
14	30	0.44286887633084504
14	31	0.414211223720218
14	32	0.36170740488137504
14	33	0.3075738813398522
14	34	0.2784632691443677
14	35	0.28024416095322124
14	36	0.28965622832769633
14	37	0.2950780736342666
14	38	0.30117108677007454
14	39	0.17148521669877728
14	40	0.31570378137189326
14	41	0.3201561090915846
14	42	0.3351193011213613
14	43	0.3589669315520446
14	44	0.3890715108508516
14	45	0.4216733564319263
14	46	0.4533238381896757
14	47	0.48316157845627405
14	48	0.513398905269257
14	49	0.5472241904981909
14	50	0.5860495530405561
14	51	0.6275825181413932
14	52	0.665397897476356
14	53	0.6912622586819186
14	54	0.7000000000000003
14	55	0.6924748872691533
14	56	0.6731501367062998
14	57	0.6453156122827509
14	58	0.6086679742355345
14	59	0.5608391618141665
14	60	0.5021640175694057
14	61	0.43945491969347167
14	62	0.3834268112802464
14	63	0.3424386822969743
14	64	0.3192529179854992
14	65	0.31113995687378826
14	66	0.3114819338020042
14	67	0.3137664083526725
14	68	0.31536724662823434
14	69	0.31553178699467704
14	70	0.3100082134315915
14	71	0.2899478566041527
14	72	0.2531951834169624
14	73	0.21530171693789654
14	74	0.19492428840105738
14	75	0.1961709126672549
14	76	0.20275935982938736
14	77	0.20655465154398658
14	78	0.21081976073905212
14	79	0.12003965168914407
15	0	0.44270438678605906
15	1	0.44635739694091653
15	2	0.4611610556313059
15	3	0.48498204088472235
15	4	0.5147967019329049
15	5	0.5468738191401362
15	6	0.5786726312887054
15	7	0.6112103196746012
15	8	0.6489593147802006
15	9	0.6969369712810759
15	10	0.7573642935068784
15	11	0.8272019629069326
15	12	0.8971920971895248
15	13	0.9544623203880733
15	14	0.9892498389559335
15	15	0.9999999999999998
15	16	0.9909570275152895
15	17	0.9655466703190326
15	18	0.922427017258865
15	19	0.8574088210370325
15	20	0.7707956488248167
15	21	0.6735498297100123
15	22	0.5833480760651599
15	23	0.5144632310152369
15	24	0.47245571398300745
15	25	0.4544573313200282
15	26	0.4516361236296393
15	27	0.45463980758805506
15	28	0.4588482150682898
15	29	0.4619315029388861
15	30	0.45649116926204625
15	31	0.42848353533700817
15	32	0.37409856985030815
15	33	0.3165459918921911
15	34	0.28419732338109605
15	35	0.28416522505902503
15	36	0.29378428461897793
15	37	0.30069046726213605
15	38	0.3076173162929355
15	39	0.17336725939499031
15	40	0.30989307075024125
15	41	0.3124501778586416
15	42	0.3228127389419141
15	43	0.3394874286193055
15	44	0.36035769135303347
15	45	0.3828116733980954
15	46	0.4050708419020938
15	47	0.4278472237722209
15	48	0.45427152034614027
15	49	0.4878558798967531
15	50	0.5301550054548148
15	51	0.5790413740348528
15	52	0.6280344680326674
15	53	0.6681236242716513
15	54	0.6924748872691534
15	55	0.6999999999999997
15	56	0.6936699192607026
15	57	0.6758826692233227
15	58	0.6456989120812054
15	59	0.6001861747259227
15	60	0.5395569541773715
15	61	0.47148488079700857
15	62	0.40834365324561184
15	63	0.3601242617106658
15	64	0.3307189997881053
15	65	0.31812013192401967
15	66	0.31614528654074736
15	67	0.3182478653116384
15	68	0.3211937505478029
15	69	0.3233520520572202
15	70	0.31954381848343233
15	71	0.2999384747359057
15	72	0.2618689988952157
15	73	0.2215821943245338
15	74	0.19893812636676722
15	75	0.1989156575413175
15	76	0.2056489992332845
15	77	0.2104833270834952
15	78	0.21533212140505484
15	79	0.1213570815764932
16	0	0.43595270015511073
16	1	0.4374019062695524
16	2	0.4469055268481328
16	3	0.4624484362687271
16	4	0.4815050302720895
16	5	0.5015247737675629
16	6	0.521732800689298
16	7	0.5448359132497931
16	8	0.5763040535179731
16	9	0.6215305137147494
16	10	0.6829888498399614
16	11	0.758074084715127
16	12	0.837939768770342
16	13	0.9094810566084415
16	14	0.9616430524375711
16	15	0.9909570275152895
16	16	1.0000000000000002
16	17	0.9910874594003125
16	18	0.9619390080768054
16	19	0.9071736203768079
16	20	0.8258933160419363
16	21	0.728738109180406
16	22	0.6343137458768222
16	23	0.558326644538753
16	24	0.5074634505874597
16	25	0.4796912266549729
16	26	0.4673195918084166
16	27	0.4626161308713945
16	28	0.46225166387649796
16	29	0.4642699731824625
16	30	0.460991088026198
16	31	0.43741401509348576
16	32	0.3877239772453084
16	33	0.33311877916590027
16	34	0.3010036414674988
16	35	0.2974665363632426
16	36	0.29985416556516187
16	37	0.300550594679098
16	38	0.3073764675575932
16	39	0.18079525302830446
16	40	0.3051668901085775
16	41	0.3061813343886866
16	42	0.3128338687936928
16	43	0.3237139053881089
16	44	0.3370535211904626
16	45	0.351067341637294
16	46	0.3652129604825085
16	47	0.3813851392748551
16	48	0.403412837462581
16	49	0.43507135960032467
16	50	0.4780921948879731
16	51	0.530651859300589
16	52	0.5865578381392396
16	53	0.6366367396259088
16	54	0.6731501367062998
16	55	0.6936699192607026
16	56	0.7000000000000001
16	57	0.6937612215802188
16	58	0.6733573056537636
16	59	0.6350215342637655
16	60	0.5781253212293554
16	61	0.5101166764262843
16	62	0.4440196221137755
16	63	0.390828651177127
16	64	0.3552244154112218
16	65	0.33578385865848104
16	66	0.32712371426589154
16	67	0.3238312916099761
16	68	0.32357616471354855
16	69	0.32498898122772385
16	70	0.32269376161833857
16	71	0.30618981056544003
16	72	0.27140678407171587
16	73	0.23318314541613014
16	74	0.2107025490272491
16	75	0.20822657545426987
16	76	0.20989791589561327
16	77	0.21038541627536855
16	78	0.21516352729031524
16	79	0.1265566771198131
17	0	0.4291125112542362
17	1	0.42906518736754373
17	2	0.43511411600807126
17	3	0.44528952270843375
17	4	0.4572981854571379
17	5	0.46920015169758006
17	6	0.4811731724551235
17	7	0.4968474271337863
17	8	0.5222362747768492
17	9	0.5629647413142992
17	10	0.6217857127467786
17	11	0.6967018559222136
17	12	0.7797504002438023
17	13	0.8585164776507774
17	14	0.9218794461182156
17	15	0.9655466703190326
17	16	0.9910874594003125
17	17	0.9999999999999987
17	18	0.9891091841072119
17	19	0.9514882473327664
17	20	0.8839858199350016
17	21	0.7952731256183591
17	22	0.7033147112212126
17	23	0.6242325294125103
17	24	0.5652384319651486
17	25	0.5247991512057429
17	26	0.49673918819062796
17	27	0.4765783975182695
17	28	0.46456870227785246
17	29	0.4609330043315213
17	30	0.45886344732309164
17	31	0.44291092235533147
17	32	0.4040740510410526
17	33	0.35863379623408986
17	34	0.3303658142740641
17	35	0.32196202243422434
17	36	0.3098899507918257
17	37	0.29664547317025014
17	38	0.3023128575702402
17	39	0.19478978395131308
17	40	0.3003787578779654
17	41	0.3003456311572806
17	42	0.30457988120564994
17	43	0.3117026658959036
17	44	0.32010872981999655
17	45	0.32844010618830616
17	46	0.3368212207185864
17	47	0.3477931989936504
17	48	0.36556539234379426
17	49	0.3940753189200094
17	50	0.435249998922745
17	51	0.4876912991455494
17	52	0.5458252801706616
17	53	0.6009615343555441
17	54	0.645315612282751
17	55	0.6758826692233227
17	56	0.6937612215802188
17	57	0.6999999999999991
17	58	0.6923764288750482
17	59	0.6660417731329364
17	60	0.618790073954501
17	61	0.5566911879328512
17	62	0.49232029785484893
17	63	0.43696277058875727
17	64	0.395666902375604
17	65	0.36735940584402
17	66	0.34771743173343955
17	67	0.3336048782627887
17	68	0.3251980915944967
17	69	0.32265310303206485
17	70	0.32120441312616416
17	71	0.31003764564873204
17	72	0.2828518357287367
17	73	0.25104365736386286
17	74	0.2312560699918449
17	75	0.22537341570395705
17	76	0.21692296555427795
17	77	0.20765183121917505
17	78	0.21161900029916805
17	79	0.13635284876591916
18	0	0.4188042863221943
18	1	0.4180522247466035
18	2	0.42271930389277435
18	3	0.43082375085941166
18	4	0.4400489341579592
18	5	0.44847319567747584
18	6	0.45634108047628236
18	7	0.4673342441087874
18	8	0.48745999575029736
18	9	0.5223698128299649
18	10	0.5750860950301082
18	11	0.6443633833451632
18	12	0.7235747934641001
18	13	0.8019291694132116
18	14	0.8695256774793351
18	15	0.922427017258865
18	16	0.9619390080768054
18	17	0.9891091841072119
18	18	0.9999999999999991
18	19	0.9859094598714798
18	20	0.940510575064199
18	21	0.8689162105298561
18	22	0.786833001477241
18	23	0.7096886258310212
18	24	0.6445326706978391
18	25	0.5898823937388712
18	26	0.5412420381224526
18	27	0.4987498854136941
18	28	0.46835678671674674
18	29	0.45423159085771914
18	30	0.4516039505799231
18	31	0.44519408324236787
18	32	0.4220151824892842
18	33	0.3910294852049826
18	34	0.3700203058960439
18	35	0.35613578965904563
18	36	0.3239437591654189
18	37	0.29032957295227285
18	38	0.2937124819503456
18	39	0.2142869891537572
18	40	0.29316300042553606
18	41	0.29263655732262234
18	42	0.29590351272494203
18	43	0.30157662560158804
18	44	0.3080342539105714
18	45	0.31393123697423314
18	46	0.31943875633339774
18	47	0.32713397087615115
18	48	0.3412219970252082
18	49	0.36565886898097544
18	50	0.4025602665210757
18	51	0.4510543683416141
18	52	0.50650235542487
18	53	0.5613504185892481
18	54	0.6086679742355345
18	55	0.6456989120812053
18	56	0.6733573056537636
18	57	0.6923764288750482
18	58	0.6999999999999992
18	59	0.6901366219100359
18	60	0.6583574025449392
18	61	0.6082413473708992
18	62	0.5507831010340688
18	63	0.4967820380817149
18	64	0.45117286948848734
18	65	0.4129176756172098
18	66	0.37886942668571677
18	67	0.3491249197895858
18	68	0.3278497507017226
18	69	0.31796211360040333
18	70	0.31612276540594625
18	71	0.3116358582696575
18	72	0.295410627742499
18	73	0.27372063964348775
18	74	0.25901421412723075
18	75	0.24929505276133188
18	76	0.2267606314157932
18	77	0.2032307010665909
18	78	0.20559873736524187
18	79	0.15000089240763007
19	0	0.4007155357299794
19	1	0.4000359371621591
19	2	0.40531606279950316
19	3	0.4145346959002139
19	4	0.42514750961925285
19	5	0.43472342125738117
19	6	0.44273619795161956
19	7	0.452048641276316
19	8	0.468069606000811
19	9	0.4962125318174336
19	10	0.5397026690582152
19	11	0.5981331197705858
19	12	0.6665959248207988
19	13	0.736775659666131
19	14	0.8011988025916666
19	15	0.8574088210370325
19	16	0.9071736203768079
19	17	0.9514882473327664
19	18	0.9859094598714798
19	19	0.9999999999999987
19	20	0.9837192906593385
19	21	0.937360031587086
19	22	0.8728754649526851
19	23	0.803859411199059
19	24	0.7364634482247474
19	25	0.668718802820773
19	26	0.5976483992719698
19	27	0.5287285603016
19	28	0.47506749259003794
19	29	0.44616383327557196
19	30	0.4402911521645166
19	31	0.4430878502454191
19	32	0.43756924165130523
19	33	0.42412328584704095
19	34	0.41296562335573206
19	35	0.39428164711653785
19	36	0.33982409027452987
19	37	0.28266784073253826
19	38	0.2827101976524515
19	39	0.2356578474575512
19	40	0.28050087501098553
19	41	0.2800251560135113
19	42	0.28372124395965215
19	43	0.29017428713014976
19	44	0.297603256733477
19	45	0.30430639488016686
19	46	0.3099153385661336
19	47	0.31643404889342125
19	48	0.3276487242005677
19	49	0.3473487722722034
19	50	0.37779186834075074
19	51	0.4186931838394101
19	52	0.46661714737455895
19	53	0.5157429617662916
19	54	0.5608391618141666
19	55	0.6001861747259227
19	56	0.6350215342637655
19	57	0.6660417731329364
19	58	0.6901366219100359
19	59	0.6999999999999991
19	60	0.688603503461537
19	61	0.6561520221109602
19	62	0.6110128254668796
19	63	0.5627015878393414
19	64	0.515524413757323
19	65	0.46810316197454116
19	66	0.41835387949037867
19	67	0.37010999221111995
19	68	0.33254724481302655
19	69	0.31231468329290035
19	70	0.3082038065151616
19	71	0.31016149517179337
19	72	0.30629846915591363
19	73	0.29688630009292866
19	74	0.2890759363490124
19	75	0.27599715298157645
19	76	0.23787686319217083
19	77	0.1978674885127768
19	78	0.19789713835671602
19	79	0.16496049322028583
20	0	0.37274126567748683
20	1	0.3727577226639438
20	2	0.3801883004561249
20	3	0.39297919978312074
20	4	0.4082460270115615
20	5	0.4226922422825081
20	6	0.43440415310421654
20	7	0.4447390521824025
20	8	0.45799700479640193
20	9	0.47908124398542856
20	10	0.5112942744364947
20	11	0.5550449082680009
20	12	0.6073270711344204
20	13	0.6628392112975644
20	14	0.7173771679562938
20	15	0.7707956488248167
20	16	0.8258933160419363
20	17	0.8839858199350016
20	18	0.940510575064199
20	19	0.9837192906593385
20	20	1.0000000000000002
20	21	0.984322076430106
20	22	0.943896643353313
20	23	0.8895479805252925
20	24	0.8258774205156587
