	Target (OIS)	Target (LIBOR)	Caplet Vola Analytic Single-Curve	Caplet Vola Monte-Carlo Single-Curve	Caplet Vola Analytic Multi-Curve Fenton-Wilkinson	Caplet Vola Analytic Multi-Curve Ju	Caplet Vola Analytic Multi-Curve Ho	Caplet Vola Analytic Multi-Curve Drift-Freeze	Caplet Vola Analytic Multi-Curve Integrated-Expectation	Caplet Vola Monte-Carlo Multi-Curve	Caplet Value Analytic Single-Curve	Caplet Value Monte-Carlo Single-Curve	Caplet Value Analytic Multi-Curve Fenton-Wilkinson	Caplet Value Analytic Multi-Curve Ju	Caplet Value Analytic Multi-Curve Ho	Caplet Value Analytic Multi-Curve Drift-Freeze	Caplet Value Analytic Multi-Curve Integrated-Expectation	Caplet Value Monte-Carlo Multi-Curve	Swaption Vola Analytic Single-Curve	Swaption Vola Monte-Carlo Single-Curve	Swaption Vola Analytic Multi-Curve Drift-Freeze	Swaption Vola Analytic Multi-Curve Integrated-Expectation	Swaption Vola Monte-Carlo Multi-Curve	Swaption Value Analytic Single-Curve	Swaption Value Monte-Carlo Single-Curve	Swaption Value Analytic Multi-Curve Drift-Freeze	Swaption Value Analytic Multi-Curve Integrated-Expectation	Swaption Value Monte-Carlo Multi-Curve	Swaption Exercise Date	Swaption Number Of Periods	Numeraire Single-Curve	Discount Single-Curve	OIS Spot Rate Single-Curve	Numeraire Multi-Curve	OIS Spot Rate Multi-Curve	LIBOR Spot Rate Multi-Curve	OIS Forward Rate Multi-Curve	LIBOR Forward Rate Multi-Curve	Time
Target (OIS)	0.0000000000E00	8.8712230371E-02	1.2272635025E00	1.2267726422E00	1.2572292872E00	1.2578743259E00	?	1.2600342625E00	1.2600342625E00	1.2588207889E00	1.5048572285E00	1.5048491781E00	1.5036089844E00	1.5036223975E00	?	1.5036625135E00	1.5036625135E00	1.5036411687E00	1.2895765689E00	1.2919695286E00	1.3133948895E00	1.3161974451E00	1.3144295831E00	1.4865172750E00	1.4867997943E00	1.4774828623E00	1.4781224461E00	1.4775596975E00	1.4449027881E00	1.3752874035E00	4.8297022234E-01	6.8018412521E-01	1.4820691140E00	4.6105487494E-01	1.4821463942E00	1.4684120246E00	1.4821242090E00	1.4684169975E00	1.4081079163E00	
Target (LIBOR)	8.8712230371E-02	0.0000000000E00	1.3159757329E00	1.3154848726E00	1.3459415176E00	1.3465865563E00	?	1.3487464929E00	1.3487464929E00	1.3475330193E00	1.5935694589E00	1.5935614085E00	1.5923212147E00	1.5923346278E00	?	1.5923747438E00	1.5923747438E00	1.5923533991E00	1.3782887992E00	1.3806817590E00	1.4021071199E00	1.4049096755E00	1.4031418135E00	1.5752295054E00	1.5755120246E00	1.5661950927E00	1.5668346765E00	1.5662719279E00	1.5336150185E00	1.4639996339E00	5.2527065980E-01	7.6889635558E-01	1.5707813444E00	5.0319929296E-01	1.5708586246E00	1.5571242550E00	1.5708364394E00	1.5571292279E00	1.4968201467E00	
Caplet Vola Analytic Single-Curve	1.2272635025E00	1.3159757329E00	0.0000000000E00	1.6709974087E-03	2.9965784671E-02	3.0610823369E-02	?	3.2770760003E-02	3.2770760003E-02	3.1557286380E-02	2.7759372598E-01	2.7758567556E-01	2.7634548184E-01	2.7635889495E-01	?	2.7639901094E-01	2.7639901094E-01	2.7637766618E-01	7.1901642453E-02	7.3050122673E-02	8.6316228186E-02	8.8933942557E-02	8.7198145290E-02	2.5925377246E-01	2.5953629175E-01	2.5021935981E-01	2.5085894360E-01	2.5029619495E-01	2.1763928558E-01	1.4903319785E-01	1.0263172007E00	5.4707937732E-01	2.5480561151E-01	1.0047844014E00	2.5488289165E-01	2.4114852208E-01	2.5486070652E-01	2.4115349498E-01	1.8084441378E-01	
Caplet Vola Monte-Carlo Single-Curve	1.2267726422E00	1.3154848726E00	1.6709974087E-03	0.0000000000E00	3.0456644984E-02	3.1101683681E-02	?	3.3261620315E-02	3.3261620315E-02	3.2048146692E-02	2.7808458629E-01	2.7807653588E-01	2.7683634215E-01	2.7684975526E-01	?	2.7688987125E-01	2.7688987125E-01	2.7686852650E-01	7.1995639713E-02	7.3374566476E-02	8.6655594255E-02	8.9424802870E-02	8.7656940929E-02	2.5974463278E-01	2.6002715206E-01	2.5071022012E-01	2.5134980391E-01	2.5078705527E-01	2.1813014589E-01	1.4936960544E-01	1.0258263403E00	5.4658851700E-01	2.5529647182E-01	1.0042935411E00	2.5537375196E-01	2.4163938239E-01	2.5535156683E-01	2.4164435529E-01	1.8133527410E-01	
Caplet Vola Analytic Multi-Curve Fenton-Wilkinson	1.2572292872E00	1.3459415176E00	2.9965784671E-02	3.0456644984E-02	0.0000000000E00	6.4503869738E-04	?	2.8049753316E-03	2.8049753316E-03	1.9569626940E-03	2.4762794131E-01	2.4761989089E-01	2.4637969717E-01	2.4639311028E-01	?	2.4643322627E-01	2.4643322627E-01	2.4641188151E-01	5.8905938594E-02	5.9578721648E-02	6.2516938286E-02	6.4675380853E-02	6.2219591330E-02	2.2928798779E-01	2.2957050708E-01	2.2025357514E-01	2.2089315892E-01	2.2033041028E-01	1.8767350091E-01	1.2464664267E-01	1.0562829853E00	5.7704516199E-01	2.2483982684E-01	1.0347501861E00	2.2491710698E-01	2.1118273741E-01	2.2489492185E-01	2.1118771031E-01	1.5087862911E-01	
Caplet Vola Analytic Multi-Curve Ju	1.2578743259E00	1.3465865563E00	3.0610823369E-02	3.1101683681E-02	6.4503869738E-04	0.0000000000E00	?	2.1599366342E-03	2.1599366342E-03	1.6355695909E-03	2.4698290261E-01	2.4697485219E-01	2.4573465847E-01	2.4574807158E-01	?	2.4578818757E-01	2.4578818757E-01	2.4576684281E-01	5.8729018024E-02	5.9399760617E-02	6.2143563297E-02	6.4286460989E-02	6.1830671467E-02	2.2864294909E-01	2.2892546838E-01	2.1960853644E-01	2.2024812023E-01	2.1968537159E-01	1.8702846221E-01	1.2416996676E-01	1.0569280240E00	5.7769020068E-01	2.2419478814E-01	1.0353952248E00	2.2427206828E-01	2.1053769871E-01	2.2424988315E-01	2.1054267161E-01	1.5023359041E-01	
Caplet Vola Analytic Multi-Curve Ho	?	?	?	?	?	?	?	?	?	?	?	?	?	?	?	?	?	?	?	?	?	?	?	?	?	?	?	?	?	?	?	?	?	?	?	?	?	?	?	
Caplet Vola Analytic Multi-Curve Drift-Freeze	1.2600342625E00	1.3487464929E00	3.2770760003E-02	3.3261620315E-02	2.8049753316E-03	2.1599366342E-03	?	0.0000000000E00	0.0000000000E00	1.4890482374E-03	2.4482296598E-01	2.4481491556E-01	2.4357472184E-01	2.4358813495E-01	?	2.4362825094E-01	2.4362825094E-01	2.4360690618E-01	5.7932070391E-02	5.8488571052E-02	6.0890636254E-02	6.2773640847E-02	6.0390562632E-02	2.2648301246E-01	2.2676553175E-01	2.1744859981E-01	2.1808818359E-01	2.1752543495E-01	1.8486852557E-01	1.2268619725E-01	1.0590879607E00	5.7985013732E-01	2.2203485151E-01	1.0375551614E00	2.2211213165E-01	2.0837776207E-01	2.2208994651E-01	2.0838273498E-01	1.4807365378E-01	
Caplet Vola Analytic Multi-Curve Integrated-Expectation	1.2600342625E00	1.3487464929E00	3.2770760003E-02	3.3261620315E-02	2.8049753316E-03	2.1599366342E-03	?	0.0000000000E00	0.0000000000E00	1.4890482374E-03	2.4482296598E-01	2.4481491556E-01	2.4357472184E-01	2.4358813495E-01	?	2.4362825094E-01	2.4362825094E-01	2.4360690618E-01	5.7932070391E-02	5.8488571052E-02	6.0890636254E-02	6.2773640847E-02	6.0390562632E-02	2.2648301246E-01	2.2676553175E-01	2.1744859981E-01	2.1808818359E-01	2.1752543495E-01	1.8486852557E-01	1.2268619725E-01	1.0590879607E00	5.7985013732E-01	2.2203485151E-01	1.0375551614E00	2.2211213165E-01	2.0837776207E-01	2.2208994651E-01	2.0838273498E-01	1.4807365378E-01	
Caplet Vola Monte-Carlo Multi-Curve	1.2588207889E00	1.3475330193E00	3.1557286380E-02	3.2048146692E-02	1.9569626940E-03	1.6355695909E-03	?	1.4890482374E-03	1.4890482374E-03	0.0000000000E00	2.4603643960E-01	2.4602838918E-01	2.4478819546E-01	2.4480160857E-01	?	2.4484172456E-01	2.4484172456E-01	2.4482037980E-01	5.8317318602E-02	5.9054533110E-02	6.1615822929E-02	6.3610429250E-02	6.1254653169E-02	2.2769648608E-01	2.2797900537E-01	2.1866207343E-01	2.1930165722E-01	2.1873890857E-01	1.8608199920E-01	1.2351953249E-01	1.0578744870E00	5.7863666370E-01	2.2324832513E-01	1.0363416878E00	2.2332560527E-01	2.0959123570E-01	2.2330342014E-01	2.0959620860E-01	1.4928712740E-01	
Caplet Value Analytic Single-Curve	1.5048572285E00	1.5935694589E00	2.7759372598E-01	2.7808458629E-01	2.4762794131E-01	2.4698290261E-01	?	2.4482296598E-01	2.4482296598E-01	2.4603643960E-01	0.0000000000E00	1.9626762960E-05	1.2482441423E-03	1.2348310330E-03	?	1.1947150429E-03	1.1947150429E-03	1.2160597988E-03	2.1528065963E-01	2.1288769993E-01	1.9146233896E-01	1.8865978342E-01	1.9042764537E-01	1.8339953519E-02	1.8057434233E-02	2.7374366172E-02	2.6734782386E-02	2.7297531028E-02	5.9954440404E-02	1.2956982502E-01	1.3039109266E00	8.2467310330E-01	2.2788114471E-02	1.2823781274E00	2.2710834330E-02	3.6445203905E-02	2.2733019464E-02	3.6440231003E-02	9.6749312199E-02	
Caplet Value Monte-Carlo Single-Curve	1.5048491781E00	1.5935614085E00	2.7758567556E-01	2.7807653588E-01	2.4761989089E-01	2.4697485219E-01	?	2.4481491556E-01	2.4481491556E-01	2.4602838918E-01	1.9626762960E-05	0.0000000000E00	1.2401937236E-03	1.2267806142E-03	?	1.1866646242E-03	1.1866646242E-03	1.2080093800E-03	2.1527260921E-01	2.1287964951E-01	1.9145428854E-01	1.8865173301E-01	1.9041959495E-01	1.8331903100E-02	1.8049383814E-02	2.7366315753E-02	2.6726731967E-02	2.7289480610E-02	5.9946389986E-02	1.2956177460E-01	1.3039028762E00	8.2466505288E-01	2.2780064052E-02	1.2823700770E00	2.2702783911E-02	3.6437153486E-02	2.2724969045E-02	3.6432180584E-02	9.6741261780E-02	
Caplet Value Analytic Multi-Curve Fenton-Wilkinson	1.5036089844E00	1.5923212147E00	2.7634548184E-01	2.7683634215E-01	2.4637969717E-01	2.4573465847E-01	?	2.4357472184E-01	2.4357472184E-01	2.4478819546E-01	1.2482441423E-03	1.2401937236E-03	0.0000000000E00	1.3413109374E-05	?	5.3529099400E-05	5.3529099400E-05	3.6931679195E-05	2.1403241549E-01	2.1163945579E-01	1.9021409482E-01	1.8741153928E-01	1.8917940122E-01	1.7127184382E-02	1.6846665795E-02	2.6126122030E-02	2.5486538244E-02	2.6049286886E-02	5.8706196262E-02	1.2832158088E-01	1.3026626825E00	8.2342485915E-01	2.1539870329E-02	1.2811298832E00	2.1462590188E-02	3.5196959763E-02	2.1484775322E-02	3.5191986860E-02	9.5501068057E-02	
Caplet Value Analytic Multi-Curve Ju	1.5036223975E00	1.5923346278E00	2.7635889495E-01	2.7684975526E-01	2.4639311028E-01	2.4574807158E-01	?	2.4358813495E-01	2.4358813495E-01	2.4480160857E-01	1.2348310330E-03	1.2267806142E-03	1.3413109374E-05	0.0000000000E00	?	4.0115990026E-05	4.0115990026E-05	2.9964048871E-05	2.1404582860E-01	2.1165286890E-01	1.9022750793E-01	1.8742495239E-01	1.8919281433E-01	1.7140393201E-02	1.6859874615E-02	2.6139535139E-02	2.5499951353E-02	2.6062699995E-02	5.8719609371E-02	1.2833499399E-01	1.3026760956E00	8.2343827226E-01	2.1553283438E-02	1.2811432963E00	2.1476003297E-02	3.5210372872E-02	2.1498188431E-02	3.5205399970E-02	9.5514481166E-02	
Caplet Value Analytic Multi-Curve Ho	?	?	?	?	?	?	?	?	?	?	?	?	?	?	?	?	?	?	?	?	?	?	?	?	?	?	?	?	?	?	?	?	?	?	?	?	?	?	?	
Caplet Value Analytic Multi-Curve Drift-Freeze	1.5036625135E00	1.5923747438E00	2.7639901094E-01	2.7688987125E-01	2.4643322627E-01	2.4578818757E-01	?	2.4362825094E-01	2.4362825094E-01	2.4484172456E-01	1.1947150429E-03	1.1866646242E-03	5.3529099400E-05	4.0115990026E-05	?	0.0000000000E00	0.0000000000E00	2.6629059155E-05	2.1408594459E-01	2.1169298489E-01	1.9026762392E-01	1.8746506838E-01	1.8923293032E-01	1.7178197953E-02	1.6897679367E-02	2.6179651129E-02	2.5540067343E-02	2.6102815985E-02	5.8759725361E-02	1.2837510998E-01	1.3027162116E00	8.2347838825E-01	2.1593399428E-02	1.2811834123E00	2.1516119287E-02	3.5250488862E-02	2.1538304421E-02	3.5245515960E-02	9.5554597156E-02	
Caplet Value Analytic Multi-Curve Integrated-Expectation	1.5036625135E00	1.5923747438E00	2.7639901094E-01	2.7688987125E-01	2.4643322627E-01	2.4578818757E-01	?	2.4362825094E-01	2.4362825094E-01	2.4484172456E-01	1.1947150429E-03	1.1866646242E-03	5.3529099400E-05	4.0115990026E-05	?	0.0000000000E00	0.0000000000E00	2.6629059155E-05	2.1408594459E-01	2.1169298489E-01	1.9026762392E-01	1.8746506838E-01	1.8923293032E-01	1.7178197953E-02	1.6897679367E-02	2.6179651129E-02	2.5540067343E-02	2.6102815985E-02	5.8759725361E-02	1.2837510998E-01	1.3027162116E00	8.2347838825E-01	2.1593399428E-02	1.2811834123E00	2.1516119287E-02	3.5250488862E-02	2.1538304421E-02	3.5245515960E-02	9.5554597156E-02	
Caplet Value Monte-Carlo Multi-Curve	1.5036411687E00	1.5923533991E00	2.7637766618E-01	2.7686852650E-01	2.4641188151E-01	2.4576684281E-01	?	2.4360690618E-01	2.4360690618E-01	2.4482037980E-01	1.2160597988E-03	1.2080093800E-03	3.6931679195E-05	2.9964048871E-05	?	2.6629059155E-05	2.6629059155E-05	0.0000000000E00	2.1406459983E-01	2.1167164013E-01	1.9024627916E-01	1.8744372363E-01	1.8921158557E-01	1.7156567950E-02	1.6876049363E-02	2.6158306373E-02	2.5518722587E-02	2.6081471229E-02	5.8738380606E-02	1.2835376522E-01	1.3026948668E00	8.2345704350E-01	2.1572054672E-02	1.2811620676E00	2.1494774531E-02	3.5229144106E-02	2.1516959665E-02	3.5224171204E-02	9.5533252400E-02	
Swaption Vola Analytic Single-Curve	1.2895765689E00	1.3782887992E00	7.1901642453E-02	7.1995639713E-02	5.8905938594E-02	5.8729018024E-02	?	5.7932070391E-02	5.7932070391E-02	5.8317318602E-02	2.1528065963E-01	2.1527260921E-01	2.1403241549E-01	2.1404582860E-01	?	2.1408594459E-01	2.1408594459E-01	2.1406459983E-01	0.0000000000E00	2.4980194977E-03	2.3818320670E-02	2.6620876209E-02	2.4853014268E-02	1.9694070611E-01	1.9722322540E-01	1.8790629346E-01	1.8854587725E-01	1.8798312861E-01	1.5532621923E-01	1.4267743166E-01	1.0886302670E00	6.0939244366E-01	1.9249254516E-01	1.0670974677E00	1.9256982530E-01	1.7883545573E-01	1.9254764017E-01	1.7884042863E-01	1.2058985900E-01	
Swaption Vola Monte-Carlo Single-Curve	1.2919695286E00	1.3806817590E00	7.3050122673E-02	7.3374566476E-02	5.9578721648E-02	5.9399760617E-02	?	5.8488571052E-02	5.8488571052E-02	5.9054533110E-02	2.1288769993E-01	2.1287964951E-01	2.1163945579E-01	2.1165286890E-01	?	2.1169298489E-01	2.1169298489E-01	2.1167164013E-01	2.4980194977E-03	0.0000000000E00	2.1425360965E-02	2.4227916504E-02	2.2460054563E-02	1.9454774641E-01	1.9483026570E-01	1.8551333376E-01	1.8615291754E-01	1.8559016890E-01	1.5293325952E-01	1.4161501823E-01	1.0910232267E00	6.1178540337E-01	1.9009958546E-01	1.0694904274E00	1.9017686560E-01	1.7644249602E-01	1.9015468046E-01	1.7644746893E-01	1.1864869792E-01	
Swaption Vola Analytic Multi-Curve Drift-Freeze	1.3133948895E00	1.4021071199E00	8.6316228186E-02	8.6655594255E-02	6.2516938286E-02	6.2143563297E-02	?	6.0890636254E-02	6.0890636254E-02	6.1615822929E-02	1.9146233896E-01	1.9145428854E-01	1.9021409482E-01	1.9022750793E-01	?	1.9026762392E-01	1.9026762392E-01	1.9024627916E-01	2.3818320670E-02	2.1425360965E-02	0.0000000000E00	2.8025555384E-03	1.9743384857E-03	1.7312238544E-01	1.7340490473E-01	1.6408797279E-01	1.6472755658E-01	1.6416480793E-01	1.3150789856E-01	1.2705147237E-01	1.1124485877E00	6.3321076433E-01	1.6867422449E-01	1.0909157884E00	1.6875150463E-01	1.5501713506E-01	1.6872931950E-01	1.5502210796E-01	9.9585843798E-02	
Swaption Vola Analytic Multi-Curve Integrated-Expectation	1.3161974451E00	1.4049096755E00	8.8933942557E-02	8.9424802870E-02	6.4675380853E-02	6.4286460989E-02	?	6.2773640847E-02	6.2773640847E-02	6.3610429250E-02	1.8865978342E-01	1.8865173301E-01	1.8741153928E-01	1.8742495239E-01	?	1.8746506838E-01	1.8746506838E-01	1.8744372363E-01	2.6620876209E-02	2.4227916504E-02	2.8025555384E-03	0.0000000000E00	2.6540590658E-03	1.7031982991E-01	1.7060234919E-01	1.6128541725E-01	1.6192500104E-01	1.6136225240E-01	1.2870534302E-01	1.2631429914E-01	1.1152511432E00	6.3601331987E-01	1.6587166895E-01	1.0937183439E00	1.6594894909E-01	1.5221457952E-01	1.6592676396E-01	1.5221955242E-01	9.7911456587E-02	
Swaption Vola Monte-Carlo Multi-Curve	1.3144295831E00	1.4031418135E00	8.7198145290E-02	8.7656940929E-02	6.2219591330E-02	6.1830671467E-02	?	6.0390562632E-02	6.0390562632E-02	6.1254653169E-02	1.9042764537E-01	1.9041959495E-01	1.8917940122E-01	1.8919281433E-01	?	1.8923293032E-01	1.8923293032E-01	1.8921158557E-01	2.4853014268E-02	2.2460054563E-02	1.9743384857E-03	2.6540590658E-03	0.0000000000E00	1.7208769185E-01	1.7237021113E-01	1.6305327919E-01	1.6369286298E-01	1.6313011434E-01	1.3047320496E-01	1.2542136753E-01	1.1134832813E00	6.3424545793E-01	1.6763953089E-01	1.0919504820E00	1.6771681104E-01	1.5398244146E-01	1.6769462590E-01	1.5398741436E-01	9.8883241881E-02	
Swaption Value Analytic Single-Curve	1.4865172750E00	1.5752295054E00	2.5925377246E-01	2.5974463278E-01	2.2928798779E-01	2.2864294909E-01	?	2.2648301246E-01	2.2648301246E-01	2.2769648608E-01	1.8339953519E-02	1.8331903100E-02	1.7127184382E-02	1.7140393201E-02	?	1.7178197953E-02	1.7178197953E-02	1.7156567950E-02	1.9694070611E-01	1.9454774641E-01	1.7312238544E-01	1.7031982991E-01	1.7208769185E-01	0.0000000000E00	2.8317489768E-04	9.0344126533E-03	8.3948288673E-03	8.9575775097E-03	4.3173880994E-02	1.1122987150E-01	1.2855709731E00	8.0633314978E-01	8.1290060563E-03	1.2640381739E00	8.1537297347E-03	1.8105250387E-02	8.1365530816E-03	1.8100277484E-02	7.8409358681E-02	
Swaption Value Monte-Carlo Single-Curve	1.4867997943E00	1.5755120246E00	2.5953629175E-01	2.6002715206E-01	2.2957050708E-01	2.2892546838E-01	?	2.2676553175E-01	2.2676553175E-01	2.2797900537E-01	1.8057434233E-02	1.8049383814E-02	1.6846665795E-02	1.6859874615E-02	?	1.6897679367E-02	1.6897679367E-02	1.6876049363E-02	1.9722322540E-01	1.9483026570E-01	1.7340490473E-01	1.7060234919E-01	1.7237021113E-01	2.8317489768E-04	0.0000000000E00	9.3169319393E-03	8.6773481533E-03	9.2400967956E-03	4.3414268010E-02	1.1151239079E-01	1.2858534924E00	8.0661566906E-01	8.0294066944E-03	1.2643206931E00	8.0537847799E-03	1.8387769673E-02	8.0365460404E-03	1.8382796770E-02	7.8691877967E-02	
Swaption Value Analytic Multi-Curve Drift-Freeze	1.4774828623E00	1.5661950927E00	2.5021935981E-01	2.5071022012E-01	2.2025357514E-01	2.1960853644E-01	?	2.1744859981E-01	2.1744859981E-01	2.1866207343E-01	2.7374366172E-02	2.7366315753E-02	2.6126122030E-02	2.6139535139E-02	?	2.6179651129E-02	2.6179651129E-02	2.6158306373E-02	1.8790629346E-01	1.8551333376E-01	1.6408797279E-01	1.6128541725E-01	1.6305327919E-01	9.0344126533E-03	9.3169319393E-03	0.0000000000E00	6.3958378600E-04	2.5178037622E-04	3.9621621646E-02	1.0219545885E-01	1.2765365605E00	7.9729873713E-01	1.2938737055E-02	1.2550037612E00	1.2990004055E-02	1.1816113991E-02	1.2958036184E-02	1.1810256309E-02	6.9374946027E-02	
Swaption Value Analytic Multi-Curve Integrated-Expectation	1.4781224461E00	1.5668346765E00	2.5085894360E-01	2.5134980391E-01	2.2089315892E-01	2.2024812023E-01	?	2.1808818359E-01	2.1808818359E-01	2.1930165722E-01	2.6734782386E-02	2.6726731967E-02	2.5486538244E-02	2.5499951353E-02	?	2.5540067343E-02	2.5540067343E-02	2.5518722587E-02	1.8854587725E-01	1.8615291754E-01	1.6472755658E-01	1.6192500104E-01	1.6369286298E-01	8.3948288673E-03	8.6773481533E-03	6.3958378600E-04	0.0000000000E00	5.9419355577E-04	3.9987654192E-02	1.0283504263E-01	1.2771761442E00	7.9793832091E-01	1.2482256568E-02	1.2556433450E00	1.2529071297E-02	1.1652574319E-02	1.2501555696E-02	1.1643696866E-02	7.0014529813E-02	
Swaption Value Monte-Carlo Multi-Curve	1.4775596975E00	1.5662719279E00	2.5029619495E-01	2.5078705527E-01	2.2033041028E-01	2.1968537159E-01	?	2.1752543495E-01	2.1752543495E-01	2.1873890857E-01	2.7297531028E-02	2.7289480610E-02	2.6049286886E-02	2.6062699995E-02	?	2.6102815985E-02	2.6102815985E-02	2.6081471229E-02	1.8798312861E-01	1.8559016890E-01	1.6416480793E-01	1.6136225240E-01	1.6313011434E-01	8.9575775097E-03	9.2400967956E-03	2.5178037622E-04	5.9419355577E-04	0.0000000000E00	3.9868344375E-02	1.0227229399E-01	1.2766133956E00	7.9737557227E-01	1.3027280414E-02	1.2550805963E00	1.3074095143E-02	1.1839214668E-02	1.3046579542E-02	1.1833356987E-02	6.9451781171E-02	
Swaption Exercise Date	1.4449027881E00	1.5336150185E00	2.1763928558E-01	2.1813014589E-01	1.8767350091E-01	1.8702846221E-01	?	1.8486852557E-01	1.8486852557E-01	1.8608199920E-01	5.9954440404E-02	5.9946389986E-02	5.8706196262E-02	5.8719609371E-02	?	5.8759725361E-02	5.8759725361E-02	5.8738380606E-02	1.5532621923E-01	1.5293325952E-01	1.3150789856E-01	1.2870534302E-01	1.3047320496E-01	4.3173880994E-02	4.3414268010E-02	3.9621621646E-02	3.9987654192E-02	3.9868344375E-02	0.0000000000E00	1.0858974359E-01	1.2439564862E00	7.6471866289E-01	3.8391123153E-02	1.2224236870E00	3.8462952349E-02	3.3892015949E-02	3.8445352564E-02	3.3916096866E-02	3.7051282051E-02	
Swaption Number Of Periods	1.3752874035E00	1.4639996339E00	1.4903319785E-01	1.4936960544E-01	1.2464664267E-01	1.2416996676E-01	?	1.2268619725E-01	1.2268619725E-01	1.2351953249E-01	1.2956982502E-01	1.2956177460E-01	1.2832158088E-01	1.2833499399E-01	?	1.2837510998E-01	1.2837510998E-01	1.2835376522E-01	1.4267743166E-01	1.4161501823E-01	1.2705147237E-01	1.2631429914E-01	1.2542136753E-01	1.1122987150E-01	1.1151239079E-01	1.0219545885E-01	1.0283504263E-01	1.0227229399E-01	1.0858974359E-01	0.0000000000E00	1.1743411016E00	6.9510327828E-01	1.1008304889E-01	1.1528083023E00	1.1014036894E-01	1.0009483444E-01	1.1011560083E-01	1.0009511317E-01	1.0153846154E-01	
Numeraire Single-Curve	4.8297022234E-01	5.2527065980E-01	1.0263172007E00	1.0258263403E00	1.0562829853E00	1.0569280240E00	?	1.0590879607E00	1.0590879607E00	1.0578744870E00	1.3039109266E00	1.3039028762E00	1.3026626825E00	1.3026760956E00	?	1.3027162116E00	1.3027162116E00	1.3026948668E00	1.0886302670E00	1.0910232267E00	1.1124485877E00	1.1152511432E00	1.1134832813E00	1.2855709731E00	1.2858534924E00	1.2765365605E00	1.2771761442E00	1.2766133956E00	1.2439564862E00	1.1743411016E00	0.0000000000E00	4.7923782334E-01	1.2811228122E00	2.2428902711E-02	1.2812000923E00	1.2674657227E00	1.2811779072E00	1.2674706956E00	1.2071616144E00	
Discount Single-Curve	6.8018412521E-01	7.6889635558E-01	5.4707937732E-01	5.4658851700E-01	5.7704516199E-01	5.7769020068E-01	?	5.7985013732E-01	5.7985013732E-01	5.7863666370E-01	8.2467310330E-01	8.2466505288E-01	8.2342485915E-01	8.2343827226E-01	?	8.2347838825E-01	8.2347838825E-01	8.2345704350E-01	6.0939244366E-01	6.1178540337E-01	6.3321076433E-01	6.3601331987E-01	6.3424545793E-01	8.0633314978E-01	8.0661566906E-01	7.9729873713E-01	7.9793832091E-01	7.9737557227E-01	7.6471866289E-01	6.9510327828E-01	4.7923782334E-01	0.0000000000E00	8.0188498883E-01	4.5770502407E-01	8.0196226897E-01	7.8822789939E-01	8.0194008383E-01	7.8823287229E-01	7.2792379110E-01	
OIS Spot Rate Single-Curve	1.4820691140E00	1.5707813444E00	2.5480561151E-01	2.5529647182E-01	2.2483982684E-01	2.2419478814E-01	?	2.2203485151E-01	2.2203485151E-01	2.2324832513E-01	2.2788114471E-02	2.2780064052E-02	2.1539870329E-02	2.1553283438E-02	?	2.1593399428E-02	2.1593399428E-02	2.1572054672E-02	1.9249254516E-01	1.9009958546E-01	1.6867422449E-01	1.6587166895E-01	1.6763953089E-01	8.1290060563E-03	8.0294066944E-03	1.2938737055E-02	1.2482256568E-02	1.3027280414E-02	3.8391123153E-02	1.1008304889E-01	1.2811228122E00	8.0188498883E-01	0.0000000000E00	1.2595900129E00	1.1718824233E-04	1.3657089434E-02	6.8382166985E-05	1.3652116532E-02	7.4014798686E-02	
Numeraire Multi-Curve	4.6105487494E-01	5.0319929296E-01	1.0047844014E00	1.0042935411E00	1.0347501861E00	1.0353952248E00	?	1.0375551614E00	1.0375551614E00	1.0363416878E00	1.2823781274E00	1.2823700770E00	1.2811298832E00	1.2811432963E00	?	1.2811834123E00	1.2811834123E00	1.2811620676E00	1.0670974677E00	1.0694904274E00	1.0909157884E00	1.0937183439E00	1.0919504820E00	1.2640381739E00	1.2643206931E00	1.2550037612E00	1.2556433450E00	1.2550805963E00	1.2224236870E00	1.1528083023E00	2.2428902711E-02	4.5770502407E-01	1.2595900129E00	0.0000000000E00	1.2596672930E00	1.2459329235E00	1.2596451079E00	1.2459378964E00	1.1856288152E00	
OIS Spot Rate Multi-Curve	1.4821463942E00	1.5708586246E00	2.5488289165E-01	2.5537375196E-01	2.2491710698E-01	2.2427206828E-01	?	2.2211213165E-01	2.2211213165E-01	2.2332560527E-01	2.2710834330E-02	2.2702783911E-02	2.1462590188E-02	2.1476003297E-02	?	2.1516119287E-02	2.1516119287E-02	2.1494774531E-02	1.9256982530E-01	1.9017686560E-01	1.6875150463E-01	1.6594894909E-01	1.6771681104E-01	8.1537297347E-03	8.0537847799E-03	1.2990004055E-02	1.2529071297E-02	1.3074095143E-02	3.8462952349E-02	1.1014036894E-01	1.2812000923E00	8.0196226897E-01	1.1718824233E-04	1.2596672930E00	0.0000000000E00	1.3734369575E-02	7.0998030621E-05	1.3729396673E-02	7.4092216961E-02	
LIBOR Spot Rate Multi-Curve	1.4684120246E00	1.5571242550E00	2.4114852208E-01	2.4163938239E-01	2.1118273741E-01	2.1053769871E-01	?	2.0837776207E-01	2.0837776207E-01	2.0959123570E-01	3.6445203905E-02	3.6437153486E-02	3.5196959763E-02	3.5210372872E-02	?	3.5250488862E-02	3.5250488862E-02	3.5229144106E-02	1.7883545573E-01	1.7644249602E-01	1.5501713506E-01	1.5221457952E-01	1.5398244146E-01	1.8105250387E-02	1.8387769673E-02	1.1816113991E-02	1.1652574319E-02	1.1839214668E-02	3.3892015949E-02	1.0009483444E-01	1.2674657227E00	7.8822789939E-01	1.3657089434E-02	1.2459329235E00	1.3734369575E-02	0.0000000000E00	1.3712184441E-02	7.1583626873E-05	6.1988583033E-02	
OIS Forward Rate Multi-Curve	1.4821242090E00	1.5708364394E00	2.5486070652E-01	2.5535156683E-01	2.2489492185E-01	2.2424988315E-01	?	2.2208994651E-01	2.2208994651E-01	2.2330342014E-01	2.2733019464E-02	2.2724969045E-02	2.1484775322E-02	2.1498188431E-02	?	2.1538304421E-02	2.1538304421E-02	2.1516959665E-02	1.9254764017E-01	1.9015468046E-01	1.6872931950E-01	1.6592676396E-01	1.6769462590E-01	8.1365530816E-03	8.0365460404E-03	1.2958036184E-02	1.2501555696E-02	1.3046579542E-02	3.8445352564E-02	1.1011560083E-01	1.2811779072E00	8.0194008383E-01	6.8382166985E-05	1.2596451079E00	7.0998030621E-05	1.3712184441E-02	0.0000000000E00	1.3707211538E-02	7.4069898504E-02	
LIBOR Forward Rate Multi-Curve	1.4684169975E00	1.5571292279E00	2.4115349498E-01	2.4164435529E-01	2.1118771031E-01	2.1054267161E-01	?	2.0838273498E-01	2.0838273498E-01	2.0959620860E-01	3.6440231003E-02	3.6432180584E-02	3.5191986860E-02	3.5205399970E-02	?	3.5245515960E-02	3.5245515960E-02	3.5224171204E-02	1.7884042863E-01	1.7644746893E-01	1.5502210796E-01	1.5221955242E-01	1.5398741436E-01	1.8100277484E-02	1.8382796770E-02	1.1810256309E-02	1.1643696866E-02	1.1833356987E-02	3.3916096866E-02	1.0009511317E-01	1.2674706956E00	7.8823287229E-01	1.3652116532E-02	1.2459378964E00	1.3729396673E-02	7.1583626873E-05	1.3707211538E-02	0.0000000000E00	6.1990170940E-02	
Time	1.4081079163E00	1.4968201467E00	1.8084441378E-01	1.8133527410E-01	1.5087862911E-01	1.5023359041E-01	?	1.4807365378E-01	1.4807365378E-01	1.4928712740E-01	9.6749312199E-02	9.6741261780E-02	9.5501068057E-02	9.5514481166E-02	?	9.5554597156E-02	9.5554597156E-02	9.5533252400E-02	1.2058985900E-01	1.1864869792E-01	9.9585843798E-02	9.7911456587E-02	9.8883241881E-02	7.8409358681E-02	7.8691877967E-02	6.9374946027E-02	7.0014529813E-02	6.9451781171E-02	3.7051282051E-02	1.0153846154E-01	1.2071616144E00	7.2792379110E-01	7.4014798686E-02	1.1856288152E00	7.4092216961E-02	6.1988583033E-02	7.4069898504E-02	6.1990170940E-02	0.0000000000E00	
