	Target (OIS)	Target (LIBOR)	Caplet Vola Analytic Single-Curve	Caplet Vola Monte-Carlo Single-Curve	Caplet Vola Analytic Multi-Curve Fenton-Wilkinson	Caplet Vola Analytic Multi-Curve Ju	Caplet Vola Analytic Multi-Curve Ho	Caplet Vola Analytic Multi-Curve Drift-Freeze	Caplet Vola Analytic Multi-Curve Integrated-Expectation	Caplet Vola Monte-Carlo Multi-Curve	Caplet Value Analytic Single-Curve	Caplet Value Monte-Carlo Single-Curve	Caplet Value Analytic Multi-Curve Fenton-Wilkinson	Caplet Value Analytic Multi-Curve Ju	Caplet Value Analytic Multi-Curve Ho	Caplet Value Analytic Multi-Curve Drift-Freeze	Caplet Value Analytic Multi-Curve Integrated-Expectation	Caplet Value Monte-Carlo Multi-Curve	Swaption Vola Analytic Single-Curve	Swaption Vola Monte-Carlo Single-Curve	Swaption Vola Analytic Multi-Curve Drift-Freeze	Swaption Vola Analytic Multi-Curve Integrated-Expectation	Swaption Vola Monte-Carlo Multi-Curve	Swaption Value Analytic Single-Curve	Swaption Value Monte-Carlo Single-Curve	Swaption Value Analytic Multi-Curve Drift-Freeze	Swaption Value Analytic Multi-Curve Integrated-Expectation	Swaption Value Monte-Carlo Multi-Curve	Swaption Exercise Date	Swaption Number Of Periods	Numeraire Single-Curve	Discount Single-Curve	OIS Spot Rate Single-Curve	Numeraire Multi-Curve	OIS Spot Rate Multi-Curve	LIBOR Spot Rate Multi-Curve	OIS Forward Rate Multi-Curve	LIBOR Forward Rate Multi-Curve	Time
Target (OIS)	0.0000000000E00	5.7142857143E-02	5.5420880525E-01	7.6643974059E-01	4.7762241009E-01	?	6.1167079943E-01	5.4731645998E-01	5.4731645998E-01	5.6660900900E-01	1.9998550598E00	1.9998799815E00	1.9983435116E00	?	1.9985222987E00	1.9994448667E00	1.9994448667E00	1.9994436727E00	5.7764504553E-01	7.5198161476E-01	5.6953958381E-01	5.7803219914E-01	5.6407412988E-01	1.9989379432E00	1.9991347547E00	1.9950114050E00	1.9950514340E00	1.9949851908E00	1.6786412714E00	1.3795891253E00	3.1219721095E-01	3.2947076358E-01	2.0027057286E00	3.1219589205E-01	2.0026814768E00	2.0003282800E00	2.0026546972E00	2.0002927504E00	1.5142792931E00	
Target (LIBOR)	5.7142857143E-02	0.0000000000E00	6.0654944747E-01	8.1143690930E-01	5.2633652970E-01	?	6.5800765624E-01	5.9976983281E-01	5.9976983281E-01	6.1874349984E-01	1.9998631118E00	1.9998866490E00	1.9984355028E00	?	1.9986043645E00	1.9994757034E00	1.9994757034E00	1.9994745757E00	6.2959246031E-01	8.0052475903E-01	6.2162472825E-01	6.2997298953E-01	6.1625111118E-01	1.9989969316E00	1.9991828141E00	1.9952882227E00	1.9953260331E00	1.9952634614E00	1.6951338201E00	1.4089635427E00	2.5619698214E-01	2.7361574054E-01	2.0025553143E00	2.5619565248E-01	2.0025324116E00	2.0003100408E00	2.0025071216E00	2.0002764854E00	1.5381480678E00	
Caplet Vola Analytic Single-Curve	5.5420880525E-01	6.0654944747E-01	0.0000000000E00	2.6509545207E-01	2.9566698034E-01	?	4.4047898477E-01	1.7156754279E-01	1.7156754279E-01	2.1093166639E-01	1.9997439483E00	1.9997879740E00	1.9970744916E00	?	1.9973901563E00	1.9990193774E00	1.9990193774E00	1.9990172685E00	7.9302768319E-02	2.7421297101E-01	1.8701523623E-01	1.9030316546E-01	1.7178014886E-01	1.9981240980E00	1.9984716668E00	1.9911953108E00	1.9912658937E00	1.9911490882E00	1.4652102507E00	1.0204306489E00	8.3048296813E-01	8.4510161030E-01	2.0047825589E00	8.3048184939E-01	2.0047396703E00	2.0005799927E00	2.0046923116E00	2.0005172170E00	1.2149818577E00	
Caplet Vola Monte-Carlo Single-Curve	7.6643974059E-01	8.1143690930E-01	2.6509545207E-01	0.0000000000E00	5.0200068742E-01	?	4.3326264593E-01	3.0739083594E-01	3.0739083594E-01	3.0819719052E-01	1.9996775453E00	1.9997329876E00	1.9963164434E00	?	1.9967138348E00	1.9987651260E00	1.9987651260E00	1.9987624704E00	2.5213078160E-01	1.7624621840E-01	2.8624779729E-01	2.8249585043E-01	2.8390350545E-01	1.9976378596E00	1.9980754757E00	1.9889180920E00	1.9890068800E00	1.9888599480E00	1.3490803003E00	8.4673128968E-01	1.0118361268E00	1.0249687829E00	2.0060248106E00	1.0118351210E00	2.0059707651E00	2.0007304445E00	2.0059110872E00	2.0006513819E00	1.0592661032E00	
Caplet Vola Analytic Multi-Curve Fenton-Wilkinson	4.7762241009E-01	5.2633652970E-01	2.9566698034E-01	5.0200068742E-01	0.0000000000E00	?	2.3080295624E-01	3.8389313995E-01	3.8389313995E-01	4.2111225588E-01	1.9997691145E00	1.9998088133E00	1.9973618531E00	?	1.9976465294E00	1.9991157425E00	1.9991157425E00	1.9991138407E00	3.1520205646E-01	4.9533872908E-01	3.6415072046E-01	3.6969768970E-01	3.6494875593E-01	1.9983084042E00	1.9986218364E00	1.9920590143E00	1.9921226870E00	1.9920173169E00	1.5153696293E00	1.2052105159E00	7.5153488966E-01	7.6657514777E-01	2.0043119698E00	7.5153373228E-01	2.0042733057E00	2.0005229772E00	2.0042306119E00	2.0004663733E00	1.2856694737E00	
Caplet Vola Analytic Multi-Curve Ju	?	?	?	?	?	?	?	?	?	?	?	?	?	?	?	?	?	?	?	?	?	?	?	?	?	?	?	?	?	?	?	?	?	?	?	?	?	?	?	
Caplet Vola Analytic Multi-Curve Ho	6.1167079943E-01	6.5800765624E-01	4.4047898477E-01	4.3326264593E-01	2.3080295624E-01	?	0.0000000000E00	3.8818370689E-01	3.8818370689E-01	3.9796920145E-01	1.9997336232E00	1.9997794241E00	1.9969566038E00	?	1.9972849800E00	1.9989798417E00	1.9989798417E00	1.9989776478E00	3.6886402827E-01	4.1084460483E-01	3.7463522679E-01	3.6941571612E-01	3.7608959020E-01	1.9980484850E00	1.9984100578E00	1.9908410553E00	1.9909144716E00	1.9907929772E00	1.4466272614E00	1.0821782520E00	8.7164447657E-01	8.8581535414E-01	2.0049756661E00	8.7164338483E-01	2.0049310436E00	2.0006033857E00	2.0048817704E00	2.0005380777E00	1.1897370099E00	
Caplet Vola Analytic Multi-Curve Drift-Freeze	5.4731645998E-01	5.9976983281E-01	1.7156754279E-01	3.0739083594E-01	3.8389313995E-01	?	3.8818370689E-01	0.0000000000E00	0.0000000000E00	7.7476942949E-02	1.9997458507E00	1.9997895493E00	1.9970962129E00	?	1.9974095353E00	1.9990266619E00	1.9990266619E00	1.9990245686E00	1.4644498283E-01	2.4544525150E-01	1.0546534454E-01	1.0472192778E-01	1.0060256127E-01	1.9981380298E00	1.9984830182E00	1.9912605883E00	1.9913306491E00	1.9912147077E00	1.4686560019E00	1.0259366289E00	8.2430143580E-01	8.3896565112E-01	2.0047469815E00	8.2430031359E-01	2.0047044122E00	2.0005756826E00	2.0046574063E00	2.0005133735E00	1.2196768144E00	
Caplet Vola Analytic Multi-Curve Integrated-Expectation	5.4731645998E-01	5.9976983281E-01	1.7156754279E-01	3.0739083594E-01	3.8389313995E-01	?	3.8818370689E-01	0.0000000000E00	0.0000000000E00	7.7476942949E-02	1.9997458507E00	1.9997895493E00	1.9970962129E00	?	1.9974095353E00	1.9990266619E00	1.9990266619E00	1.9990245686E00	1.4644498283E-01	2.4544525150E-01	1.0546534454E-01	1.0472192778E-01	1.0060256127E-01	1.9981380298E00	1.9984830182E00	1.9912605883E00	1.9913306491E00	1.9912147077E00	1.4686560019E00	1.0259366289E00	8.2430143580E-01	8.3896565112E-01	2.0047469815E00	8.2430031359E-01	2.0047044122E00	2.0005756826E00	2.0046574063E00	2.0005133735E00	1.2196768144E00	
Caplet Vola Monte-Carlo Multi-Curve	5.6660900900E-01	6.1874349984E-01	2.1093166639E-01	3.0819719052E-01	4.2111225588E-01	?	3.9796920145E-01	7.7476942949E-02	7.7476942949E-02	0.0000000000E00	1.9997404796E00	1.9997851017E00	1.9970348869E00	?	1.9973548221E00	1.9990060955E00	1.9990060955E00	1.9990039580E00	1.7166341720E-01	2.4179740939E-01	1.1903127375E-01	1.1757565027E-01	1.0512904018E-01	1.9980986958E00	1.9984509693E00	1.9910762930E00	1.9911478279E00	1.9910294471E00	1.4589450572E00	1.0104427689E00	8.4158829222E-01	8.5612421922E-01	2.0048474305E00	8.4158717975E-01	2.0048039593E00	2.0005878515E00	2.0047559575E00	2.0005242250E00	1.2064564963E00	
Caplet Value Analytic Single-Curve	1.9998550598E00	1.9998631118E00	1.9997439483E00	1.9996775453E00	1.9997691145E00	?	1.9997336232E00	1.9997458507E00	1.9997458507E00	1.9997404796E00	0.0000000000E00	2.3858451509E-01	1.6782779331E00	?	1.6517559364E00	1.1719245897E00	1.1719245897E00	1.1733347243E00	1.9997373417E00	1.9996804091E00	1.9997396511E00	1.9997372307E00	1.9997411936E00	1.5459485991E00	1.4662659507E00	1.8871969327E00	1.8863092939E00	1.8877707644E00	1.9983414758E00	1.9992105886E00	1.9998941990E00	1.9998960582E00	-2.5743923612E00	1.9998941988E00	-2.6049478583E00	-1.6393923314E01	-2.6510948982E00	-2.1530836217E01	1.9989515677E00	
Caplet Value Monte-Carlo Single-Curve	1.9998799815E00	1.9998866490E00	1.9997879740E00	1.9997329876E00	1.9998088133E00	?	1.9997794241E00	1.9997895493E00	1.9997895493E00	1.9997851017E00	2.3858451509E-01	0.0000000000E00	1.7298619399E00	?	1.7102876543E00	1.2890026665E00	1.2890026665E00	1.2961493912E00	1.9997825032E00	1.9997353590E00	1.9997844156E00	1.9997824113E00	1.9997856929E00	1.6241668615E00	1.5558215555E00	1.9061382415E00	1.9053960230E00	1.9066180331E00	1.9986265606E00	1.9993463055E00	1.9999123910E00	1.9999139306E00	-2.5615501918E00	1.9999123909E00	-2.5916866599E00	-1.4615754093E01	-2.6372396038E00	-1.8646961234E01	1.9991318062E00	
Caplet Value Analytic Multi-Curve Fenton-Wilkinson	1.9983435116E00	1.9984355028E00	1.9970744916E00	1.9963164434E00	1.9973618531E00	?	1.9969566038E00	1.9970962129E00	1.9970962129E00	1.9970348869E00	1.6782779331E00	1.7298619399E00	0.0000000000E00	?	1.1413276079E-01	9.9617769720E-01	9.9617769720E-01	9.9456111403E-01	1.9969990590E00	1.9963491310E00	1.9970254268E00	1.9969977921E00	1.9970430385E00	1.2903810070E00	1.2835188499E00	1.0592363256E00	1.0535946922E00	1.0597013489E00	1.9811196149E00	1.9909931326E00	1.9987907007E00	1.9988119463E00	-8.8794758385E00	1.9987906991E00	-9.1025668589E00	4.1649043293E00	-9.3910295049E00	4.1800252075E00	1.9880458670E00	
Caplet Value Analytic Multi-Curve Ju	?	?	?	?	?	?	?	?	?	?	?	?	?	?	?	?	?	?	?	?	?	?	?	?	?	?	?	?	?	?	?	?	?	?	?	?	?	?	?	
Caplet Value Analytic Multi-Curve Ho	1.9985222987E00	1.9986043645E00	1.9973901563E00	1.9967138348E00	1.9976465294E00	?	1.9972849800E00	1.9974095353E00	1.9974095353E00	1.9973548221E00	1.6517559364E00	1.7102876543E00	1.1413276079E-01	?	0.0000000000E00	1.0025346345E00	1.0025346345E00	9.8176850983E-01	1.9973228575E00	1.9967429988E00	1.9973463821E00	1.9973217271E00	1.9973620948E00	1.3734921257E00	1.3645933272E00	1.1404954656E00	1.1352038091E00	1.1406447236E00	1.9831495658E00	1.9919636614E00	1.9989212351E00	1.9989401879E00	-7.5381056799E00	1.9989212336E00	-7.7026316284E00	4.8116783160E00	-7.9172147717E00	4.8111578466E00	1.9893331275E00	
Caplet Value Analytic Multi-Curve Drift-Freeze	1.9994448667E00	1.9994757034E00	1.9990193774E00	1.9987651260E00	1.9991157425E00	?	1.9989798417E00	1.9990266619E00	1.9990266619E00	1.9990060955E00	1.1719245897E00	1.2890026665E00	9.9617769720E-01	?	1.0025346345E00	0.0000000000E00	0.0000000000E00	7.0358564353E-02	1.9989940800E00	1.9987760908E00	1.9990029229E00	1.9989936551E00	1.9990088292E00	1.0574073220E00	9.6550473260E-01	1.5998509002E00	1.5969366110E00	1.6017367053E00	1.9936545067E00	1.9969778654E00	1.9995947618E00	1.9996018826E00	-3.3582904157E00	1.9995947613E00	-3.4027219941E00	1.5484055408E01	-3.4669838814E00	1.4037314324E01	1.9959869804E00	
Caplet Value Analytic Multi-Curve Integrated-Expectation	1.9994448667E00	1.9994757034E00	1.9990193774E00	1.9987651260E00	1.9991157425E00	?	1.9989798417E00	1.9990266619E00	1.9990266619E00	1.9990060955E00	1.1719245897E00	1.2890026665E00	9.9617769720E-01	?	1.0025346345E00	0.0000000000E00	0.0000000000E00	7.0358564353E-02	1.9989940800E00	1.9987760908E00	1.9990029229E00	1.9989936551E00	1.9990088292E00	1.0574073220E00	9.6550473260E-01	1.5998509002E00	1.5969366110E00	1.6017367053E00	1.9936545067E00	1.9969778654E00	1.9995947618E00	1.9996018826E00	-3.3582904157E00	1.9995947613E00	-3.4027219941E00	1.5484055408E01	-3.4669838814E00	1.4037314324E01	1.9959869804E00	
Caplet Value Monte-Carlo Multi-Curve	1.9994436727E00	1.9994745757E00	1.9990172685E00	1.9987624704E00	1.9991138407E00	?	1.9989776478E00	1.9990245686E00	1.9990245686E00	1.9990039580E00	1.1733347243E00	1.2961493912E00	9.9456111403E-01	?	9.8176850983E-01	7.0358564353E-02	7.0358564353E-02	0.0000000000E00	1.9989919167E00	1.9987734588E00	1.9990007786E00	1.9989914909E00	1.9990066976E00	1.0817634574E00	9.9304906210E-01	1.5990764010E00	1.5961571039E00	1.6009654515E00	1.9936408784E00	1.9969713693E00	1.9995938902E00	1.9996010263E00	-3.3778746233E00	1.9995938896E00	-3.4225545814E00	1.5597093847E01	-3.4871060668E00	1.4141676628E01	1.9959783566E00	
Swaption Vola Analytic Single-Curve	5.7764504553E-01	6.2959246031E-01	7.9302768319E-02	2.5213078160E-01	3.1520205646E-01	?	3.6886402827E-01	1.4644498283E-01	1.4644498283E-01	1.7166341720E-01	1.9997373417E00	1.9997825032E00	1.9969990590E00	?	1.9973228575E00	1.9989940800E00	1.9989940800E00	1.9989919167E00	0.0000000000E00	1.9557495599E-01	1.3802297467E-01	1.3654965232E-01	1.2001357940E-01	1.9980757159E00	1.9984322454E00	1.9909686294E00	1.9910410254E00	1.9909212195E00	1.4532967190E00	1.0014639446E00	8.5145460197E-01	8.6591613543E-01	2.0049061185E00	8.5145349515E-01	2.0048621204E00	2.0005949609E00	2.0048135367E00	2.0005305649E00	1.1987828650E00	
Swaption Vola Monte-Carlo Single-Curve	7.5198161476E-01	8.0052475903E-01	2.7421297101E-01	1.7624621840E-01	4.9533872908E-01	?	4.1084460483E-01	2.4544525150E-01	2.4544525150E-01	2.4179740939E-01	1.9996804091E00	1.9997353590E00	1.9963491310E00	?	1.9967429988E00	1.9987760908E00	1.9987760908E00	1.9987734588E00	1.9557495599E-01	0.0000000000E00	2.2801192810E-01	2.1694839060E-01	2.3351663522E-01	1.9976588279E00	1.9980925612E00	1.9890162516E00	1.9891042552E00	1.9889586211E00	1.3539279726E00	8.4743738952E-01	1.0051829870E00	1.0183752450E00	2.0059712181E00	1.0051819766E00	2.0059176541E00	2.0007239555E00	2.0058585079E00	2.0006455954E00	1.0656699997E00	
Swaption Vola Analytic Multi-Curve Drift-Freeze	5.6953958381E-01	6.2162472825E-01	1.8701523623E-01	2.8624779729E-01	3.6415072046E-01	?	3.7463522679E-01	1.0546534454E-01	1.0546534454E-01	1.1903127375E-01	1.9997396511E00	1.9997844156E00	1.9970254268E00	?	1.9973463821E00	1.9990029229E00	1.9990029229E00	1.9990007786E00	1.3802297467E-01	2.2801192810E-01	0.0000000000E00	1.1996347466E-02	5.0909063589E-02	1.9980926281E00	1.9984460254E00	1.9910478648E00	1.9911196271E00	1.9910008700E00	1.4574518683E00	1.0080667733E00	8.4420983773E-01	8.5872608110E-01	2.0048629263E00	8.4420872676E-01	2.0048193161E00	2.0005897286E00	2.0047711606E00	2.0005258990E00	1.2044267660E00	
Swaption Vola Analytic Multi-Curve Integrated-Expectation	5.7803219914E-01	6.2997298953E-01	1.9030316546E-01	2.8249585043E-01	3.6969768970E-01	?	3.6941571612E-01	1.0472192778E-01	1.0472192778E-01	1.1757565027E-01	1.9997372307E00	1.9997824113E00	1.9969977921E00	?	1.9973217271E00	1.9989936551E00	1.9989936551E00	1.9989914909E00	1.3654965232E-01	2.1694839060E-01	1.1996347466E-02	0.0000000000E00	5.1928119571E-02	1.9980749032E00	1.9984315833E00	1.9909648222E00	1.9910372487E00	1.9909173924E00	1.4530973164E00	1.0011474098E00	8.5180042530E-01	8.6625933572E-01	2.0049081939E00	8.5179931867E-01	2.0048641772E00	2.0005952123E00	2.0048155729E00	2.0005307891E00	1.1985121772E00	
Swaption Vola Monte-Carlo Multi-Curve	5.6407412988E-01	6.1625111118E-01	1.7178014886E-01	2.8390350545E-01	3.6494875593E-01	?	3.7608959020E-01	1.0060256127E-01	1.0060256127E-01	1.0512904018E-01	1.9997411936E00	1.9997856929E00	1.9970430385E00	?	1.9973620948E00	1.9990088292E00	1.9990088292E00	1.9990066976E00	1.2001357940E-01	2.3351663522E-01	5.0909063589E-02	5.1928119571E-02	0.0000000000E00	1.9981039242E00	1.9984552293E00	1.9911007895E00	1.9911721285E00	1.9910540718E00	1.4602327498E00	1.0124931402E00	8.3931978977E-01	8.5387270099E-01	2.0048340780E00	8.3931867601E-01	2.0047907268E00	2.0005862339E00	2.0047428573E00	2.0005227826E00	1.2082075470E00	
Swaption Value Analytic Single-Curve	1.9989379432E00	1.9989969316E00	1.9981240980E00	1.9976378596E00	1.9983084042E00	?	1.9980484850E00	1.9981380298E00	1.9981380298E00	1.9980986958E00	1.5459485991E00	1.6241668615E00	1.2903810070E00	?	1.3734921257E00	1.0574073220E00	1.0574073220E00	1.0817634574E00	1.9980757159E00	1.9976588279E00	1.9980926281E00	1.9980749032E00	1.9981039242E00	0.0000000000E00	2.0428388819E-01	1.2984578440E00	1.2937791325E00	1.3014884295E00	1.9878761080E00	1.9942214390E00	1.9992246894E00	1.9992383119E00	-4.7456398649E00	1.9992246884E00	-4.7812756844E00	4.6238313428E00	-4.8565656079E00	4.4688906905E00	1.9923285230E00	
Swaption Value Monte-Carlo Single-Curve	1.9991347547E00	1.9991828141E00	1.9984716668E00	1.9980754757E00	1.9986218364E00	?	1.9984100578E00	1.9984830182E00	1.9984830182E00	1.9984509693E00	1.4662659507E00	1.5558215555E00	1.2835188499E00	?	1.3645933272E00	9.6550473260E-01	9.6550473260E-01	9.9304906210E-01	1.9984322454E00	1.9980925612E00	1.9984460254E00	1.9984315833E00	1.9984552293E00	2.0428388819E-01	0.0000000000E00	1.4092869744E00	1.4052141190E00	1.4119241492E00	1.9901177402E00	1.9952912443E00	1.9993683719E00	1.9993794702E00	-4.0675725336E00	1.9993683710E00	-4.0905900567E00	5.8444918836E00	-4.1472524913E00	5.5988827909E00	1.9937482219E00	
Swaption Value Analytic Multi-Curve Drift-Freeze	1.9950114050E00	1.9952882227E00	1.9911953108E00	1.9889180920E00	1.9920590143E00	?	1.9908410553E00	1.9912605883E00	1.9912605883E00	1.9910762930E00	1.8871969327E00	1.9061382415E00	1.0592363256E00	?	1.1404954656E00	1.5998509002E00	1.5998509002E00	1.5990764010E00	1.9909686294E00	1.9890162516E00	1.9910478648E00	1.9909648222E00	1.9911007895E00	1.2984578440E00	1.4092869744E00	0.0000000000E00	8.6855576092E-03	4.6537435590E-02	1.9436292715E00	1.9729753177E00	1.9963573171E00	1.9964212752E00	6.7530578248E00	1.9963573122E00	6.6561784424E00	2.3214756307E00	6.5650363736E00	2.3047808002E00	1.9641850947E00	
Swaption Value Analytic Multi-Curve Integrated-Expectation	1.9950514340E00	1.9953260331E00	1.9912658937E00	1.9890068800E00	1.9921226870E00	?	1.9909144716E00	1.9913306491E00	1.9913306491E00	1.9911478279E00	1.8863092939E00	1.9053960230E00	1.0535946922E00	?	1.1352038091E00	1.5969366110E00	1.5969366110E00	1.5961571039E00	1.9910410254E00	1.9891042552E00	1.9911196271E00	1.9910372487E00	1.9911721285E00	1.2937791325E00	1.4052141190E00	8.6855576092E-03	0.0000000000E00	4.9397824634E-02	1.9440758252E00	1.9731909803E00	1.9963865562E00	1.9964500013E00	6.8381456536E00	1.9963865513E00	6.7386516091E00	2.3242594523E00	6.6449623282E00	2.3073997055E00	1.9644702778E00	
Swaption Value Monte-Carlo Multi-Curve	1.9949851908E00	1.9952634614E00	1.9911490882E00	1.9888599480E00	1.9920173169E00	?	1.9907929772E00	1.9912147077E00	1.9912147077E00	1.9910294471E00	1.8877707644E00	1.9066180331E00	1.0597013489E00	?	1.1406447236E00	1.6017367053E00	1.6017367053E00	1.6009654515E00	1.9909212195E00	1.9889586211E00	1.9910008700E00	1.9909173924E00	1.9910540718E00	1.3014884295E00	1.4119241492E00	4.6537435590E-02	4.9397824634E-02	0.0000000000E00	1.9433368835E00	1.9728340955E00	1.9963381690E00	1.9964024630E00	6.7004917019E00	1.9963381641E00	6.6052434116E00	2.3210899471E00	6.5156879700E00	2.3044908022E00	1.9639983539E00	
Swaption Exercise Date	1.6786412714E00	1.6951338201E00	1.4652102507E00	1.3490803003E00	1.5153696293E00	?	1.4466272614E00	1.4686560019E00	1.4686560019E00	1.4589450572E00	1.9983414758E00	1.9986265606E00	1.9811196149E00	?	1.9831495658E00	1.9936545067E00	1.9936545067E00	1.9936408784E00	1.4532967190E00	1.3539279726E00	1.4574518683E00	1.4530973164E00	1.4602327498E00	1.9878761080E00	1.9901177402E00	1.9436292715E00	1.9440758252E00	1.9433368835E00	0.0000000000E00	1.1079136691E00	1.7602201101E00	1.7641855053E00	2.0311933150E00	1.7602198054E00	2.0309117538E00	2.0037610944E00	2.0306008860E00	2.0033537223E00	4.5404556167E-01	
Swaption Number Of Periods	1.3795891253E00	1.4089635427E00	1.0204306489E00	8.4673128968E-01	1.2052105159E00	?	1.0821782520E00	1.0259366289E00	1.0259366289E00	1.0104427689E00	1.9992105886E00	1.9993463055E00	1.9909931326E00	?	1.9919636614E00	1.9969778654E00	1.9969778654E00	1.9969713693E00	1.0014639446E00	8.4743738952E-01	1.0080667733E00	1.0011474098E00	1.0124931402E00	1.9942214390E00	1.9952912443E00	1.9729753177E00	1.9731909803E00	1.9728340955E00	1.1079136691E00	0.0000000000E00	1.5273296372E00	1.5346698716E00	2.0147834978E00	1.5273290737E00	2.0146505953E00	2.0017889056E00	2.0145038483E00	2.0015952305E00	8.7224669604E-01	
Numeraire Single-Curve	3.1219721095E-01	2.5619698214E-01	8.3048296813E-01	1.0118361268E00	7.5153488966E-01	?	8.7164447657E-01	8.2430143580E-01	8.2430143580E-01	8.4158829222E-01	1.9998941990E00	1.9999123910E00	1.9987907007E00	?	1.9989212351E00	1.9995947618E00	1.9995947618E00	1.9995938902E00	8.5145460197E-01	1.0051829870E00	8.4420983773E-01	8.5180042530E-01	8.3931978977E-01	1.9992246894E00	1.9993683719E00	1.9963573171E00	1.9963865562E00	1.9963381690E00	1.7602201101E00	1.5273296372E00	0.0000000000E00	1.7729465177E-02	2.0019747028E00	1.5441812691E-06	2.0019570065E00	2.0002396247E00	2.0019374656E00	2.0002136908E00	1.6334245945E00	
Discount Single-Curve	3.2947076358E-01	2.7361574054E-01	8.4510161030E-01	1.0249687829E00	7.6657514777E-01	?	8.8581535414E-01	8.3896565112E-01	8.3896565112E-01	8.5612421922E-01	1.9998960582E00	1.9999139306E00	1.9988119463E00	?	1.9989401879E00	1.9996018826E00	1.9996018826E00	1.9996010263E00	8.6591613543E-01	1.0183752450E00	8.5872608110E-01	8.6625933572E-01	8.5387270099E-01	1.9992383119E00	1.9993794702E00	1.9964212752E00	1.9964500013E00	1.9964024630E00	1.7641855053E00	1.5346698716E00	1.7729465177E-02	0.0000000000E00	2.0019399831E00	1.7730816907E-02	2.0019225981E00	2.0002354134E00	2.0019034010E00	2.0002099353E00	1.6392857356E00	
OIS Spot Rate Single-Curve	2.0027057286E00	2.0025553143E00	2.0047825589E00	2.0060248106E00	2.0043119698E00	?	2.0049756661E00	2.0047469815E00	2.0047469815E00	2.0048474305E00	-2.5743923612E00	-2.5615501918E00	-8.8794758385E00	?	-7.5381056799E00	-3.3582904157E00	-3.3582904157E00	-3.3778746233E00	2.0049061185E00	2.0059712181E00	2.0048629263E00	2.0049081939E00	2.0048340780E00	-4.7456398649E00	-4.0675725336E00	6.7530578248E00	6.8381456536E00	6.7004917019E00	2.0311933150E00	2.0147834978E00	2.0019747028E00	2.0019399831E00	-0.0000000000E00	2.0019747054E00	-1.7604994012E-02	-1.5669703166E00	-2.4150529691E-02	-1.6092555167E00	2.0196593645E00	
Numeraire Multi-Curve	3.1219589205E-01	2.5619565248E-01	8.3048184939E-01	1.0118351210E00	7.5153373228E-01	?	8.7164338483E-01	8.2430031359E-01	8.2430031359E-01	8.4158717975E-01	1.9998941988E00	1.9999123909E00	1.9987906991E00	?	1.9989212336E00	1.9995947613E00	1.9995947613E00	1.9995938896E00	8.5145349515E-01	1.0051819766E00	8.4420872676E-01	8.5179931867E-01	8.3931867601E-01	1.9992246884E00	1.9993683710E00	1.9963573122E00	1.9963865513E00	1.9963381641E00	1.7602198054E00	1.5273290737E00	1.5441812691E-06	1.7730816907E-02	2.0019747054E00	0.0000000000E00	2.0019570091E00	2.0002396250E00	2.0019374682E00	2.0002136911E00	1.6334241443E00	
OIS Spot Rate Multi-Curve	2.0026814768E00	2.0025324116E00	2.0047396703E00	2.0059707651E00	2.0042733057E00	?	2.0049310436E00	2.0047044122E00	2.0047044122E00	2.0048039593E00	-2.6049478583E00	-2.5916866599E00	-9.1025668589E00	?	-7.7026316284E00	-3.4027219941E00	-3.4027219941E00	-3.4225545814E00	2.0048621204E00	2.0059176541E00	2.0048193161E00	2.0048641772E00	2.0047907268E00	-4.7812756844E00	-4.0905900567E00	6.6561784424E00	6.7386516091E00	6.6052434116E00	2.0309117538E00	2.0146505953E00	2.0019570065E00	2.0019225981E00	-1.7604994012E-02	2.0019570091E00	-0.0000000000E00	-1.5634836696E00	-1.0631881560E-02	-1.6060717388E00	2.0194824157E00	
LIBOR Spot Rate Multi-Curve	2.0003282800E00	2.0003100408E00	2.0005799927E00	2.0007304445E00	2.0005229772E00	?	2.0006033857E00	2.0005756826E00	2.0005756826E00	2.0005878515E00	-1.6393923314E01	-1.4615754093E01	4.1649043293E00	?	4.8116783160E00	1.5484055408E01	1.5484055408E01	1.5597093847E01	2.0005949609E00	2.0007239555E00	2.0005897286E00	2.0005952123E00	2.0005862339E00	4.6238313428E00	5.8444918836E00	2.3214756307E00	2.3242594523E00	2.3210899471E00	2.0037610944E00	2.0017889056E00	2.0002396247E00	2.0002354134E00	-1.5669703166E00	2.0002396250E00	-1.5634836696E00	-0.0000000000E00	-1.5595677283E00	-3.2728518337E-01	2.0023763824E00	
OIS Forward Rate Multi-Curve	2.0026546972E00	2.0025071216E00	2.0046923116E00	2.0059110872E00	2.0042306119E00	?	2.0048817704E00	2.0046574063E00	2.0046574063E00	2.0047559575E00	-2.6510948982E00	-2.6372396038E00	-9.3910295049E00	?	-7.9172147717E00	-3.4669838814E00	-3.4669838814E00	-3.4871060668E00	2.0048135367E00	2.0058585079E00	2.0047711606E00	2.0048155729E00	2.0047428573E00	-4.8565656079E00	-4.1472524913E00	6.5650363736E00	6.6449623282E00	6.5156879700E00	2.0306008860E00	2.0145038483E00	2.0019374656E00	2.0019034010E00	-2.4150529691E-02	2.0019374682E00	-1.0631881560E-02	-1.5595677283E00	-0.0000000000E00	-1.6024952327E00	2.0192870384E00	
LIBOR Forward Rate Multi-Curve	2.0002927504E00	2.0002764854E00	2.0005172170E00	2.0006513819E00	2.0004663733E00	?	2.0005380777E00	2.0005133735E00	2.0005133735E00	2.0005242250E00	-2.1530836217E01	-1.8646961234E01	4.1800252075E00	?	4.8111578466E00	1.4037314324E01	1.4037314324E01	1.4141676628E01	2.0005305649E00	2.0006455954E00	2.0005258990E00	2.0005307891E00	2.0005227826E00	4.4688906905E00	5.5988827909E00	2.3047808002E00	2.3073997055E00	2.3044908022E00	2.0033537223E00	2.0015952305E00	2.0002136908E00	2.0002099353E00	-1.6092555167E00	2.0002136911E00	-1.6060717388E00	-3.2728518337E-01	-1.6024952327E00	-0.0000000000E00	2.0021190707E00	
Time	1.5142792931E00	1.5381480678E00	1.2149818577E00	1.0592661032E00	1.2856694737E00	?	1.1897370099E00	1.2196768144E00	1.2196768144E00	1.2064564963E00	1.9989515677E00	1.9991318062E00	1.9880458670E00	?	1.9893331275E00	1.9959869804E00	1.9959869804E00	1.9959783566E00	1.1987828650E00	1.0656699997E00	1.2044267660E00	1.1985121772E00	1.2082075470E00	1.9923285230E00	1.9937482219E00	1.9641850947E00	1.9644702778E00	1.9639983539E00	4.5404556167E-01	8.7224669604E-01	1.6334245945E00	1.6392857356E00	2.0196593645E00	1.6334241443E00	2.0194824157E00	2.0023763824E00	2.0192870384E00	2.0021190707E00	0.0000000000E00	
