Component1	Component2	Correlation
0	0	1.0000000000000007
0	1	0.9997679102910988
0	2	0.997098387285902
0	3	0.9864393846695865
0	4	0.9597634392601682
0	5	0.910181825797834
0	6	0.8377517560079593
0	7	0.7520297234588342
0	8	0.6671633411246936
0	9	0.5944908197328103
0	10	0.5392650072439883
0	11	0.501372451658576
0	12	0.4772169348132568
0	13	0.46180836283822163
0	14	0.45100540195984756
0	15	0.44270438678605906
0	16	0.43595270015511073
0	17	0.4291125112542362
0	18	0.4188042863221943
0	19	0.4007155357299794
0	20	0.37274126567748683
0	21	0.3381659735598066
0	22	0.30447578806839265
0	23	0.27863062098238556
0	24	0.2638633554554445
0	25	0.2591342157166291
0	26	0.2602178441154251
0	27	0.26291397314717596
0	28	0.2659678884230357
0	29	0.2692879515531178
0	30	0.26946682324912885
0	31	0.25851716709604544
0	32	0.23316447116494218
0	33	0.20548602636789232
0	34	0.19143803528072256
0	35	0.19406355323701563
0	36	0.19778564770589963
0	37	0.19852946035940636
0	38	0.2048428005554823
0	39	0.126037573575964
0	40	0.0
0	41	0.0
0	42	0.0
0	43	0.0
0	44	0.0
0	45	0.0
0	46	0.0
0	47	0.0
0	48	0.0
0	49	0.0
0	50	0.0
0	51	0.0
0	52	0.0
0	53	0.0
0	54	0.0
0	55	0.0
0	56	0.0
0	57	0.0
0	58	0.0
0	59	0.0
0	60	0.0
0	61	0.0
0	62	0.0
0	63	0.0
0	64	0.0
0	65	0.0
0	66	0.0
0	67	0.0
0	68	0.0
0	69	0.0
0	70	0.0
0	71	0.0
0	72	0.0
0	73	0.0
0	74	0.0
0	75	0.0
0	76	0.0
0	77	0.0
0	78	0.0
0	79	0.0
1	0	0.9997679102910988
1	1	1.0000000000000004
1	2	0.9984806852419288
1	3	0.9896370670105072
1	4	0.965338508783918
1	5	0.9184386577921719
1	6	0.848597782025792
1	7	0.7649825024000049
1	8	0.6815056815220375
1	9	0.6094268260119708
1	10	0.5539784101155822
1	11	0.5150238100989756
1	12	0.48898098593852596
1	13	0.4710216825978523
1	14	0.4573658701308352
1	15	0.44635739694091653
1	16	0.4374019062695524
1	17	0.42906518736754373
1	18	0.4180522247466035
1	19	0.4000359371621591
1	20	0.3727577226639438
1	21	0.3391954261074558
1	22	0.30647238755654
1	23	0.2812458208834641
1	24	0.266530647316264
1	25	0.26115461225158626
1	26	0.2609351269918235
1	27	0.2619797371535199
1	28	0.26346854298005573
1	29	0.26565409967216974
1	30	0.26538291494720784
1	31	0.2548614942177983
1	32	0.23066975835845088
1	33	0.204235214965924
1	34	0.19081427188531097
1	35	0.1929590215290897
1	36	0.19517268794918327
1	37	0.19439018854854206
1	38	0.20021975321167113
1	39	0.12467319170240591
1	40	0.0
1	41	0.0
1	42	0.0
1	43	0.0
1	44	0.0
1	45	0.0
1	46	0.0
1	47	0.0
1	48	0.0
1	49	0.0
1	50	0.0
1	51	0.0
1	52	0.0
1	53	0.0
1	54	0.0
1	55	0.0
1	56	0.0
1	57	0.0
1	58	0.0
1	59	0.0
1	60	0.0
1	61	0.0
1	62	0.0
1	63	0.0
1	64	0.0
1	65	0.0
1	66	0.0
1	67	0.0
1	68	0.0
1	69	0.0
1	70	0.0
1	71	0.0
1	72	0.0
1	73	0.0
1	74	0.0
1	75	0.0
1	76	0.0
1	77	0.0
1	78	0.0
1	79	0.0
2	0	0.997098387285902
2	1	0.9984806852419288
2	2	0.9999999999999993
2	3	0.9960402277185452
2	4	0.9782224661594319
2	5	0.9387410202864094
2	6	0.8762063856511236
2	7	0.7987274641894844
2	8	0.7195622760446186
2	9	0.6497421748124023
2	10	0.5944410161117889
2	11	0.5534549400811832
2	12	0.5232129795624468
2	13	0.4992654169441392
2	14	0.47874185874480196
2	15	0.4611610556313059
2	16	0.4469055268481328
2	17	0.43511411600807126
2	18	0.42271930389277435
2	19	0.40531606279950316
2	20	0.3801883004561249
2	21	0.3495046968968397
2	22	0.31950811647917476
2	23	0.2961555299240701
2	24	0.2819295031615964
2	25	0.2752491128190849
2	26	0.27191122210573965
2	27	0.2687667137989341
2	28	0.26624171731901075
2	29	0.26565202282016315
2	30	0.26452660277698653
2	31	0.2553548312667248
2	32	0.23410423857293014
2	33	0.21071396806524617
2	34	0.1990333229056842
2	35	0.20023419052557834
2	36	0.19819055985707437
2	37	0.19283394669829396
2	38	0.19781602335584736
2	39	0.12833085835089497
2	40	0.0
2	41	0.0
2	42	0.0
2	43	0.0
2	44	0.0
2	45	0.0
2	46	0.0
2	47	0.0
2	48	0.0
2	49	0.0
2	50	0.0
2	51	0.0
2	52	0.0
2	53	0.0
2	54	0.0
2	55	0.0
2	56	0.0
2	57	0.0
2	58	0.0
2	59	0.0
2	60	0.0
2	61	0.0
2	62	0.0
2	63	0.0
2	64	0.0
2	65	0.0
2	66	0.0
2	67	0.0
2	68	0.0
2	69	0.0
2	70	0.0
2	71	0.0
2	72	0.0
2	73	0.0
2	74	0.0
2	75	0.0
2	76	0.0
2	77	0.0
2	78	0.0
2	79	0.0
3	0	0.9864393846695865
3	1	0.9896370670105072
3	2	0.9960402277185452
3	3	0.9999999999999996
3	4	0.9927961671140633
3	5	0.9656167799641627
3	6	0.9153934773821373
3	7	0.8484794678642462
3	8	0.7769929900972498
3	9	0.7115293969878292
3	10	0.6571365365216405
3	11	0.6134968815598347
3	12	0.5770573669994377
3	13	0.543968947703636
3	14	0.5128099022172067
3	15	0.48498204088472235
3	16	0.4624484362687271
3	17	0.44528952270843375
3	18	0.43082375085941166
3	19	0.4145346959002139
3	20	0.39297919978312074
3	21	0.3670345051631506
3	22	0.3415428284189466
3	23	0.32135156533537074
3	24	0.30809480644809656
3	25	0.2995218732279799
3	26	0.2913624949600455
3	27	0.2816340716589007
3	28	0.27277449532959236
3	29	0.26783922502034074
3	30	0.26545970957610177
3	31	0.25853234981487216
3	32	0.24199567017874557
3	33	0.22346243794968082
3	34	0.21463819943536697
3	35	0.21446690388010436
3	36	0.2055962226978955
3	37	0.19282669867715904
3	38	0.1966111216637718
3	39	0.13616738324832672
3	40	0.0
3	41	0.0
3	42	0.0
3	43	0.0
3	44	0.0
3	45	0.0
3	46	0.0
3	47	0.0
3	48	0.0
3	49	0.0
3	50	0.0
3	51	0.0
3	52	0.0
3	53	0.0
3	54	0.0
3	55	0.0
3	56	0.0
3	57	0.0
3	58	0.0
3	59	0.0
3	60	0.0
3	61	0.0
3	62	0.0
3	63	0.0
3	64	0.0
3	65	0.0
3	66	0.0
3	67	0.0
3	68	0.0
3	69	0.0
3	70	0.0
3	71	0.0
3	72	0.0
3	73	0.0
3	74	0.0
3	75	0.0
3	76	0.0
3	77	0.0
3	78	0.0
3	79	0.0
4	0	0.9597634392601682
4	1	0.965338508783918
4	2	0.9782224661594319
4	3	0.9927961671140633
4	4	1.0000000000000002
4	5	0.989794438898493
4	6	0.9569069196117577
4	7	0.9052605570673676
4	8	0.8452953049482264
4	9	0.7868916464710736
4	10	0.7348640428754809
4	11	0.6887302426703186
4	12	0.6449626295083509
4	13	0.6004991942314901
4	14	0.5558164440726453
4	15	0.5147967019329049
4	16	0.4815050302720895
4	17	0.4572981854571379
4	18	0.4400489341579592
4	19	0.42514750961925285
4	20	0.4082460270115615
4	21	0.38855468447930686
4	22	0.36907580423301445
4	23	0.3531846782461922
4	24	0.3413900789741048
4	25	0.3305559581726996
4	26	0.316308190653995
4	27	0.29816058815080576
4	28	0.2811557380627113
4	29	0.2706171122398909
4	30	0.2666262621730859
4	31	0.26262923012261047
4	32	0.2522458166699335
4	33	0.24007528475182244
4	34	0.23504182364317774
4	35	0.233192168450637
4	36	0.21554403442512884
4	37	0.1932039957412801
4	38	0.1955060010480739
4	39	0.1467071448879677
4	40	0.0
4	41	0.0
4	42	0.0
4	43	0.0
4	44	0.0
4	45	0.0
4	46	0.0
4	47	0.0
4	48	0.0
4	49	0.0
4	50	0.0
4	51	0.0
4	52	0.0
4	53	0.0
4	54	0.0
4	55	0.0
4	56	0.0
4	57	0.0
4	58	0.0
4	59	0.0
4	60	0.0
4	61	0.0
4	62	0.0
4	63	0.0
4	64	0.0
4	65	0.0
4	66	0.0
4	67	0.0
4	68	0.0
4	69	0.0
4	70	0.0
4	71	0.0
4	72	0.0
4	73	0.0
4	74	0.0
4	75	0.0
4	76	0.0
4	77	0.0
4	78	0.0
4	79	0.0
5	0	0.910181825797834
5	1	0.9184386577921719
5	2	0.9387410202864094
5	3	0.9656167799641627
5	4	0.989794438898493
5	5	1.0
5	6	0.9884826213456648
5	7	0.9562393986475506
5	8	0.9115422269754895
5	9	0.8632477326941742
5	10	0.8158005529446686
5	11	0.7685008325404732
5	12	0.7178357314747953
5	13	0.6616034257225093
5	14	0.6023905091884662
5	15	0.5468738191401362
5	16	0.5015247737675629
5	17	0.46920015169758006
5	18	0.44847319567747584
5	19	0.43472342125738117
5	20	0.4226922422825081
5	21	0.4097992735064756
5	22	0.39700654425225274
5	23	0.38602195312449716
5	24	0.376074723974052
5	25	0.36302892636386297
5	26	0.3423671528763169
5	27	0.3152001694503386
5	28	0.2893844606488753
5	29	0.2727149028171624
5	30	0.2668812764136437
5	31	0.2659890134481523
5	32	0.26228737653253403
5	33	0.2570957422533102
5	34	0.2562664804625687
5	35	0.25269212627660714
5	36	0.2256525389573092
5	37	0.19303458417525715
5	38	0.1937372317681439
5	39	0.15773382732586103
5	40	0.0
5	41	0.0
5	42	0.0
5	43	0.0
5	44	0.0
5	45	0.0
5	46	0.0
5	47	0.0
5	48	0.0
5	49	0.0
5	50	0.0
5	51	0.0
5	52	0.0
5	53	0.0
5	54	0.0
5	55	0.0
5	56	0.0
5	57	0.0
5	58	0.0
5	59	0.0
5	60	0.0
5	61	0.0
5	62	0.0
5	63	0.0
5	64	0.0
5	65	0.0
5	66	0.0
5	67	0.0
5	68	0.0
5	69	0.0
5	70	0.0
5	71	0.0
5	72	0.0
5	73	0.0
5	74	0.0
5	75	0.0
5	76	0.0
5	77	0.0
5	78	0.0
5	79	0.0
6	0	0.8377517560079593
6	1	0.848597782025792
6	2	0.8762063856511236
6	3	0.9153934773821373
6	4	0.9569069196117577
6	5	0.9884826213456648
6	6	1.0
6	7	0.9894078313207414
6	8	0.9625442822421054
6	9	0.9270065308591984
6	10	0.886745485320735
6	11	0.8407950384365048
6	12	0.7856000313841892
6	13	0.7196946077595666
6	14	0.6476054831281081
6	15	0.5786726312887054
6	16	0.521732800689298
6	17	0.4811731724551235
6	18	0.45634108047628236
6	19	0.44273619795161956
6	20	0.43440415310421654
6	21	0.4272328905905106
6	22	0.420346992544327
6	23	0.41389338622673033
6	24	0.4058780577114046
6	25	0.391198145949255
6	26	0.3651282225666108
6	27	0.33012316223361116
6	28	0.2965027515177872
6	29	0.27426494602925733
6	30	0.26656289775164005
6	31	0.2681578537675316
6	32	0.27018532488526964
6	33	0.27110689998136744
6	34	0.2740297731867941
6	35	0.269051672591437
6	36	0.23392424970827197
6	37	0.1923872495668445
6	38	0.19164362879673796
6	39	0.16693642569897388
6	40	0.0
6	41	0.0
6	42	0.0
6	43	0.0
6	44	0.0
6	45	0.0
6	46	0.0
6	47	0.0
6	48	0.0
6	49	0.0
6	50	0.0
6	51	0.0
6	52	0.0
6	53	0.0
6	54	0.0
6	55	0.0
6	56	0.0
6	57	0.0
6	58	0.0
6	59	0.0
6	60	0.0
6	61	0.0
6	62	0.0
6	63	0.0
6	64	0.0
6	65	0.0
6	66	0.0
6	67	0.0
6	68	0.0
6	69	0.0
6	70	0.0
6	71	0.0
6	72	0.0
6	73	0.0
6	74	0.0
6	75	0.0
6	76	0.0
6	77	0.0
6	78	0.0
6	79	0.0
7	0	0.7520297234588342
7	1	0.7649825024000049
7	2	0.7987274641894844
7	3	0.8484794678642462
7	4	0.9052605570673676
7	5	0.9562393986475506
7	6	0.9894078313207414
7	7	1.0
7	8	0.9915082771814314
7	9	0.9702142387678299
7	10	0.9395143110421253
7	11	0.8981349665035961
7	12	0.8423519956927267
7	13	0.7710850828077392
7	14	0.6902308263661058
7	15	0.6112103196746012
7	16	0.5448359132497931
7	17	0.4968474271337863
7	18	0.4673342441087874
7	19	0.452048641276316
7	20	0.4447390521824025
7	21	0.44040536575182554
7	22	0.436982484463215
7	23	0.43351092135904623
7	24	0.4270613851753789
7	25	0.41173447779509953
7	26	0.3824823691456582
7	27	0.34249208536190767
7	28	0.30366095066676196
7	29	0.2774736482933306
7	30	0.2680849361772677
7	31	0.27073290654472376
7	32	0.27595308860998513
7	33	0.2805080979689613
7	34	0.28579035887078114
7	35	0.2800662259909822
7	36	0.23995540593859455
7	37	0.19278408930577673
7	38	0.1910304276296266
7	39	0.1730431833860555
7	40	0.0
7	41	0.0
7	42	0.0
7	43	0.0
7	44	0.0
7	45	0.0
7	46	0.0
7	47	0.0
7	48	0.0
7	49	0.0
7	50	0.0
7	51	0.0
7	52	0.0
7	53	0.0
7	54	0.0
7	55	0.0
7	56	0.0
7	57	0.0
7	58	0.0
7	59	0.0
7	60	0.0
7	61	0.0
7	62	0.0
7	63	0.0
7	64	0.0
7	65	0.0
7	66	0.0
7	67	0.0
7	68	0.0
7	69	0.0
7	70	0.0
7	71	0.0
7	72	0.0
7	73	0.0
7	74	0.0
7	75	0.0
7	76	0.0
7	77	0.0
7	78	0.0
7	79	0.0
8	0	0.6671633411246936
8	1	0.6815056815220375
8	2	0.7195622760446186
8	3	0.7769929900972498
8	4	0.8452953049482264
8	5	0.9115422269754895
8	6	0.9625442822421054
8	7	0.9915082771814314
8	8	1.0000000000000002
8	9	0.9931329698895192
8	10	0.9737715844183282
8	11	0.9402987470726654
8	12	0.8886240779878991
8	13	0.817526111577314
8	14	0.7334270075275102
8	15	0.6489593147802006
8	16	0.5763040535179731
8	17	0.5222362747768492
8	18	0.48745999575029736
8	19	0.468069606000811
8	20	0.45799700479640193
8	21	0.45224790475678533
8	22	0.4485430498845679
8	23	0.445540100881196
8	24	0.43983009860362476
8	25	0.4249635585617442
8	26	0.3953997057917202
8	27	0.35421288743413476
8	28	0.31367779713243377
8	29	0.285788587132347
8	30	0.27502440999950206
8	31	0.2767478235017341
8	32	0.28151867024481864
8	33	0.28607195717978756
8	34	0.2916452167418634
8	35	0.28600620800955606
8	36	0.24503106958791976
8	37	0.19658401886755628
8	38	0.19444466884259387
8	39	0.17624864886134392
8	40	0.0
8	41	0.0
8	42	0.0
8	43	0.0
8	44	0.0
8	45	0.0
8	46	0.0
8	47	0.0
8	48	0.0
8	49	0.0
8	50	0.0
8	51	0.0
8	52	0.0
8	53	0.0
8	54	0.0
8	55	0.0
8	56	0.0
8	57	0.0
8	58	0.0
8	59	0.0
8	60	0.0
8	61	0.0
8	62	0.0
8	63	0.0
8	64	0.0
8	65	0.0
8	66	0.0
8	67	0.0
8	68	0.0
8	69	0.0
8	70	0.0
8	71	0.0
8	72	0.0
8	73	0.0
8	74	0.0
8	75	0.0
8	76	0.0
8	77	0.0
8	78	0.0
8	79	0.0
9	0	0.5944908197328103
9	1	0.6094268260119708
9	2	0.6497421748124023
9	3	0.7115293969878292
9	4	0.7868916464710736
9	5	0.8632477326941742
9	6	0.9270065308591984
9	7	0.9702142387678299
9	8	0.9931329698895192
9	9	1.000000000000001
9	10	0.9932349230632435
9	11	0.9708438407913962
9	12	0.9281263731241658
9	13	0.8631002867845975
9	14	0.7817488435688442
9	15	0.6969369712810759
9	16	0.6215305137147494
9	17	0.5629647413142992
9	18	0.5223698128299649
9	19	0.4962125318174336
9	20	0.47908124398542856
9	21	0.46697321230546174
9	22	0.45853073657459803
9	23	0.45289624346090374
9	24	0.44671902016752324
9	25	0.43326721282833425
9	26	0.40630309423784977
9	27	0.3678694800797027
9	28	0.32933973189720595
9	29	0.3021723253222399
9	30	0.2904045905282687
9	31	0.28905067656464056
9	32	0.2892967730215872
9	33	0.2897218409256712
9	34	0.29321454070331865
9	35	0.28848413620160557
9	36	0.25094232635522473
9	37	0.20576898418041667
9	38	0.20393407705492642
9	39	0.17751207230286187
9	40	0.0
9	41	0.0
9	42	0.0
9	43	0.0
9	44	0.0
9	45	0.0
9	46	0.0
9	47	0.0
9	48	0.0
9	49	0.0
9	50	0.0
9	51	0.0
9	52	0.0
9	53	0.0
9	54	0.0
9	55	0.0
9	56	0.0
9	57	0.0
9	58	0.0
9	59	0.0
9	60	0.0
9	61	0.0
9	62	0.0
9	63	0.0
9	64	0.0
9	65	0.0
9	66	0.0
9	67	0.0
9	68	0.0
9	69	0.0
9	70	0.0
9	71	0.0
9	72	0.0
9	73	0.0
9	74	0.0
9	75	0.0
9	76	0.0
9	77	0.0
9	78	0.0
9	79	0.0
10	0	0.5392650072439883
10	1	0.5539784101155822
10	2	0.5944410161117889
10	3	0.6571365365216405
10	4	0.7348640428754809
10	5	0.8158005529446686
10	6	0.886745485320735
10	7	0.9395143110421253
10	8	0.9737715844183282
10	9	0.9932349230632435
10	10	0.9999999999999999
10	11	0.9916729818534863
10	12	0.9626952486855488
10	13	0.9096893591480116
10	14	0.8372136472007944
10	15	0.7573642935068784
10	16	0.6829888498399614
10	17	0.6217857127467786
10	18	0.5750860950301082
10	19	0.5397026690582152
10	20	0.5112942744364947
10	21	0.4878131038576422
10	22	0.46998667818462253
10	23	0.4583555337099525
10	24	0.4501931576335237
10	25	0.43876135605005384
10	26	0.41693950989315415
10	27	0.38487502877891105
10	28	0.3518317364378971
10	29	0.3277294235437151
10	30	0.3153959025057442
10	31	0.3089700414111337
10	32	0.30076793916940614
10	33	0.29301964251081813
10	34	0.2920595180484113
10	35	0.28891420988253447
10	36	0.25873247029558155
10	37	0.22102438713738964
10	38	0.22016209081048538
10	39	0.17763548866872156
10	40	0.0
10	41	0.0
10	42	0.0
10	43	0.0
10	44	0.0
10	45	0.0
10	46	0.0
10	47	0.0
10	48	0.0
10	49	0.0
10	50	0.0
10	51	0.0
10	52	0.0
10	53	0.0
10	54	0.0
10	55	0.0
10	56	0.0
10	57	0.0
10	58	0.0
10	59	0.0
10	60	0.0
10	61	0.0
10	62	0.0
10	63	0.0
10	64	0.0
10	65	0.0
10	66	0.0
10	67	0.0
10	68	0.0
10	69	0.0
10	70	0.0
10	71	0.0
10	72	0.0
10	73	0.0
10	74	0.0
10	75	0.0
10	76	0.0
10	77	0.0
10	78	0.0
10	79	0.0
11	0	0.501372451658576
11	1	0.5150238100989756
11	2	0.5534549400811832
11	3	0.6134968815598347
11	4	0.6887302426703186
11	5	0.7685008325404732
11	6	0.8407950384365048
11	7	0.8981349665035961
11	8	0.9402987470726654
11	9	0.9708438407913962
11	10	0.9916729818534863
11	11	0.9999999999999998
11	12	0.9892191342631511
11	13	0.953999319240468
11	14	0.8965464544877045
11	15	0.8272019629069326
11	16	0.758074084715127
11	17	0.6967018559222136
11	18	0.6443633833451632
11	19	0.5981331197705858
11	20	0.5550449082680009
11	21	0.515831469857531
11	22	0.4843641480095465
11	23	0.46344782349009156
11	24	0.45153531989767137
11	25	0.44217932144694133
11	26	0.4272878145221411
11	27	0.4044416298278969
11	28	0.37978713829410504
11	29	0.36082877119600165
11	30	0.34849353301978053
11	31	0.335540796020958
11	32	0.3157553697065163
11	33	0.2964816856827809
11	34	0.2890067960338607
11	35	0.2878364464052859
11	36	0.26807674583543517
11	37	0.24119920605833717
11	38	0.24188171402523798
11	39	0.1768728776876103
11	40	0.0
11	41	0.0
11	42	0.0
11	43	0.0
11	44	0.0
11	45	0.0
11	46	0.0
11	47	0.0
11	48	0.0
11	49	0.0
11	50	0.0
11	51	0.0
11	52	0.0
11	53	0.0
11	54	0.0
11	55	0.0
11	56	0.0
11	57	0.0
11	58	0.0
11	59	0.0
11	60	0.0
11	61	0.0
11	62	0.0
11	63	0.0
11	64	0.0
11	65	0.0
11	66	0.0
11	67	0.0
11	68	0.0
11	69	0.0
11	70	0.0
11	71	0.0
11	72	0.0
11	73	0.0
11	74	0.0
11	75	0.0
11	76	0.0
11	77	0.0
11	78	0.0
11	79	0.0
12	0	0.4772169348132568
12	1	0.48898098593852596
12	2	0.5232129795624468
12	3	0.5770573669994377
12	4	0.6449626295083509
12	5	0.7178357314747953
12	6	0.7856000313841892
12	7	0.8423519956927267
12	8	0.8886240779878991
12	9	0.9281263731241658
12	10	0.9626952486855488
12	11	0.9892191342631511
12	12	1.0
12	13	0.9874071488106146
12	14	0.950568424966223
12	15	0.8971920971895248
12	16	0.837939768770342
12	17	0.7797504002438023
12	18	0.7235747934641001
12	19	0.6665959248207988
12	20	0.6073270711344204
12	21	0.5497815457602544
12	22	0.5017172979109721
12	23	0.4688744063232536
12	24	0.45135842241746116
12	25	0.4433289234115333
12	26	0.43582543668344426
12	27	0.42358394474153604
12	28	0.40904326029290455
12	29	0.3966980686759884
12	30	0.3850881247332487
12	31	0.36521648001849677
12	32	0.33240230027381307
12	33	0.29982497364451516
12	34	0.28455520994730904
12	35	0.28528094195637477
12	36	0.277370791948269
12	37	0.26309705704674147
12	38	0.2656919553548612
12	39	0.17516864161238666
12	40	0.0
12	41	0.0
12	42	0.0
12	43	0.0
12	44	0.0
12	45	0.0
12	46	0.0
12	47	0.0
12	48	0.0
12	49	0.0
12	50	0.0
12	51	0.0
12	52	0.0
12	53	0.0
12	54	0.0
12	55	0.0
12	56	0.0
12	57	0.0
12	58	0.0
12	59	0.0
12	60	0.0
12	61	0.0
12	62	0.0
12	63	0.0
12	64	0.0
12	65	0.0
12	66	0.0
12	67	0.0
12	68	0.0
12	69	0.0
12	70	0.0
12	71	0.0
12	72	0.0
12	73	0.0
12	74	0.0
12	75	0.0
12	76	0.0
12	77	0.0
12	78	0.0
12	79	0.0
13	0	0.46180836283822163
13	1	0.4710216825978523
13	2	0.4992654169441392
13	3	0.543968947703636
13	4	0.6004991942314901
13	5	0.6616034257225093
13	6	0.7196946077595666
13	7	0.7710850828077392
13	8	0.817526111577314
13	9	0.8631002867845975
13	10	0.9096893591480116
13	11	0.953999319240468
13	12	0.9874071488106146
13	13	0.9999999999999996
13	14	0.9875175124027408
13	15	0.9544623203880733
13	16	0.9094810566084415
13	17	0.8585164776507774
13	18	0.8019291694132116
13	19	0.736775659666131
13	20	0.6628392112975644
13	21	0.5873558479353974
13	22	0.5221332906356743
13	23	0.4761260192857771
13	24	0.4513680801166681
13	25	0.44290886427443843
13	26	0.44126893229996184
13	27	0.43866771818159556
13	28	0.4339539865400865
13	29	0.42853513985058056
13	30	0.41845595867291047
13	31	0.3928260943605478
13	32	0.3481609119306528
13	33	0.30302662291402505
13	34	0.2800192483014139
13	35	0.28193272763518523
13	36	0.2847334649158176
13	37	0.2822550035869962
13	38	0.2867898473918998
13	39	0.17288391587266844
13	40	0.0
13	41	0.0
13	42	0.0
13	43	0.0
13	44	0.0
13	45	0.0
13	46	0.0
13	47	0.0
13	48	0.0
13	49	0.0
13	50	0.0
13	51	0.0
13	52	0.0
13	53	0.0
13	54	0.0
13	55	0.0
13	56	0.0
13	57	0.0
13	58	0.0
13	59	0.0
13	60	0.0
13	61	0.0
13	62	0.0
13	63	0.0
13	64	0.0
13	65	0.0
13	66	0.0
13	67	0.0
13	68	0.0
13	69	0.0
13	70	0.0
13	71	0.0
13	72	0.0
13	73	0.0
13	74	0.0
13	75	0.0
13	76	0.0
13	77	0.0
13	78	0.0
13	79	0.0
14	0	0.45100540195984756
14	1	0.4573658701308352
14	2	0.47874185874480196
14	3	0.5128099022172067
14	4	0.5558164440726453
14	5	0.6023905091884662
14	6	0.6476054831281081
14	7	0.6902308263661058
14	8	0.7334270075275102
14	9	0.7817488435688442
14	10	0.8372136472007944
14	11	0.8965464544877045
14	12	0.950568424966223
14	13	0.9875175124027408
14	14	1.0000000000000007
14	15	0.9892498389559335
14	16	0.9616430524375711
14	17	0.9218794461182156
14	18	0.8695256774793351
14	19	0.8011988025916666
14	20	0.7173771679562938
14	21	0.6277927424192452
14	22	0.5477525875432092
14	23	0.48919811756710607
14	24	0.45607559712214174
14	25	0.44448565267684037
14	26	0.44497419114572023
14	27	0.44823772621810365
14	28	0.45052463804033477
14	29	0.4507596957066814
14	30	0.44286887633084504
14	31	0.414211223720218
14	32	0.36170740488137504
14	33	0.3075738813398522
14	34	0.2784632691443677
14	35	0.28024416095322124
14	36	0.28965622832769633
14	37	0.2950780736342666
14	38	0.30117108677007454
14	39	0.17148521669877728
14	40	0.0
14	41	0.0
14	42	0.0
14	43	0.0
14	44	0.0
14	45	0.0
14	46	0.0
14	47	0.0
14	48	0.0
14	49	0.0
14	50	0.0
14	51	0.0
14	52	0.0
14	53	0.0
14	54	0.0
14	55	0.0
14	56	0.0
14	57	0.0
14	58	0.0
14	59	0.0
14	60	0.0
14	61	0.0
14	62	0.0
14	63	0.0
14	64	0.0
14	65	0.0
14	66	0.0
14	67	0.0
14	68	0.0
14	69	0.0
14	70	0.0
14	71	0.0
14	72	0.0
14	73	0.0
14	74	0.0
14	75	0.0
14	76	0.0
14	77	0.0
14	78	0.0
14	79	0.0
15	0	0.44270438678605906
15	1	0.44635739694091653
15	2	0.4611610556313059
15	3	0.48498204088472235
15	4	0.5147967019329049
15	5	0.5468738191401362
15	6	0.5786726312887054
15	7	0.6112103196746012
15	8	0.6489593147802006
15	9	0.6969369712810759
15	10	0.7573642935068784
15	11	0.8272019629069326
15	12	0.8971920971895248
15	13	0.9544623203880733
15	14	0.9892498389559335
15	15	0.9999999999999998
15	16	0.9909570275152895
15	17	0.9655466703190326
15	18	0.922427017258865
15	19	0.8574088210370325
15	20	0.7707956488248167
15	21	0.6735498297100123
15	22	0.5833480760651599
15	23	0.5144632310152369
15	24	0.47245571398300745
15	25	0.4544573313200282
15	26	0.4516361236296393
15	27	0.45463980758805506
15	28	0.4588482150682898
15	29	0.4619315029388861
15	30	0.45649116926204625
15	31	0.42848353533700817
15	32	0.37409856985030815
15	33	0.3165459918921911
15	34	0.28419732338109605
15	35	0.28416522505902503
15	36	0.29378428461897793
15	37	0.30069046726213605
15	38	0.3076173162929355
15	39	0.17336725939499031
15	40	0.0
15	41	0.0
15	42	0.0
15	43	0.0
15	44	0.0
15	45	0.0
15	46	0.0
15	47	0.0
15	48	0.0
15	49	0.0
15	50	0.0
15	51	0.0
15	52	0.0
15	53	0.0
15	54	0.0
15	55	0.0
15	56	0.0
15	57	0.0
15	58	0.0
15	59	0.0
15	60	0.0
15	61	0.0
15	62	0.0
15	63	0.0
15	64	0.0
15	65	0.0
15	66	0.0
15	67	0.0
15	68	0.0
15	69	0.0
15	70	0.0
15	71	0.0
15	72	0.0
15	73	0.0
15	74	0.0
15	75	0.0
15	76	0.0
15	77	0.0
15	78	0.0
15	79	0.0
16	0	0.43595270015511073
16	1	0.4374019062695524
16	2	0.4469055268481328
16	3	0.4624484362687271
16	4	0.4815050302720895
16	5	0.5015247737675629
16	6	0.521732800689298
16	7	0.5448359132497931
16	8	0.5763040535179731
16	9	0.6215305137147494
16	10	0.6829888498399614
16	11	0.758074084715127
16	12	0.837939768770342
16	13	0.9094810566084415
16	14	0.9616430524375711
16	15	0.9909570275152895
16	16	1.0000000000000002
16	17	0.9910874594003125
16	18	0.9619390080768054
16	19	0.9071736203768079
16	20	0.8258933160419363
16	21	0.728738109180406
16	22	0.6343137458768222
16	23	0.558326644538753
16	24	0.5074634505874597
16	25	0.4796912266549729
16	26	0.4673195918084166
16	27	0.4626161308713945
16	28	0.46225166387649796
16	29	0.4642699731824625
16	30	0.460991088026198
16	31	0.43741401509348576
16	32	0.3877239772453084
16	33	0.33311877916590027
16	34	0.3010036414674988
16	35	0.2974665363632426
16	36	0.29985416556516187
16	37	0.300550594679098
16	38	0.3073764675575932
16	39	0.18079525302830446
16	40	0.0
16	41	0.0
16	42	0.0
16	43	0.0
16	44	0.0
16	45	0.0
16	46	0.0
16	47	0.0
16	48	0.0
16	49	0.0
16	50	0.0
16	51	0.0
16	52	0.0
16	53	0.0
16	54	0.0
16	55	0.0
16	56	0.0
16	57	0.0
16	58	0.0
16	59	0.0
16	60	0.0
16	61	0.0
16	62	0.0
16	63	0.0
16	64	0.0
16	65	0.0
16	66	0.0
16	67	0.0
16	68	0.0
16	69	0.0
16	70	0.0
16	71	0.0
16	72	0.0
16	73	0.0
16	74	0.0
16	75	0.0
16	76	0.0
16	77	0.0
16	78	0.0
16	79	0.0
17	0	0.4291125112542362
17	1	0.42906518736754373
17	2	0.43511411600807126
17	3	0.44528952270843375
17	4	0.4572981854571379
17	5	0.46920015169758006
17	6	0.4811731724551235
17	7	0.4968474271337863
17	8	0.5222362747768492
17	9	0.5629647413142992
17	10	0.6217857127467786
17	11	0.6967018559222136
17	12	0.7797504002438023
17	13	0.8585164776507774
17	14	0.9218794461182156
17	15	0.9655466703190326
17	16	0.9910874594003125
17	17	0.9999999999999987
17	18	0.9891091841072119
17	19	0.9514882473327664
17	20	0.8839858199350016
17	21	0.7952731256183591
17	22	0.7033147112212126
17	23	0.6242325294125103
17	24	0.5652384319651486
17	25	0.5247991512057429
17	26	0.49673918819062796
17	27	0.4765783975182695
17	28	0.46456870227785246
17	29	0.4609330043315213
17	30	0.45886344732309164
17	31	0.44291092235533147
17	32	0.4040740510410526
17	33	0.35863379623408986
17	34	0.3303658142740641
17	35	0.32196202243422434
17	36	0.3098899507918257
17	37	0.29664547317025014
17	38	0.3023128575702402
17	39	0.19478978395131308
17	40	0.0
17	41	0.0
17	42	0.0
17	43	0.0
17	44	0.0
17	45	0.0
17	46	0.0
17	47	0.0
17	48	0.0
17	49	0.0
17	50	0.0
17	51	0.0
17	52	0.0
17	53	0.0
17	54	0.0
17	55	0.0
17	56	0.0
17	57	0.0
17	58	0.0
17	59	0.0
17	60	0.0
17	61	0.0
17	62	0.0
17	63	0.0
17	64	0.0
17	65	0.0
17	66	0.0
17	67	0.0
17	68	0.0
17	69	0.0
17	70	0.0
17	71	0.0
17	72	0.0
17	73	0.0
17	74	0.0
17	75	0.0
17	76	0.0
17	77	0.0
17	78	0.0
17	79	0.0
18	0	0.4188042863221943
18	1	0.4180522247466035
18	2	0.42271930389277435
18	3	0.43082375085941166
18	4	0.4400489341579592
18	5	0.44847319567747584
18	6	0.45634108047628236
18	7	0.4673342441087874
18	8	0.48745999575029736
18	9	0.5223698128299649
18	10	0.5750860950301082
18	11	0.6443633833451632
18	12	0.7235747934641001
18	13	0.8019291694132116
18	14	0.8695256774793351
18	15	0.922427017258865
18	16	0.9619390080768054
18	17	0.9891091841072119
18	18	0.9999999999999991
18	19	0.9859094598714798
18	20	0.940510575064199
18	21	0.8689162105298561
18	22	0.786833001477241
18	23	0.7096886258310212
18	24	0.6445326706978391
18	25	0.5898823937388712
18	26	0.5412420381224526
18	27	0.4987498854136941
18	28	0.46835678671674674
18	29	0.45423159085771914
18	30	0.4516039505799231
18	31	0.44519408324236787
18	32	0.4220151824892842
18	33	0.3910294852049826
18	34	0.3700203058960439
18	35	0.35613578965904563
18	36	0.3239437591654189
18	37	0.29032957295227285
18	38	0.2937124819503456
18	39	0.2142869891537572
18	40	0.0
18	41	0.0
18	42	0.0
18	43	0.0
18	44	0.0
18	45	0.0
18	46	0.0
18	47	0.0
18	48	0.0
18	49	0.0
18	50	0.0
18	51	0.0
18	52	0.0
18	53	0.0
18	54	0.0
18	55	0.0
18	56	0.0
18	57	0.0
18	58	0.0
18	59	0.0
18	60	0.0
18	61	0.0
18	62	0.0
18	63	0.0
18	64	0.0
18	65	0.0
18	66	0.0
18	67	0.0
18	68	0.0
18	69	0.0
18	70	0.0
18	71	0.0
18	72	0.0
18	73	0.0
18	74	0.0
18	75	0.0
18	76	0.0
18	77	0.0
18	78	0.0
18	79	0.0
19	0	0.4007155357299794
19	1	0.4000359371621591
19	2	0.40531606279950316
19	3	0.4145346959002139
19	4	0.42514750961925285
19	5	0.43472342125738117
19	6	0.44273619795161956
19	7	0.452048641276316
19	8	0.468069606000811
19	9	0.4962125318174336
19	10	0.5397026690582152
19	11	0.5981331197705858
19	12	0.6665959248207988
19	13	0.736775659666131
19	14	0.8011988025916666
19	15	0.8574088210370325
19	16	0.9071736203768079
19	17	0.9514882473327664
19	18	0.9859094598714798
19	19	0.9999999999999987
19	20	0.9837192906593385
19	21	0.937360031587086
19	22	0.8728754649526851
19	23	0.803859411199059
19	24	0.7364634482247474
19	25	0.668718802820773
19	26	0.5976483992719698
19	27	0.5287285603016
19	28	0.47506749259003794
19	29	0.44616383327557196
19	30	0.4402911521645166
19	31	0.4430878502454191
19	32	0.43756924165130523
19	33	0.42412328584704095
19	34	0.41296562335573206
19	35	0.39428164711653785
19	36	0.33982409027452987
19	37	0.28266784073253826
19	38	0.2827101976524515
19	39	0.2356578474575512
19	40	0.0
19	41	0.0
19	42	0.0
19	43	0.0
19	44	0.0
19	45	0.0
19	46	0.0
19	47	0.0
19	48	0.0
19	49	0.0
19	50	0.0
19	51	0.0
19	52	0.0
19	53	0.0
19	54	0.0
19	55	0.0
19	56	0.0
19	57	0.0
19	58	0.0
19	59	0.0
19	60	0.0
19	61	0.0
19	62	0.0
19	63	0.0
19	64	0.0
19	65	0.0
19	66	0.0
19	67	0.0
19	68	0.0
19	69	0.0
19	70	0.0
19	71	0.0
19	72	0.0
19	73	0.0
19	74	0.0
19	75	0.0
19	76	0.0
19	77	0.0
19	78	0.0
19	79	0.0
20	0	0.37274126567748683
20	1	0.3727577226639438
20	2	0.3801883004561249
20	3	0.39297919978312074
20	4	0.4082460270115615
20	5	0.4226922422825081
20	6	0.43440415310421654
20	7	0.4447390521824025
20	8	0.45799700479640193
20	9	0.47908124398542856
20	10	0.5112942744364947
20	11	0.5550449082680009
20	12	0.6073270711344204
20	13	0.6628392112975644
20	14	0.7173771679562938
20	15	0.7707956488248167
20	16	0.8258933160419363
20	17	0.8839858199350016
20	18	0.940510575064199
20	19	0.9837192906593385
20	20	1.0000000000000002
20	21	0.984322076430106
20	22	0.943896643353313
20	23	0.8895479805252925
20	24	0.8258774205156587
20	25	0.7498697384600862
20	26	0.6594443183279562
20	27	0.5650164783193482
20	28	0.4870272801728006
20	29	0.44083565847509865
20	30	0.4283110280927046
20	31	0.4367621161267984
20	32	0.44632289512911855
20	33	0.4495236117560615
20	34	0.44897030440646457
20	35	0.4278368800843784
20	36	0.3544652322954477
20	37	0.27596235560567395
20	38	0.2719672418306833
20	39	0.25360714261097267
20	40	0.0
20	41	0.0
20	42	0.0
20	43	0.0
20	44	0.0
20	45	0.0
20	46	0.0
20	47	0.0
20	48	0.0
20	49	0.0
20	50	0.0
20	51	0.0
20	52	0.0
20	53	0.0
20	54	0.0
20	55	0.0
20	56	0.0
20	57	0.0
20	58	0.0
20	59	0.0
20	60	0.0
20	61	0.0
20	62	0.0
20	63	0.0
20	64	0.0
20	65	0.0
20	66	0.0
20	67	0.0
20	68	0.0
20	69	0.0
20	70	0.0
20	71	0.0
20	72	0.0
20	73	0.0
20	74	0.0
20	75	0.0
20	76	0.0
20	77	0.0
20	78	0.0
20	79	0.0
21	0	0.3381659735598066
21	1	0.3391954261074558
21	2	0.3495046968968397
21	3	0.3670345051631506
21	4	0.38855468447930686
21	5	0.4097992735064756
21	6	0.4272328905905106
21	7	0.44040536575182554
21	8	0.45224790475678533
21	9	0.46697321230546174
21	10	0.4878131038576422
21	11	0.515831469857531
21	12	0.5497815457602544
21	13	0.5873558479353974
21	14	0.6277927424192452
21	15	0.6735498297100123
21	16	0.728738109180406
21	17	0.7952731256183591
21	18	0.8689162105298561
21	19	0.937360031587086
21	20	0.984322076430106
21	21	1.0000000000000004
21	22	0.9867861582113203
21	23	0.9523313352163486
21	24	0.8993095092283929
21	25	0.8231666857192372
21	26	0.721619554476622
21	27	0.6083319368116826
21	28	0.5096953185653164
21	29	0.4463489983214752
21	30	0.4236130452627175
21	31	0.43094740683646304
21	32	0.4477589711988873
21	33	0.46176251071267743
21	34	0.46993001865692574
21	35	0.4500298533514023
21	36	0.3667417832999515
21	37	0.2748601046311367
21	38	0.2667741061306228
21	39	0.2640686577587238
21	40	0.0
21	41	0.0
21	42	0.0
21	43	0.0
21	44	0.0
21	45	0.0
21	46	0.0
21	47	0.0
21	48	0.0
21	49	0.0
21	50	0.0
21	51	0.0
21	52	0.0
21	53	0.0
21	54	0.0
21	55	0.0
21	56	0.0
21	57	0.0
21	58	0.0
21	59	0.0
21	60	0.0
21	61	0.0
21	62	0.0
21	63	0.0
21	64	0.0
21	65	0.0
21	66	0.0
21	67	0.0
21	68	0.0
21	69	0.0
21	70	0.0
21	71	0.0
21	72	0.0
21	73	0.0
21	74	0.0
21	75	0.0
21	76	0.0
21	77	0.0
21	78	0.0
21	79	0.0
22	0	0.30447578806839265
22	1	0.30647238755654
22	2	0.31950811647917476
22	3	0.3415428284189466
22	4	0.36907580423301445
22	5	0.39700654425225274
22	6	0.420346992544327
22	7	0.436982484463215
22	8	0.4485430498845679
22	9	0.45853073657459803
22	10	0.46998667818462253
22	11	0.4843641480095465
22	12	0.5017172979109721
22	13	0.5221332906356743
22	14	0.5477525875432092
22	15	0.5833480760651599
22	16	0.6343137458768222
22	17	0.7033147112212126
22	18	0.786833001477241
22	19	0.8728754649526851
22	20	0.943896643353313
22	21	0.9867861582113203
22	22	1.0000000000000004
22	23	0.9882776194788048
22	24	0.9523552620186638
22	25	0.8857695702030333
22	26	0.7846128164490058
22	27	0.6631626096474647
22	28	0.5512077481915336
22	29	0.47320389261523177
22	30	0.4371184568321394
22	31	0.4345655228079931
22	32	0.4468708422699794
22	33	0.46174861533740935
22	34	0.4742493247513097
22	35	0.45959518994294396
22	36	0.3787260231997266
22	37	0.2851399596737914
22	38	0.2736098143910033
22	39	0.2664621555312762
22	40	0.0
22	41	0.0
22	42	0.0
22	43	0.0
22	44	0.0
22	45	0.0
22	46	0.0
22	47	0.0
22	48	0.0
22	49	0.0
22	50	0.0
22	51	0.0
22	52	0.0
22	53	0.0
22	54	0.0
22	55	0.0
22	56	0.0
22	57	0.0
22	58	0.0
22	59	0.0
22	60	0.0
22	61	0.0
22	62	0.0
22	63	0.0
22	64	0.0
22	65	0.0
22	66	0.0
22	67	0.0
22	68	0.0
22	69	0.0
22	70	0.0
22	71	0.0
22	72	0.0
22	73	0.0
22	74	0.0
22	75	0.0
22	76	0.0
22	77	0.0
22	78	0.0
22	79	0.0
23	0	0.27863062098238556
23	1	0.2812458208834641
23	2	0.2961555299240701
23	3	0.32135156533537074
23	4	0.3531846782461922
23	5	0.38602195312449716
23	6	0.41389338622673033
23	7	0.43351092135904623
23	8	0.445540100881196
23	9	0.45289624346090374
23	10	0.4583555337099525
23	11	0.46344782349009156
23	12	0.4688744063232536
23	13	0.4761260192857771
23	14	0.48919811756710607
23	15	0.5144632310152369
23	16	0.558326644538753
23	17	0.6242325294125103
23	18	0.7096886258310212
23	19	0.803859411199059
23	20	0.8895479805252925
23	21	0.9523313352163486
23	22	0.9882776194788048
23	23	0.9999999999999993
23	24	0.986594075255143
23	25	0.9394460434751828
23	26	0.8514874743144784
23	27	0.7345363090106137
23	28	0.6186451392727417
23	29	0.530145151192737
23	30	0.4784125434570439
23	31	0.4567334846254114
23	32	0.45094794927594156
23	33	0.45443457938604687
23	34	0.4650564499184134
23	35	0.45896276155269994
23	36	0.393386019671694
23	37	0.3108764506919569
23	38	0.2971751078873117
23	39	0.2626220596027134
23	40	0.0
23	41	0.0
23	42	0.0
23	43	0.0
23	44	0.0
23	45	0.0
23	46	0.0
23	47	0.0
23	48	0.0
23	49	0.0
23	50	0.0
23	51	0.0
23	52	0.0
23	53	0.0
23	54	0.0
23	55	0.0
23	56	0.0
23	57	0.0
23	58	0.0
23	59	0.0
23	60	0.0
23	61	0.0
23	62	0.0
23	63	0.0
23	64	0.0
23	65	0.0
23	66	0.0
23	67	0.0
23	68	0.0
23	69	0.0
23	70	0.0
23	71	0.0
23	72	0.0
23	73	0.0
23	74	0.0
23	75	0.0
23	76	0.0
23	77	0.0
23	78	0.0
23	79	0.0
24	0	0.2638633554554445
24	1	0.266530647316264
24	2	0.2819295031615964
24	3	0.30809480644809656
24	4	0.3413900789741048
24	5	0.376074723974052
24	6	0.4058780577114046
24	7	0.4270613851753789
24	8	0.43983009860362476
24	9	0.44671902016752324
24	10	0.4501931576335237
24	11	0.45153531989767137
24	12	0.45135842241746116
24	13	0.4513680801166681
24	14	0.45607559712214174
24	15	0.47245571398300745
24	16	0.5074634505874597
24	17	0.5652384319651486
24	18	0.6445326706978391
24	19	0.7364634482247474
24	20	0.8258774205156587
24	21	0.8993095092283929
24	22	0.9523552620186638
24	23	0.986594075255143
24	24	0.9999999999999998
24	25	0.9817559245542342
24	26	0.9202170142882129
24	27	0.8215855207061649
24	28	0.7127617693070668
24	29	0.6197112223781264
24	30	0.5516982910731929
24	31	0.5027865584634054
24	32	0.4655020160396869
24	33	0.4445935906501045
24	34	0.44582558127071076
24	35	0.4499522273103026
24	36	0.4109635223682654
24	37	0.35165644939555046
24	38	0.33775087297465467
24	39	0.25435995921980187
24	40	0.0
24	41	0.0
24	42	0.0
24	43	0.0
24	44	0.0
24	45	0.0
24	46	0.0
24	47	0.0
24	48	0.0
24	49	0.0
24	50	0.0
24	51	0.0
24	52	0.0
24	53	0.0
24	54	0.0
24	55	0.0
24	56	0.0
24	57	0.0
24	58	0.0
24	59	0.0
24	60	0.0
24	61	0.0
24	62	0.0
24	63	0.0
24	64	0.0
24	65	0.0
24	66	0.0
24	67	0.0
24	68	0.0
24	69	0.0
24	70	0.0
24	71	0.0
24	72	0.0
24	73	0.0
24	74	0.0
24	75	0.0
24	76	0.0
24	77	0.0
24	78	0.0
24	79	0.0
25	0	0.2591342157166291
25	1	0.26115461225158626
25	2	0.2752491128190849
25	3	0.2995218732279799
25	4	0.3305559581726996
25	5	0.36302892636386297
25	6	0.391198145949255
25	7	0.41173447779509953
25	8	0.4249635585617442
25	9	0.43326721282833425
25	10	0.43876135605005384
25	11	0.44217932144694133
25	12	0.4433289234115333
25	13	0.44290886427443843
25	14	0.44448565267684037
25	15	0.4544573313200282
25	16	0.4796912266549729
25	17	0.5247991512057429
25	18	0.5898823937388712
25	19	0.668718802820773
25	20	0.7498697384600862
25	21	0.8231666857192372
25	22	0.8857695702030333
25	23	0.9394460434751828
25	24	0.9817559245542342
25	25	1.0000000000000002
25	26	0.9771028276514268
25	27	0.9109153988186002
25	28	0.8217472448994081
25	29	0.7327105003469937
25	30	0.6512557196401688
25	31	0.5709635386360051
25	32	0.49220201969093497
25	33	0.43563134682152493
25	34	0.4194317221412416
25	35	0.43237762252988465
25	36	0.4267556225620897
25	37	0.3997820393630245
25	38	0.3884911583179751
25	39	0.24279599041018757
25	40	0.0
25	41	0.0
25	42	0.0
25	43	0.0
25	44	0.0
25	45	0.0
25	46	0.0
25	47	0.0
25	48	0.0
25	49	0.0
25	50	0.0
25	51	0.0
25	52	0.0
25	53	0.0
25	54	0.0
25	55	0.0
25	56	0.0
25	57	0.0
25	58	0.0
25	59	0.0
25	60	0.0
25	61	0.0
25	62	0.0
25	63	0.0
25	64	0.0
25	65	0.0
25	66	0.0
25	67	0.0
25	68	0.0
25	69	0.0
25	70	0.0
25	71	0.0
25	72	0.0
25	73	0.0
25	74	0.0
25	75	0.0
25	76	0.0
25	77	0.0
25	78	0.0
25	79	0.0
26	0	0.2602178441154251
26	1	0.2609351269918235
26	2	0.27191122210573965
26	3	0.2913624949600455
26	4	0.316308190653995
26	5	0.3423671528763169
26	6	0.3651282225666108
26	7	0.3824823691456582
26	8	0.3953997057917202
26	9	0.40630309423784977
26	10	0.41693950989315415
26	11	0.4272878145221411
26	12	0.43582543668344426
26	13	0.44126893229996184
26	14	0.44497419114572023
26	15	0.4516361236296393
26	16	0.4673195918084166
26	17	0.49673918819062796
26	18	0.5412420381224526
26	19	0.5976483992719698
26	20	0.6594443183279562
26	21	0.721619554476622
26	22	0.7846128164490058
26	23	0.8514874743144784
26	24	0.9202170142882129
26	25	0.9771028276514268
26	26	0.9999999999999991
26	27	0.9771339969451539
26	28	0.9196371100237742
26	29	0.8454877205966443
26	30	0.7587631908903242
26	31	0.6510445935025152
26	32	0.5296569051368573
26	33	0.4324440685814447
26	34	0.3922737023164509
26	35	0.40798527348872604
26	36	0.4331045463033771
26	37	0.4400429592760943
26	38	0.43475661127608406
26	39	0.23039384003725719
26	40	0.0
26	41	0.0
26	42	0.0
26	43	0.0
26	44	0.0
26	45	0.0
26	46	0.0
26	47	0.0
26	48	0.0
26	49	0.0
26	50	0.0
26	51	0.0
26	52	0.0
26	53	0.0
26	54	0.0
26	55	0.0
26	56	0.0
26	57	0.0
26	58	0.0
26	59	0.0
26	60	0.0
26	61	0.0
26	62	0.0
26	63	0.0
26	64	0.0
26	65	0.0
26	66	0.0
26	67	0.0
26	68	0.0
26	69	0.0
26	70	0.0
26	71	0.0
26	72	0.0
26	73	0.0
26	74	0.0
26	75	0.0
26	76	0.0
26	77	0.0
26	78	0.0
26	79	0.0
27	0	0.26291397314717596
27	1	0.2619797371535199
27	2	0.2687667137989341
27	3	0.2816340716589007
27	4	0.29816058815080576
27	5	0.3152001694503386
27	6	0.33012316223361116
27	7	0.34249208536190767
27	8	0.35421288743413476
27	9	0.3678694800797027
27	10	0.38487502877891105
27	11	0.4044416298278969
27	12	0.42358394474153604
27	13	0.43866771818159556
27	14	0.44823772621810365
27	15	0.45463980758805506
27	16	0.4626161308713945
27	17	0.4765783975182695
27	18	0.4987498854136941
27	19	0.5287285603016
27	20	0.5650164783193482
27	21	0.6083319368116826
27	22	0.6631626096474647
27	23	0.7345363090106137
27	24	0.8215855207061649
27	25	0.9109153988186002
27	26	0.9771339969451539
27	27	0.9999999999999991
27	28	0.9810432243346475
27	29	0.9320055626184419
27	30	0.8527523654571069
27	31	0.7313376589884925
27	32	0.5784725746342059
27	33	0.44562545980560203
27	34	0.3789743902106282
27	35	0.3867876057915378
27	36	0.4273054987975465
27	37	0.45807094910657176
27	38	0.4616689921425311
27	39	0.22361247972276854
27	40	0.0
27	41	0.0
27	42	0.0
27	43	0.0
27	44	0.0
27	45	0.0
27	46	0.0
27	47	0.0
27	48	0.0
27	49	0.0
27	50	0.0
27	51	0.0
27	52	0.0
27	53	0.0
27	54	0.0
27	55	0.0
27	56	0.0
27	57	0.0
27	58	0.0
27	59	0.0
27	60	0.0
27	61	0.0
27	62	0.0
27	63	0.0
27	64	0.0
27	65	0.0
27	66	0.0
27	67	0.0
27	68	0.0
27	69	0.0
27	70	0.0
27	71	0.0
27	72	0.0
27	73	0.0
27	74	0.0
27	75	0.0
27	76	0.0
27	77	0.0
27	78	0.0
27	79	0.0
28	0	0.2659678884230357
28	1	0.26346854298005573
28	2	0.26624171731901075
28	3	0.27277449532959236
28	4	0.2811557380627113
28	5	0.2893844606488753
28	6	0.2965027515177872
28	7	0.30366095066676196
28	8	0.31367779713243377
28	9	0.32933973189720595
28	10	0.3518317364378971
28	11	0.37978713829410504
28	12	0.40904326029290455
28	13	0.4339539865400865
28	14	0.45052463804033477
28	15	0.4588482150682898
28	16	0.46225166387649796
28	17	0.46456870227785246
28	18	0.46835678671674674
28	19	0.47506749259003794
28	20	0.4870272801728006
28	21	0.5096953185653164
28	22	0.5512077481915336
28	23	0.6186451392727417
28	24	0.7127617693070668
28	25	0.8217472448994081
28	26	0.9196371100237742
28	27	0.9810432243346475
28	28	1.0
28	29	0.9826530060890496
28	30	0.9248260814980879
28	31	0.8096915046653269
28	32	0.6457296752257006
28	33	0.49061664527115695
28	34	0.3993811719354883
28	35	0.38630678067938395
28	36	0.41680369384443455
28	37	0.45077078171250956
28	38	0.4644637411981267
28	39	0.23150707205297139
28	40	0.0
28	41	0.0
28	42	0.0
28	43	0.0
28	44	0.0
28	45	0.0
28	46	0.0
28	47	0.0
28	48	0.0
28	49	0.0
28	50	0.0
28	51	0.0
28	52	0.0
28	53	0.0
28	54	0.0
28	55	0.0
28	56	0.0
28	57	0.0
28	58	0.0
28	59	0.0
28	60	0.0
28	61	0.0
28	62	0.0
28	63	0.0
28	64	0.0
28	65	0.0
28	66	0.0
28	67	0.0
28	68	0.0
28	69	0.0
28	70	0.0
28	71	0.0
28	72	0.0
28	73	0.0
28	74	0.0
28	75	0.0
28	76	0.0
28	77	0.0
28	78	0.0
28	79	0.0
29	0	0.2692879515531178
29	1	0.26565409967216974
29	2	0.26565202282016315
29	3	0.26783922502034074
29	4	0.2706171122398909
29	5	0.2727149028171624
29	6	0.27426494602925733
29	7	0.2774736482933306
29	8	0.285788587132347
29	9	0.3021723253222399
29	10	0.3277294235437151
