Component1	Component2	Correlation
0	0	1.0000000000000007
0	1	0.9997679102910988
0	2	0.997098387285902
0	3	0.9864393846695865
0	4	0.9597634392601682
0	5	0.910181825797834
0	6	0.8377517560079593
0	7	0.7520297234588342
0	8	0.6671633411246936
0	9	0.5944908197328103
0	10	0.5392650072439883
0	11	0.501372451658576
0	12	0.4772169348132568
0	13	0.46180836283822163
0	14	0.45100540195984756
0	15	0.44270438678605906
0	16	0.43595270015511073
0	17	0.4291125112542362
0	18	0.4188042863221943
0	19	0.4007155357299794
0	20	0.37274126567748683
0	21	0.3381659735598066
0	22	0.30447578806839265
0	23	0.27863062098238556
0	24	0.2638633554554445
0	25	0.2591342157166291
0	26	0.2602178441154251
0	27	0.26291397314717596
0	28	0.2659678884230357
0	29	0.2692879515531178
0	30	0.26946682324912885
0	31	0.25851716709604544
0	32	0.23316447116494218
0	33	0.20548602636789232
0	34	0.19143803528072256
0	35	0.19406355323701563
0	36	0.19778564770589963
0	37	0.19852946035940636
0	38	0.2048428005554823
0	39	0.126037573575964
0	40	0.20000000000000012
0	41	0.19995358205821978
0	42	0.19941967745718045
0	43	0.19728787693391722
0	44	0.19195268785203365
0	45	0.1820363651595668
0	46	0.1675503512015918
0	47	0.15040594469176685
0	48	0.13343266822493877
0	49	0.11889816394656202
0	50	0.10785300144879768
0	51	0.10027449033171519
0	52	0.09544338696265132
0	53	0.09236167256764431
0	54	0.0902010803919695
0	55	0.08854087735721182
0	56	0.08719054003102215
0	57	0.08582250225084724
0	58	0.08376085726443887
0	59	0.08014310714599591
0	60	0.07454825313549736
0	61	0.06763319471196133
0	62	0.06089515761367853
0	63	0.05572612419647712
0	64	0.0527726710910889
0	65	0.05182684314332583
0	66	0.052043568823085015
0	67	0.05258279462943517
0	68	0.05319357768460716
0	69	0.053857590310623565
0	70	0.05389336464982578
0	71	0.0517034334192091
0	72	0.04663289423298842
0	73	0.04109720527357846
0	74	0.038287607056144514
0	75	0.03881271064740314
0	76	0.039557129541179945
0	77	0.03970589207188128
0	78	0.04096856011109646
0	79	0.025207514715192808
1	0	0.9997679102910988
1	1	1.0000000000000004
1	2	0.9984806852419288
1	3	0.9896370670105072
1	4	0.965338508783918
1	5	0.9184386577921719
1	6	0.848597782025792
1	7	0.7649825024000049
1	8	0.6815056815220375
1	9	0.6094268260119708
1	10	0.5539784101155822
1	11	0.5150238100989756
1	12	0.48898098593852596
1	13	0.4710216825978523
1	14	0.4573658701308352
1	15	0.44635739694091653
1	16	0.4374019062695524
1	17	0.42906518736754373
1	18	0.4180522247466035
1	19	0.4000359371621591
1	20	0.3727577226639438
1	21	0.3391954261074558
1	22	0.30647238755654
1	23	0.2812458208834641
1	24	0.266530647316264
1	25	0.26115461225158626
1	26	0.2609351269918235
1	27	0.2619797371535199
1	28	0.26346854298005573
1	29	0.26565409967216974
1	30	0.26538291494720784
1	31	0.2548614942177983
1	32	0.23066975835845088
1	33	0.204235214965924
1	34	0.19081427188531097
1	35	0.1929590215290897
1	36	0.19517268794918327
1	37	0.19439018854854206
1	38	0.20021975321167113
1	39	0.12467319170240591
1	40	0.19995358205821978
1	41	0.20000000000000018
1	42	0.1996961370483858
1	43	0.19792741340210146
1	44	0.19306770175678362
1	45	0.18368773155843443
1	46	0.16971955640515846
1	47	0.15299650048000094
1	48	0.13630113630440752
1	49	0.12188536520239421
1	50	0.11079568202311645
1	51	0.10300476201979518
1	52	0.0977961971877052
1	53	0.09420433651957048
1	54	0.09147317402616707
1	55	0.08927147938818333
1	56	0.08748038125391049
1	57	0.08581303747350873
1	58	0.0836104449493207
1	59	0.08000718743243185
1	60	0.07455154453278877
1	61	0.06783908522149114
1	62	0.061294477511308
1	63	0.05624916417669284
1	64	0.053306129463252805
1	65	0.05223092245031727
1	66	0.05218702539836469
1	67	0.05239594743070399
1	68	0.05269370859601117
1	69	0.05313081993443392
1	70	0.05307658298944158
1	71	0.05097229884355965
1	72	0.046133951671690175
1	73	0.040847042993184805
1	74	0.03816285437706219
1	75	0.03859180430581794
1	76	0.03903453758983668
1	77	0.03887803770970839
1	78	0.04004395064233422
1	79	0.02493463834048118
2	0	0.997098387285902
2	1	0.9984806852419288
2	2	0.9999999999999993
2	3	0.9960402277185452
2	4	0.9782224661594319
2	5	0.9387410202864094
2	6	0.8762063856511236
2	7	0.7987274641894844
2	8	0.7195622760446186
2	9	0.6497421748124023
2	10	0.5944410161117889
2	11	0.5534549400811832
2	12	0.5232129795624468
2	13	0.4992654169441392
2	14	0.47874185874480196
2	15	0.4611610556313059
2	16	0.4469055268481328
2	17	0.43511411600807126
2	18	0.42271930389277435
2	19	0.40531606279950316
2	20	0.3801883004561249
2	21	0.3495046968968397
2	22	0.31950811647917476
2	23	0.2961555299240701
2	24	0.2819295031615964
2	25	0.2752491128190849
2	26	0.27191122210573965
2	27	0.2687667137989341
2	28	0.26624171731901075
2	29	0.26565202282016315
2	30	0.26452660277698653
2	31	0.2553548312667248
2	32	0.23410423857293014
2	33	0.21071396806524617
2	34	0.1990333229056842
2	35	0.20023419052557834
2	36	0.19819055985707437
2	37	0.19283394669829396
2	38	0.19781602335584736
2	39	0.12833085835089497
2	40	0.19941967745718045
2	41	0.1996961370483858
2	42	0.19999999999999987
2	43	0.19920804554370905
2	44	0.19564449323188637
2	45	0.18774820405728188
2	46	0.17524127713022472
2	47	0.1597454928378969
2	48	0.1439124552089237
2	49	0.12994843496248046
2	50	0.11888820322235778
2	51	0.11069098801623664
2	52	0.1046425959124894
2	53	0.09985308338882781
2	54	0.09574837174896039
2	55	0.09223221112626119
2	56	0.08938110536962654
2	57	0.08702282320161424
2	58	0.08454386077855486
2	59	0.08106321255990065
2	60	0.07603766009122499
2	61	0.06990093937936794
2	62	0.06390162329583496
2	63	0.05923110598481405
2	64	0.05638590063231932
2	65	0.055049822563816984
2	66	0.054382244421147946
2	67	0.05375334275978681
2	68	0.053248343463802125
2	69	0.05313040456403265
2	70	0.052905320555397324
2	71	0.051070966253344986
2	72	0.04682084771458604
2	73	0.04214279361304923
2	74	0.03980666458113683
2	75	0.04004683810511566
2	76	0.039638111971414876
2	77	0.0385667893396588
2	78	0.03956320467116948
2	79	0.025666171670178987
3	0	0.9864393846695865
3	1	0.9896370670105072
3	2	0.9960402277185452
3	3	0.9999999999999996
3	4	0.9927961671140633
3	5	0.9656167799641627
3	6	0.9153934773821373
3	7	0.8484794678642462
3	8	0.7769929900972498
3	9	0.7115293969878292
3	10	0.6571365365216405
3	11	0.6134968815598347
3	12	0.5770573669994377
3	13	0.543968947703636
3	14	0.5128099022172067
3	15	0.48498204088472235
3	16	0.4624484362687271
3	17	0.44528952270843375
3	18	0.43082375085941166
3	19	0.4145346959002139
3	20	0.39297919978312074
3	21	0.3670345051631506
3	22	0.3415428284189466
3	23	0.32135156533537074
3	24	0.30809480644809656
3	25	0.2995218732279799
3	26	0.2913624949600455
3	27	0.2816340716589007
3	28	0.27277449532959236
3	29	0.26783922502034074
3	30	0.26545970957610177
3	31	0.25853234981487216
3	32	0.24199567017874557
3	33	0.22346243794968082
3	34	0.21463819943536697
3	35	0.21446690388010436
3	36	0.2055962226978955
3	37	0.19282669867715904
3	38	0.1966111216637718
3	39	0.13616738324832672
3	40	0.19728787693391722
3	41	0.19792741340210146
3	42	0.19920804554370905
3	43	0.1999999999999999
3	44	0.19855923342281265
3	45	0.19312335599283253
3	46	0.18307869547642744
3	47	0.16969589357284925
3	48	0.15539859801944994
3	49	0.14230587939756587
3	50	0.13142730730432814
3	51	0.12269937631196688
3	52	0.1154114733998876
3	53	0.10879378954072723
3	54	0.10256198044344135
3	55	0.09699640817694449
3	56	0.09248968725374543
3	57	0.08905790454168674
3	58	0.08616475017188235
3	59	0.08290693918004279
3	60	0.07859583995662417
3	61	0.07340690103263013
3	62	0.06830856568378932
3	63	0.06427031306707413
3	64	0.06161896128961931
3	65	0.05990437464559599
3	66	0.0582724989920091
3	67	0.05632681433178012
3	68	0.05455489906591848
3	69	0.05356784500406815
3	70	0.05309194191522037
3	71	0.05170646996297443
3	72	0.04839913403574912
3	73	0.04469248758993615
3	74	0.0429276398870734
3	75	0.04289338077602087
3	76	0.04111924453957909
3	77	0.03856533973543181
3	78	0.039322224332754355
3	79	0.02723347664966534
4	0	0.9597634392601682
4	1	0.965338508783918
4	2	0.9782224661594319
4	3	0.9927961671140633
4	4	1.0000000000000002
4	5	0.989794438898493
4	6	0.9569069196117577
4	7	0.9052605570673676
4	8	0.8452953049482264
4	9	0.7868916464710736
4	10	0.7348640428754809
4	11	0.6887302426703186
4	12	0.6449626295083509
4	13	0.6004991942314901
4	14	0.5558164440726453
4	15	0.5147967019329049
4	16	0.4815050302720895
4	17	0.4572981854571379
4	18	0.4400489341579592
4	19	0.42514750961925285
4	20	0.4082460270115615
4	21	0.38855468447930686
4	22	0.36907580423301445
4	23	0.3531846782461922
4	24	0.3413900789741048
4	25	0.3305559581726996
4	26	0.316308190653995
4	27	0.29816058815080576
4	28	0.2811557380627113
4	29	0.2706171122398909
4	30	0.2666262621730859
4	31	0.26262923012261047
4	32	0.2522458166699335
4	33	0.24007528475182244
4	34	0.23504182364317774
4	35	0.233192168450637
4	36	0.21554403442512884
4	37	0.1932039957412801
4	38	0.1955060010480739
4	39	0.1467071448879677
4	40	0.19195268785203365
4	41	0.19306770175678362
4	42	0.19564449323188637
4	43	0.19855923342281262
4	44	0.20000000000000007
4	45	0.1979588877796986
4	46	0.19138138392235157
4	47	0.18105211141347355
4	48	0.16905906098964532
4	49	0.15737832929421475
4	50	0.14697280857509623
4	51	0.1377460485340637
4	52	0.12899252590167018
4	53	0.12009983884629802
4	54	0.11116328881452908
4	55	0.10295934038658099
4	56	0.09630100605441796
4	57	0.0914596370914276
4	58	0.08800978683159184
4	59	0.0850295019238506
4	60	0.0816492054023123
4	61	0.0777109368958614
4	62	0.0738151608466029
4	63	0.07063693564923848
4	64	0.06827801579482097
4	65	0.06611119163453993
4	66	0.06326163813079899
4	67	0.05963211763016115
4	68	0.05623114761254228
4	69	0.05412342244797819
4	70	0.05332525243461715
4	71	0.0525258460245221
4	72	0.050449163333986705
4	73	0.04801505695036448
4	74	0.047008364728635565
4	75	0.0466384336901274
4	76	0.04310880688502578
4	77	0.03864079914825603
4	78	0.03910120020961478
4	79	0.029341428977593544
5	0	0.910181825797834
5	1	0.9184386577921719
5	2	0.9387410202864094
5	3	0.9656167799641627
5	4	0.989794438898493
5	5	1.0
5	6	0.9884826213456648
5	7	0.9562393986475506
5	8	0.9115422269754895
5	9	0.8632477326941742
5	10	0.8158005529446686
5	11	0.7685008325404732
5	12	0.7178357314747953
5	13	0.6616034257225093
5	14	0.6023905091884662
5	15	0.5468738191401362
5	16	0.5015247737675629
5	17	0.46920015169758006
5	18	0.44847319567747584
5	19	0.43472342125738117
5	20	0.4226922422825081
5	21	0.4097992735064756
5	22	0.39700654425225274
5	23	0.38602195312449716
5	24	0.376074723974052
5	25	0.36302892636386297
5	26	0.3423671528763169
5	27	0.3152001694503386
5	28	0.2893844606488753
5	29	0.2727149028171624
5	30	0.2668812764136437
5	31	0.2659890134481523
5	32	0.26228737653253403
5	33	0.2570957422533102
5	34	0.2562664804625687
5	35	0.25269212627660714
5	36	0.2256525389573092
5	37	0.19303458417525715
5	38	0.1937372317681439
5	39	0.15773382732586103
5	40	0.1820363651595668
5	41	0.18368773155843443
5	42	0.18774820405728188
5	43	0.19312335599283253
5	44	0.1979588877796986
5	45	0.2
5	46	0.19769652426913295
5	47	0.19124787972951016
5	48	0.1823084453950979
5	49	0.17264954653883482
5	50	0.1631601105889337
5	51	0.1537001665080946
5	52	0.14356714629495906
5	53	0.13232068514450188
5	54	0.12047810183769328
5	55	0.10937476382802724
5	56	0.10030495475351257
5	57	0.09384003033951603
5	58	0.08969463913549518
5	59	0.08694468425147625
5	60	0.08453844845650169
5	61	0.08195985470129512
5	62	0.07940130885045056
5	63	0.07720439062489948
5	64	0.07521494479481042
5	65	0.0726057852727726
5	66	0.0684734305752634
5	67	0.06304003389006772
5	68	0.05787689212977507
5	69	0.05454298056343248
5	70	0.053376255282728734
5	71	0.05319780268963047
5	72	0.05245747530650682
5	73	0.05141914845066205
5	74	0.051253296092513764
5	75	0.05053842525532142
5	76	0.045130507791461855
5	77	0.03860691683505143
5	78	0.03874744635362879
5	79	0.031546765465172204
6	0	0.8377517560079593
6	1	0.848597782025792
6	2	0.8762063856511236
6	3	0.9153934773821373
6	4	0.9569069196117577
6	5	0.9884826213456648
6	6	1.0
6	7	0.9894078313207414
6	8	0.9625442822421054
6	9	0.9270065308591984
6	10	0.886745485320735
6	11	0.8407950384365048
6	12	0.7856000313841892
6	13	0.7196946077595666
6	14	0.6476054831281081
6	15	0.5786726312887054
6	16	0.521732800689298
6	17	0.4811731724551235
6	18	0.45634108047628236
6	19	0.44273619795161956
6	20	0.43440415310421654
6	21	0.4272328905905106
6	22	0.420346992544327
6	23	0.41389338622673033
6	24	0.4058780577114046
6	25	0.391198145949255
6	26	0.3651282225666108
6	27	0.33012316223361116
6	28	0.2965027515177872
6	29	0.27426494602925733
6	30	0.26656289775164005
6	31	0.2681578537675316
6	32	0.27018532488526964
6	33	0.27110689998136744
6	34	0.2740297731867941
6	35	0.269051672591437
6	36	0.23392424970827197
6	37	0.1923872495668445
6	38	0.19164362879673796
6	39	0.16693642569897388
6	40	0.1675503512015918
6	41	0.16971955640515846
6	42	0.17524127713022472
6	43	0.1830786954764274
6	44	0.19138138392235157
6	45	0.19769652426913295
6	46	0.2
6	47	0.1978815662641483
6	48	0.19250885644842106
6	49	0.1854013061718397
6	50	0.17734909706414703
6	51	0.16815900768730094
6	52	0.1571200062768379
6	53	0.14393892155191335
6	54	0.12952109662562164
6	55	0.11573452625774111
6	56	0.10434656013785959
6	57	0.09623463449102472
6	58	0.0912682160952565
6	59	0.08854723959032393
6	60	0.08688083062084331
6	61	0.0854465781181021
6	62	0.08406939850886543
6	63	0.08277867724534607
6	64	0.08117561154228092
6	65	0.078239629189851
6	66	0.07302564451332215
6	67	0.06602463244672221
6	68	0.05930055030355747
6	69	0.05485298920585147
6	70	0.05331257955032804
6	71	0.05363157075350631
6	72	0.054037064977053934
6	73	0.054221379996273474
6	74	0.05480595463735882
6	75	0.053810334518287394
6	76	0.0467848499416544
6	77	0.03847744991336889
6	78	0.0383287257593476
6	79	0.03338728513979477
7	0	0.7520297234588342
7	1	0.7649825024000049
7	2	0.7987274641894844
7	3	0.8484794678642462
7	4	0.9052605570673676
7	5	0.9562393986475506
7	6	0.9894078313207414
7	7	1.0
7	8	0.9915082771814314
7	9	0.9702142387678299
7	10	0.9395143110421253
7	11	0.8981349665035961
7	12	0.8423519956927267
7	13	0.7710850828077392
7	14	0.6902308263661058
7	15	0.6112103196746012
7	16	0.5448359132497931
7	17	0.4968474271337863
7	18	0.4673342441087874
7	19	0.452048641276316
7	20	0.4447390521824025
7	21	0.44040536575182554
7	22	0.436982484463215
7	23	0.43351092135904623
7	24	0.4270613851753789
7	25	0.41173447779509953
7	26	0.3824823691456582
7	27	0.34249208536190767
7	28	0.30366095066676196
7	29	0.2774736482933306
7	30	0.2680849361772677
7	31	0.27073290654472376
7	32	0.27595308860998513
7	33	0.2805080979689613
7	34	0.28579035887078114
7	35	0.2800662259909822
7	36	0.23995540593859455
7	37	0.19278408930577673
7	38	0.1910304276296266
7	39	0.1730431833860555
7	40	0.15040594469176685
7	41	0.15299650048000094
7	42	0.1597454928378969
7	43	0.16969589357284925
7	44	0.18105211141347355
7	45	0.19124787972951016
7	46	0.1978815662641483
7	47	0.19999999999999998
7	48	0.1983016554362863
7	49	0.194042847753566
7	50	0.18790286220842506
7	51	0.17962699330071924
7	52	0.16847039913854536
7	53	0.15421701656154782
7	54	0.1380461652732212
7	55	0.12224206393492032
7	56	0.10896718264995864
7	57	0.09936948542675728
7	58	0.09346684882175747
7	59	0.09040972825526322
7	60	0.08894781043648048
7	61	0.0880810731503651
7	62	0.08739649689264299
7	63	0.08670218427180924
7	64	0.08541227703507578
7	65	0.08234689555901993
7	66	0.07649647382913165
7	67	0.06849841707238152
7	68	0.06073219013335241
7	69	0.05549472965866612
7	70	0.05361698723545355
7	71	0.05414658130894475
7	72	0.055190617721997036
7	73	0.056101619593792264
7	74	0.057158071774156244
7	75	0.056013245198196435
7	76	0.04799108118771893
7	77	0.03855681786115535
7	78	0.03820608552592532
7	79	0.0346086366772111
8	0	0.6671633411246936
8	1	0.6815056815220375
8	2	0.7195622760446186
8	3	0.7769929900972498
8	4	0.8452953049482264
8	5	0.9115422269754895
8	6	0.9625442822421054
8	7	0.9915082771814314
8	8	1.0000000000000002
8	9	0.9931329698895192
8	10	0.9737715844183282
8	11	0.9402987470726654
8	12	0.8886240779878991
8	13	0.817526111577314
8	14	0.7334270075275102
8	15	0.6489593147802006
8	16	0.5763040535179731
8	17	0.5222362747768492
8	18	0.48745999575029736
8	19	0.468069606000811
8	20	0.45799700479640193
8	21	0.45224790475678533
8	22	0.4485430498845679
8	23	0.445540100881196
8	24	0.43983009860362476
8	25	0.4249635585617442
8	26	0.3953997057917202
8	27	0.35421288743413476
8	28	0.31367779713243377
8	29	0.285788587132347
8	30	0.27502440999950206
8	31	0.2767478235017341
8	32	0.28151867024481864
8	33	0.28607195717978756
8	34	0.2916452167418634
8	35	0.28600620800955606
8	36	0.24503106958791976
8	37	0.19658401886755628
8	38	0.19444466884259387
8	39	0.17624864886134392
8	40	0.13343266822493877
8	41	0.1363011363044075
8	42	0.1439124552089237
8	43	0.1553985980194499
8	44	0.1690590609896453
8	45	0.1823084453950979
8	46	0.19250885644842106
8	47	0.19830165543628628
8	48	0.2000000000000001
8	49	0.1986265939779039
8	50	0.1947543168836657
8	51	0.18805974941453307
8	52	0.17772481559757985
8	53	0.1635052223154628
8	54	0.14668540150550197
8	55	0.1297918629560401
8	56	0.11526081070359466
8	57	0.10444725495536983
8	58	0.0974919991500595
8	59	0.09361392120016218
8	60	0.09159940095928042
8	61	0.09044958095135708
8	62	0.08970860997691357
8	63	0.0891080201762392
8	64	0.08796601972072499
8	65	0.08499271171234883
8	66	0.07907994115834403
8	67	0.07084257748682694
8	68	0.06273555942648676
8	69	0.057157717426469405
8	70	0.055004881999900425
8	71	0.05534956470034683
8	72	0.05630373404896373
8	73	0.05721439143595751
8	74	0.05832904334837267
8	75	0.0572012416019112
8	76	0.04900621391758396
8	77	0.03931680377351125
8	78	0.038888933768518756
8	79	0.035249729772268784
9	0	0.5944908197328103
9	1	0.6094268260119708
9	2	0.6497421748124023
9	3	0.7115293969878292
9	4	0.7868916464710736
9	5	0.8632477326941742
9	6	0.9270065308591984
9	7	0.9702142387678299
9	8	0.9931329698895192
9	9	1.000000000000001
9	10	0.9932349230632435
9	11	0.9708438407913962
9	12	0.9281263731241658
9	13	0.8631002867845975
9	14	0.7817488435688442
9	15	0.6969369712810759
9	16	0.6215305137147494
9	17	0.5629647413142992
9	18	0.5223698128299649
9	19	0.4962125318174336
9	20	0.47908124398542856
9	21	0.46697321230546174
9	22	0.45853073657459803
9	23	0.45289624346090374
9	24	0.44671902016752324
9	25	0.43326721282833425
9	26	0.40630309423784977
9	27	0.3678694800797027
9	28	0.32933973189720595
9	29	0.3021723253222399
9	30	0.2904045905282687
9	31	0.28905067656464056
9	32	0.2892967730215872
9	33	0.2897218409256712
9	34	0.29321454070331865
9	35	0.28848413620160557
9	36	0.25094232635522473
9	37	0.20576898418041667
9	38	0.20393407705492642
9	39	0.17751207230286187
9	40	0.11889816394656202
9	41	0.12188536520239418
9	42	0.12994843496248046
9	43	0.14230587939756587
9	44	0.15737832929421475
9	45	0.17264954653883482
9	46	0.1854013061718397
9	47	0.194042847753566
9	48	0.19862659397790394
9	49	0.2000000000000003
9	50	0.19864698461264874
9	51	0.19416876815827927
9	52	0.1856252746248331
9	53	0.1726200573569195
9	54	0.15634976871376888
9	55	0.13938739425621519
9	56	0.12430610274294991
9	57	0.11259294826285983
9	58	0.104473962565993
9	59	0.09924250636348673
9	60	0.09581624879708571
9	61	0.09339464246109237
9	62	0.09170614731491962
9	63	0.09057924869218073
9	64	0.08934380403350467
9	65	0.08665344256566683
9	66	0.08126061884757
9	67	0.07357389601594055
9	68	0.0658679463794412
9	69	0.060434465064447995
9	70	0.05808091810565377
9	71	0.05781013531292813
9	72	0.05785935460431743
9	73	0.05794436818513425
9	74	0.05864290814066373
9	75	0.05769682724032113
9	76	0.050188465271044945
9	77	0.04115379683608333
9	78	0.04078681541098529
9	79	0.03550241446057237
10	0	0.5392650072439883
10	1	0.5539784101155822
10	2	0.5944410161117889
10	3	0.6571365365216405
10	4	0.7348640428754809
10	5	0.8158005529446686
10	6	0.886745485320735
10	7	0.9395143110421253
10	8	0.9737715844183282
10	9	0.9932349230632435
10	10	0.9999999999999999
10	11	0.9916729818534863
10	12	0.9626952486855488
10	13	0.9096893591480116
10	14	0.8372136472007944
10	15	0.7573642935068784
10	16	0.6829888498399614
10	17	0.6217857127467786
10	18	0.5750860950301082
10	19	0.5397026690582152
10	20	0.5112942744364947
10	21	0.4878131038576422
10	22	0.46998667818462253
10	23	0.4583555337099525
10	24	0.4501931576335237
10	25	0.43876135605005384
10	26	0.41693950989315415
10	27	0.38487502877891105
10	28	0.3518317364378971
10	29	0.3277294235437151
10	30	0.3153959025057442
10	31	0.3089700414111337
10	32	0.30076793916940614
10	33	0.29301964251081813
10	34	0.2920595180484113
10	35	0.28891420988253447
10	36	0.25873247029558155
10	37	0.22102438713738964
10	38	0.22016209081048538
10	39	0.17763548866872156
10	40	0.10785300144879771
10	41	0.11079568202311645
10	42	0.11888820322235781
10	43	0.13142730730432814
10	44	0.1469728085750962
10	45	0.1631601105889337
10	46	0.17734909706414703
10	47	0.18790286220842511
10	48	0.1947543168836657
10	49	0.19864698461264874
10	50	0.19999999999999998
10	51	0.19833459637069722
10	52	0.19253904973710972
10	53	0.18193787182960236
10	54	0.16744272944015892
10	55	0.1514728587013757
10	56	0.13659776996799233
10	57	0.12435714254935573
10	58	0.11501721900602166
10	59	0.10794053381164308
10	60	0.10225885488729893
10	61	0.09756262077152845
10	62	0.09399733563692453
10	63	0.09167110674199051
10	64	0.09003863152670476
10	65	0.08775227121001078
10	66	0.08338790197863084
10	67	0.07697500575578221
10	68	0.07036634728757944
10	69	0.065545884708743
10	70	0.06307918050114886
10	71	0.06179400828222674
10	72	0.06015358783388123
10	73	0.05860392850216363
10	74	0.05841190360968228
10	75	0.057782841976506905
10	76	0.05174649405911633
10	77	0.04420487742747792
10	78	0.04403241816209708
10	79	0.03552709773374433
11	0	0.501372451658576
11	1	0.5150238100989756
11	2	0.5534549400811832
11	3	0.6134968815598347
11	4	0.6887302426703186
11	5	0.7685008325404732
11	6	0.8407950384365048
11	7	0.8981349665035961
11	8	0.9402987470726654
11	9	0.9708438407913962
11	10	0.9916729818534863
11	11	0.9999999999999998
11	12	0.9892191342631511
11	13	0.953999319240468
11	14	0.8965464544877045
11	15	0.8272019629069326
11	16	0.758074084715127
11	17	0.6967018559222136
11	18	0.6443633833451632
11	19	0.5981331197705858
11	20	0.5550449082680009
11	21	0.515831469857531
11	22	0.4843641480095465
11	23	0.46344782349009156
11	24	0.45153531989767137
11	25	0.44217932144694133
11	26	0.4272878145221411
11	27	0.4044416298278969
11	28	0.37978713829410504
11	29	0.36082877119600165
11	30	0.34849353301978053
11	31	0.335540796020958
11	32	0.3157553697065163
11	33	0.2964816856827809
11	34	0.2890067960338607
11	35	0.2878364464052859
11	36	0.26807674583543517
11	37	0.24119920605833717
11	38	0.24188171402523798
11	39	0.1768728776876103
11	40	0.10027449033171522
11	41	0.10300476201979518
11	42	0.11069098801623664
11	43	0.12269937631196688
11	44	0.1377460485340637
11	45	0.15370016650809465
11	46	0.168159007687301
11	47	0.17962699330071924
11	48	0.1880597494145331
11	49	0.19416876815827927
11	50	0.19833459637069722
11	51	0.19999999999999998
11	52	0.19784382685263024
11	53	0.1907998638480936
11	54	0.1793092908975409
11	55	0.16544039258138654
11	56	0.15161481694302542
11	57	0.13934037118444273
11	58	0.12887267666903265
11	59	0.11962662395411719
11	60	0.11100898165360022
11	61	0.10316629397150619
11	62	0.09687282960190934
11	63	0.09268956469801833
11	64	0.09030706397953425
11	65	0.0884358642893883
11	66	0.08545756290442826
11	67	0.08088832596557936
11	68	0.075957427658821
11	69	0.07216575423920031
11	70	0.06969870660395615
11	71	0.06710815920419162
11	72	0.06315107394130327
11	73	0.05929633713655615
11	74	0.05780135920677214
11	75	0.05756728928105718
11	76	0.05361534916708705
11	77	0.048239841211667446
11	78	0.0483763428050476
11	79	0.03537457553752206
12	0	0.4772169348132568
12	1	0.48898098593852596
12	2	0.5232129795624468
12	3	0.5770573669994377
12	4	0.6449626295083509
12	5	0.7178357314747953
12	6	0.7856000313841892
12	7	0.8423519956927267
12	8	0.8886240779878991
12	9	0.9281263731241658
12	10	0.9626952486855488
12	11	0.9892191342631511
12	12	1.0
12	13	0.9874071488106146
12	14	0.950568424966223
12	15	0.8971920971895248
12	16	0.837939768770342
12	17	0.7797504002438023
12	18	0.7235747934641001
12	19	0.6665959248207988
12	20	0.6073270711344204
12	21	0.5497815457602544
12	22	0.5017172979109721
12	23	0.4688744063232536
12	24	0.45135842241746116
12	25	0.4433289234115333
12	26	0.43582543668344426
12	27	0.42358394474153604
12	28	0.40904326029290455
12	29	0.3966980686759884
12	30	0.3850881247332487
12	31	0.36521648001849677
12	32	0.33240230027381307
12	33	0.29982497364451516
12	34	0.28455520994730904
12	35	0.28528094195637477
12	36	0.277370791948269
12	37	0.26309705704674147
12	38	0.2656919553548612
12	39	0.17516864161238666
12	40	0.09544338696265132
12	41	0.0977961971877052
12	42	0.10464259591248938
12	43	0.11541147339988757
12	44	0.1289925259016702
12	45	0.14356714629495906
12	46	0.1571200062768379
12	47	0.16847039913854536
12	48	0.17772481559757985
12	49	0.1856252746248331
12	50	0.19253904973710972
12	51	0.19784382685263024
12	52	0.19999999999999998
12	53	0.19748142976212293
12	54	0.19011368499324463
12	55	0.17943841943790498
12	56	0.16758795375406843
12	57	0.1559500800487605
12	58	0.14471495869282006
12	59	0.13331918496415973
12	60	0.12146541422688406
12	61	0.10995630915205083
12	62	0.1003434595821944
12	63	0.09377488126465074
12	64	0.09027168448349225
12	65	0.08866578468230668
12	66	0.08716508733668885
12	67	0.08471678894830721
12	68	0.08180865205858093
12	69	0.07933961373519768
12	70	0.07701762494664975
12	71	0.07304329600369941
12	72	0.06648046005476264
12	73	0.05996499472890305
12	74	0.05691104198946182
12	75	0.05705618839127495
12	76	0.05547415838965382
12	77	0.05261941140934828
12	78	0.05313839107097225
12	79	0.03503372832247732
13	0	0.46180836283822163
13	1	0.4710216825978523
13	2	0.4992654169441392
13	3	0.543968947703636
13	4	0.6004991942314901
13	5	0.6616034257225093
13	6	0.7196946077595666
13	7	0.7710850828077392
13	8	0.817526111577314
13	9	0.8631002867845975
13	10	0.9096893591480116
13	11	0.953999319240468
13	12	0.9874071488106146
13	13	0.9999999999999996
13	14	0.9875175124027408
13	15	0.9544623203880733
13	16	0.9094810566084415
13	17	0.8585164776507774
13	18	0.8019291694132116
13	19	0.736775659666131
13	20	0.6628392112975644
13	21	0.5873558479353974
13	22	0.5221332906356743
13	23	0.4761260192857771
13	24	0.4513680801166681
13	25	0.44290886427443843
13	26	0.44126893229996184
13	27	0.43866771818159556
13	28	0.4339539865400865
13	29	0.42853513985058056
13	30	0.41845595867291047
13	31	0.3928260943605478
13	32	0.3481609119306528
13	33	0.30302662291402505
13	34	0.2800192483014139
13	35	0.28193272763518523
13	36	0.2847334649158176
13	37	0.2822550035869962
13	38	0.2867898473918998
13	39	0.17288391587266844
13	40	0.09236167256764431
13	41	0.09420433651957048
13	42	0.09985308338882784
13	43	0.1087937895407272
13	44	0.12009983884629805
13	45	0.13232068514450188
13	46	0.14393892155191335
13	47	0.15421701656154782
13	48	0.1635052223154628
13	49	0.1726200573569195
13	50	0.18193787182960236
13	51	0.1907998638480936
13	52	0.19748142976212293
13	53	0.19999999999999987
13	54	0.1975035024805482
13	55	0.19089246407761468
13	56	0.18189621132168832
13	57	0.17170329553015543
13	58	0.16038583388264235
13	59	0.14735513193322622
13	60	0.1325678422595129
13	61	0.1174711695870795
13	62	0.10442665812713484
13	63	0.09522520385715542
13	64	0.0902736160233336
13	65	0.08858177285488768
13	66	0.08825378645999236
13	67	0.08773354363631913
13	68	0.08679079730801731
13	69	0.08570702797011612
13	70	0.08369119173458212
13	71	0.07856521887210954
13	72	0.06963218238613053
13	73	0.060605324582804994
13	74	0.05600384966028276
13	75	0.05638654552703708
13	76	0.05694669298316353
13	77	0.05645100071739924
13	78	0.05735796947837997
13	79	0.03457678317453369
14	0	0.45100540195984756
14	1	0.4573658701308352
14	2	0.47874185874480196
14	3	0.5128099022172067
14	4	0.5558164440726453
14	5	0.6023905091884662
14	6	0.6476054831281081
14	7	0.6902308263661058
14	8	0.7334270075275102
14	9	0.7817488435688442
14	10	0.8372136472007944
14	11	0.8965464544877045
14	12	0.950568424966223
14	13	0.9875175124027408
14	14	1.0000000000000007
14	15	0.9892498389559335
14	16	0.9616430524375711
14	17	0.9218794461182156
14	18	0.8695256774793351
14	19	0.8011988025916666
14	20	0.7173771679562938
14	21	0.6277927424192452
14	22	0.5477525875432092
14	23	0.48919811756710607
14	24	0.45607559712214174
14	25	0.44448565267684037
14	26	0.44497419114572023
14	27	0.44823772621810365
14	28	0.45052463804033477
14	29	0.4507596957066814
14	30	0.44286887633084504
14	31	0.414211223720218
14	32	0.36170740488137504
14	33	0.3075738813398522
14	34	0.2784632691443677
14	35	0.28024416095322124
14	36	0.28965622832769633
14	37	0.2950780736342666
14	38	0.30117108677007454
14	39	0.17148521669877728
14	40	0.0902010803919695
14	41	0.09147317402616707
14	42	0.09574837174896042
14	43	0.10256198044344132
14	44	0.11116328881452908
14	45	0.1204781018376933
14	46	0.1295210966256216
14	47	0.1380461652732212
14	48	0.146685401505502
14	49	0.15634976871376888
14	50	0.1674427294401589
14	51	0.1793092908975409
14	52	0.19011368499324463
14	53	0.19750350248054818
14	54	0.20000000000000012
14	55	0.1978499677911867
14	56	0.1923286104875142
14	57	0.18437588922364312
14	58	0.17390513549586703
14	59	0.1602397605183333
14	60	0.14347543359125875
14	61	0.12555854848384904
14	62	0.10955051750864184
14	63	0.09783962351342125
14	64	0.09121511942442835
14	65	0.08889713053536809
14	66	0.08899483822914407
14	67	0.0896475452436207
14	68	0.09010492760806697
14	69	0.0901519391413363
14	70	0.08857377526616904
14	71	0.08284224474404363
14	72	0.072341480976275
14	73	0.06151477626797043
14	74	0.05569265382887356
14	75	0.05604883219064425
14	76	0.05793124566553928
14	77	0.05901561472685331
14	78	0.060234217354014914
14	79	0.03429704333975544
15	0	0.44270438678605906
15	1	0.44635739694091653
15	2	0.4611610556313059
15	3	0.48498204088472235
15	4	0.5147967019329049
15	5	0.5468738191401362
15	6	0.5786726312887054
15	7	0.6112103196746012
15	8	0.6489593147802006
15	9	0.6969369712810759
15	10	0.7573642935068784
15	11	0.8272019629069326
15	12	0.8971920971895248
15	13	0.9544623203880733
15	14	0.9892498389559335
15	15	0.9999999999999998
15	16	0.9909570275152895
15	17	0.9655466703190326
15	18	0.922427017258865
15	19	0.8574088210370325
15	20	0.7707956488248167
15	21	0.6735498297100123
15	22	0.5833480760651599
15	23	0.5144632310152369
15	24	0.47245571398300745
15	25	0.4544573313200282
15	26	0.4516361236296393
15	27	0.45463980758805506
15	28	0.4588482150682898
15	29	0.4619315029388861
15	30	0.45649116926204625
15	31	0.42848353533700817
15	32	0.37409856985030815
15	33	0.3165459918921911
15	34	0.28419732338109605
15	35	0.28416522505902503
15	36	0.29378428461897793
15	37	0.30069046726213605
15	38	0.3076173162929355
15	39	0.17336725939499031
15	40	0.0885408773572118
15	41	0.08927147938818333
15	42	0.09223221112626119
15	43	0.09699640817694447
15	44	0.10295934038658099
15	45	0.10937476382802724
15	46	0.11573452625774111
15	47	0.12224206393492032
15	48	0.1297918629560401
15	49	0.13938739425621519
15	50	0.1514728587013757
15	51	0.16544039258138654
15	52	0.17943841943790498
15	53	0.19089246407761468
15	54	0.1978499677911867
15	55	0.2
15	56	0.19819140550305792
15	57	0.19310933406380648
15	58	0.184485403451773
15	59	0.1714817642074065
15	60	0.1541591297649633
15	61	0.1347099659420025
15	62	0.11666961521303197
15	63	0.10289264620304736
15	64	0.09449114279660151
15	65	0.09089146626400564
15	66	0.09032722472592782
15	67	0.09092796151761098
15	68	0.09176964301365798
15	69	0.09238630058777722
15	70	0.09129823385240927
15	71	0.08569670706740165
15	72	0.07481971397006162
15	73	0.06330919837843822
15	74	0.056839464676219205
15	75	0.05683304501180499
15	76	0.0587568569237956
15	77	0.06013809345242723
15	78	0.0615234632585871
15	79	0.03467345187899806
16	0	0.43595270015511073
16	1	0.4374019062695524
16	2	0.4469055268481328
16	3	0.4624484362687271
16	4	0.4815050302720895
16	5	0.5015247737675629
16	6	0.521732800689298
16	7	0.5448359132497931
16	8	0.5763040535179731
16	9	0.6215305137147494
16	10	0.6829888498399614
16	11	0.758074084715127
16	12	0.837939768770342
16	13	0.9094810566084415
16	14	0.9616430524375711
16	15	0.9909570275152895
16	16	1.0000000000000002
16	17	0.9910874594003125
16	18	0.9619390080768054
16	19	0.9071736203768079
16	20	0.8258933160419363
16	21	0.728738109180406
16	22	0.6343137458768222
16	23	0.558326644538753
16	24	0.5074634505874597
16	25	0.4796912266549729
16	26	0.4673195918084166
16	27	0.4626161308713945
16	28	0.46225166387649796
16	29	0.4642699731824625
16	30	0.460991088026198
16	31	0.43741401509348576
16	32	0.3877239772453084
16	33	0.33311877916590027
16	34	0.3010036414674988
16	35	0.2974665363632426
16	36	0.29985416556516187
16	37	0.300550594679098
16	38	0.3073764675575932
16	39	0.18079525302830446
16	40	0.08719054003102214
16	41	0.08748038125391049
16	42	0.08938110536962655
16	43	0.09248968725374541
16	44	0.09630100605441796
16	45	0.10030495475351257
16	46	0.10434656013785959
16	47	0.10896718264995864
16	48	0.11526081070359466
16	49	0.12430610274294991
16	50	0.13659776996799233
16	51	0.15161481694302542
16	52	0.1675879537540684
16	53	0.1818962113216883
16	54	0.1923286104875142
16	55	0.19819140550305792
16	56	0.20000000000000004
16	57	0.1982174918800625
16	58	0.1923878016153611
16	59	0.18143472407536163
16	60	0.16517866320838726
16	61	0.14574762183608123
16	62	0.12686274917536447
16	63	0.1116653289077506
16	64	0.10149269011749196
16	65	0.0959382453309946
16	66	0.09346391836168333
16	67	0.09252322617427891
16	68	0.09245033277529963
16	69	0.09285399463649252
16	70	0.09219821760523961
16	71	0.08748280301869717
16	72	0.07754479544906169
16	73	0.06662375583318006
16	74	0.06020072829349977
16	75	0.05949330727264853
16	76	0.05997083311303236
16	77	0.060110118935819606
16	78	0.06147529351151866
16	79	0.036159050605660874
17	0	0.4291125112542362
17	1	0.42906518736754373
17	2	0.43511411600807126
17	3	0.44528952270843375
17	4	0.4572981854571379
17	5	0.46920015169758006
17	6	0.4811731724551235
17	7	0.4968474271337863
17	8	0.5222362747768492
17	9	0.5629647413142992
17	10	0.6217857127467786
17	11	0.6967018559222136
17	12	0.7797504002438023
17	13	0.8585164776507774
17	14	0.9218794461182156
17	15	0.9655466703190326
17	16	0.9910874594003125
17	17	0.9999999999999987
17	18	0.9891091841072119
17	19	0.9514882473327664
17	20	0.8839858199350016
17	21	0.7952731256183591
17	22	0.7033147112212126
17	23	0.6242325294125103
17	24	0.5652384319651486
17	25	0.5247991512057429
17	26	0.49673918819062796
17	27	0.4765783975182695
17	28	0.46456870227785246
17	29	0.4609330043315213
17	30	0.45886344732309164
17	31	0.44291092235533147
17	32	0.4040740510410526
17	33	0.35863379623408986
17	34	0.3303658142740641
17	35	0.32196202243422434
17	36	0.3098899507918257
17	37	0.29664547317025014
17	38	0.3023128575702402
17	39	0.19478978395131308
17	40	0.08582250225084723
17	41	0.08581303747350873
17	42	0.08702282320161425
17	43	0.08905790454168674
17	44	0.0914596370914276
17	45	0.09384003033951603
17	46	0.09623463449102472
17	47	0.09936948542675728
17	48	0.10444725495536984
17	49	0.11259294826285983
17	50	0.12435714254935573
17	51	0.13934037118444273
17	52	0.1559500800487605
17	53	0.17170329553015545
17	54	0.18437588922364315
17	55	0.19310933406380648
17	56	0.1982174918800625
17	57	0.19999999999999973
17	58	0.1978218368214424
17	59	0.19029764946655325
17	60	0.17679716398700038
17	61	0.15905462512367183
17	62	0.14066294224424256
17	63	0.12484650588250205
17	64	0.11304768639302973
17	65	0.10495983024114862
17	66	0.09934783763812557
17	67	0.0953156795036539
17	68	0.09291374045557048
17	69	0.09218660086630426
17	70	0.09177268946461835
17	71	0.08858218447106633
17	72	0.08081481020821052
17	73	0.07172675924681797
17	74	0.06607316285481284
17	75	0.06439240448684488
17	76	0.06197799015836515
17	77	0.05932909463405001
17	78	0.06046257151404804
17	79	0.03895795679026262
18	0	0.4188042863221943
18	1	0.4180522247466035
18	2	0.42271930389277435
18	3	0.43082375085941166
18	4	0.4400489341579592
18	5	0.44847319567747584
18	6	0.45634108047628236
18	7	0.4673342441087874
18	8	0.48745999575029736
18	9	0.5223698128299649
18	10	0.5750860950301082
18	11	0.6443633833451632
18	12	0.7235747934641001
18	13	0.8019291694132116
18	14	0.8695256774793351
18	15	0.922427017258865
18	16	0.9619390080768054
18	17	0.9891091841072119
18	18	0.9999999999999991
18	19	0.9859094598714798
18	20	0.940510575064199
18	21	0.8689162105298561
18	22	0.786833001477241
18	23	0.7096886258310212
18	24	0.6445326706978391
18	25	0.5898823937388712
18	26	0.5412420381224526
18	27	0.4987498854136941
18	28	0.46835678671674674
18	29	0.45423159085771914
18	30	0.4516039505799231
18	31	0.44519408324236787
18	32	0.4220151824892842
18	33	0.3910294852049826
18	34	0.3700203058960439
18	35	0.35613578965904563
18	36	0.3239437591654189
18	37	0.29032957295227285
18	38	0.2937124819503456
18	39	0.2142869891537572
18	40	0.08376085726443885
18	41	0.0836104449493207
18	42	0.08454386077855487
18	43	0.08616475017188233
18	44	0.08800978683159183
18	45	0.08969463913549518
18	46	0.0912682160952565
18	47	0.09346684882175749
18	48	0.0974919991500595
18	49	0.104473962565993
18	50	0.11501721900602166
18	51	0.12887267666903263
18	52	0.14471495869282006
18	53	0.16038583388264235
18	54	0.173905135495867
18	55	0.184485403451773
18	56	0.1923878016153611
18	57	0.1978218368214424
18	58	0.19999999999999982
18	59	0.19718189197429603
18	60	0.18810211501283985
18	61	0.1737832421059712
18	62	0.15736660029544824
18	63	0.14193772516620423
18	64	0.12890653413956785
18	65	0.1179764787477743
18	66	0.10824840762449049
18	67	0.0997499770827388
18	68	0.09367135734334936
18	69	0.09084631817154382
18	70	0.09032079011598462
18	71	0.08903881664847359
18	72	0.08440303649785685
18	73	0.07820589704099656
18	74	0.07400406117920878
18	75	0.07122715793180912
18	76	0.06478875183308379
18	77	0.05806591459045456
18	78	0.058742496390069135
18	79	0.042857397830751445
19	0	0.4007155357299794
19	1	0.4000359371621591
19	2	0.40531606279950316
19	3	0.4145346959002139
19	4	0.42514750961925285
19	5	0.43472342125738117
19	6	0.44273619795161956
19	7	0.452048641276316
19	8	0.468069606000811
19	9	0.4962125318174336
19	10	0.5397026690582152
19	11	0.5981331197705858
19	12	0.6665959248207988
19	13	0.736775659666131
19	14	0.8011988025916666
19	15	0.8574088210370325
19	16	0.9071736203768079
19	17	0.9514882473327664
19	18	0.9859094598714798
19	19	0.9999999999999987
19	20	0.9837192906593385
19	21	0.937360031587086
19	22	0.8728754649526851
19	23	0.803859411199059
19	24	0.7364634482247474
19	25	0.668718802820773
19	26	0.5976483992719698
19	27	0.5287285603016
19	28	0.47506749259003794
19	29	0.44616383327557196
19	30	0.4402911521645166
19	31	0.4430878502454191
19	32	0.43756924165130523
19	33	0.42412328584704095
19	34	0.41296562335573206
19	35	0.39428164711653785
19	36	0.33982409027452987
19	37	0.28266784073253826
19	38	0.2827101976524515
19	39	0.2356578474575512
19	40	0.08014310714599589
19	41	0.08000718743243185
19	42	0.08106321255990065
19	43	0.08290693918004279
19	44	0.0850295019238506
19	45	0.08694468425147625
19	46	0.08854723959032393
19	47	0.09040972825526322
19	48	0.09361392120016218
19	49	0.09924250636348671
19	50	0.10794053381164305
19	51	0.11962662395411716
19	52	0.13331918496415973
19	53	0.14735513193322622
19	54	0.16023976051833333
19	55	0.17148176420740652
19	56	0.18143472407536163
19	57	0.19029764946655325
19	58	0.19718189197429603
19	59	0.1999999999999998
19	60	0.19674385813186776
19	61	0.18747200631741723
19	62	0.17457509299053703
19	63	0.16077188223981184
19	64	0.14729268964494946
19	65	0.13374376056415463
19	66	0.11952967985439392
19	67	0.10574571206031999
19	68	0.09501349851800761
19	69	0.0892327666551144
19	70	0.08805823043290335
19	71	0.08861757004908381
19	72	0.08751384833026103
19	73	0.08482465716940818
19	74	0.08259312467114643
19	75	0.07885632942330759
19	76	0.06796481805490598
19	77	0.056533568146507666
19	78	0.0565420395304903
19	79	0.04713156949151025
20	0	0.37274126567748683
20	1	0.3727577226639438
20	2	0.3801883004561249
20	3	0.39297919978312074
20	4	0.4082460270115615
20	5	0.4226922422825081
20	6	0.43440415310421654
20	7	0.4447390521824025
20	8	0.45799700479640193
