	Target (OIS)	Target (LIBOR)	Caplet Vola Analytic Single-Curve	Caplet Vola Monte-Carlo Single-Curve	Caplet Vola Analytic Multi-Curve Fenton-Wilkinson	Caplet Vola Analytic Multi-Curve Ju	Caplet Vola Analytic Multi-Curve Ho	Caplet Vola Analytic Multi-Curve Drift-Freeze	Caplet Vola Analytic Multi-Curve Integrated-Expectation	Caplet Vola Monte-Carlo Multi-Curve	Caplet Value Analytic Single-Curve	Caplet Value Monte-Carlo Single-Curve	Caplet Value Analytic Multi-Curve Fenton-Wilkinson	Caplet Value Analytic Multi-Curve Ju	Caplet Value Analytic Multi-Curve Ho	Caplet Value Analytic Multi-Curve Drift-Freeze	Caplet Value Analytic Multi-Curve Integrated-Expectation	Caplet Value Monte-Carlo Multi-Curve	Swaption Vola Analytic Single-Curve	Swaption Vola Monte-Carlo Single-Curve	Swaption Vola Analytic Multi-Curve Drift-Freeze	Swaption Vola Analytic Multi-Curve Integrated-Expectation	Swaption Vola Monte-Carlo Multi-Curve	Swaption Value Analytic Single-Curve	Swaption Value Monte-Carlo Single-Curve	Swaption Value Analytic Multi-Curve Drift-Freeze	Swaption Value Analytic Multi-Curve Integrated-Expectation	Swaption Value Monte-Carlo Multi-Curve	Swaption Exercise Date	Swaption Number Of Periods	Numeraire Single-Curve	Discount Single-Curve	OIS Spot Rate Single-Curve	Numeraire Multi-Curve	OIS Spot Rate Multi-Curve	LIBOR Spot Rate Multi-Curve	OIS Forward Rate Multi-Curve	LIBOR Forward Rate Multi-Curve	Time
Target (OIS)	0.0000000000E00	5.7142857143E-02	8.4968410420E-01	8.6456033122E-01	9.4792302658E-01	1.0200477476E00	?	1.1117899588E00	1.1117899588E00	1.0055640901E00	1.9896991902E00	1.9898403994E00	1.9811159209E00	1.9825191595E00	?	1.9843415045E00	1.9843415045E00	1.9822343101E00	9.2240073622E-01	9.3755960513E-01	1.1679779064E00	1.1713046551E00	1.1066151355E00	1.9134677989E00	1.9148371528E00	1.8738347834E00	1.8754956096E00	1.8638653119E00	1.8391023904E00	1.6762308204E00	2.0000000000E00	5.4281261050E-01	1.9608418503E00	2.0000000000E00	1.9612053790E00	1.9222113175E00	1.9606068622E00	1.9219820672E00	1.7512604745E00	
Target (LIBOR)	5.7142857143E-02	0.0000000000E00	8.9595159240E-01	9.1045824434E-01	9.9163737090E-01	1.0617191163E00	?	1.1506572562E00	1.1506572562E00	1.0476571415E00	1.9902700654E00	1.9904034676E00	1.9821603574E00	1.9834863080E00	?	1.9852082040E00	1.9852082040E00	1.9832171517E00	9.6680387048E-01	9.8155579000E-01	1.2050146143E00	1.2082302871E00	1.1456467072E00	1.9181768053E00	1.9194731736E00	1.8806347991E00	1.8822088324E00	1.8711847915E00	1.8477008051E00	1.6928367471E00	2.0000000000E00	5.9533893221E-01	1.9629971786E00	2.0000000000E00	1.9633408833E00	1.9264534514E00	1.9627750031E00	1.9262364680E00	1.7642649395E00	
Caplet Vola Analytic Single-Curve	8.4968410420E-01	8.9595159240E-01	0.0000000000E00	2.1207635404E-02	1.2300757857E-01	2.1748909013E-01	?	3.4314575051E-01	3.4314575051E-01	1.9822046258E-01	1.9745784581E00	1.9749256480E00	1.9535423770E00	1.9569724065E00	?	1.9614321617E00	1.9614321617E00	1.9562758444E00	1.2735313579E-01	1.3720536892E-01	4.2332105312E-01	4.2814792281E-01	3.3588755559E-01	1.7922719888E00	1.7954590003E00	1.7013654135E00	1.7051237885E00	1.6788972135E00	1.6237647430E00	1.2835905189E00	2.0000000000E00	3.4686691840E-01	1.9043762176E00	2.0000000000E00	1.9052514113E00	1.8126753818E00	1.9038106084E00	1.8121387808E00	1.4356415574E00	
Caplet Vola Monte-Carlo Single-Curve	8.6456033122E-01	9.1045824434E-01	2.1207635404E-02	0.0000000000E00	1.0484345969E-01	1.9946385081E-01	?	3.2543161782E-01	3.2543161782E-01	1.8016028201E-01	1.9741139704E00	1.9744674632E00	1.9526981045E00	1.9561897771E00	?	1.9607298457E00	1.9607298457E00	1.9554806877E00	1.1916612803E-01	1.2309984738E-01	4.0588093534E-01	4.1072618104E-01	3.1815152202E-01	1.7886536271E00	1.7918931059E00	1.6962903883E00	1.7001074586E00	1.6734740454E00	1.6175072422E00	1.2728106317E00	2.0000000000E00	3.6451377547E-01	1.9026604491E00	2.0000000000E00	1.9035509583E00	1.8093945586E00	1.9020849457E00	1.8088490307E00	1.4267501710E00	
Caplet Vola Analytic Multi-Curve Fenton-Wilkinson	9.4792302658E-01	9.9163737090E-01	1.2300757857E-01	1.0484345969E-01	0.0000000000E00	9.5117677760E-02	?	2.2248592843E-01	2.2248592843E-01	7.5811717922E-02	1.9712704185E00	1.9716624652E00	1.9475331014E00	1.9514013501E00	?	1.9564321804E00	1.9564321804E00	1.9506157252E00	1.3846141404E-01	1.3270607897E-01	3.1454324656E-01	3.1944350436E-01	2.2810762122E-01	1.7666337721E00	1.7701902944E00	1.6654969869E00	1.6696664863E00	1.6405922137E00	1.5796343783E00	1.2082770682E00	2.0000000000E00	4.6491533118E-01	1.8921807552E00	2.0000000000E00	1.8931645132E00	1.7894155567E00	1.8915450142E00	1.7888160174E00	1.3732616945E00	
Caplet Vola Analytic Multi-Curve Ju	1.0200477476E00	1.0617191163E00	2.1748909013E-01	1.9946385081E-01	9.5117677760E-02	0.0000000000E00	?	1.2804568742E-01	1.2804568742E-01	2.7975208837E-02	1.9684239233E00	1.9688545090E00	1.9423688695E00	1.9466127144E00	?	1.9521332492E00	1.9521332492E00	1.9457507412E00	1.6694230970E-01	1.5721979953E-01	2.2211303305E-01	2.2707537353E-01	1.5298980525E-01	1.7448149421E00	1.7486817988E00	1.6351382251E00	1.6396489376E00	1.6082147407E00	1.5424556353E00	1.1460889643E00	2.0000000000E00	5.5390931072E-01	1.8817315112E00	2.0000000000E00	1.8828077389E00	1.7695964427E00	1.8810360409E00	1.7689439183E00	1.3212912664E00	
Caplet Vola Analytic Multi-Curve Ho	?	?	?	?	?	?	?	?	?	?	?	?	?	?	?	?	?	?	?	?	?	?	?	?	?	?	?	?	?	?	?	?	?	?	?	?	?	?	?	
Caplet Vola Analytic Multi-Curve Drift-Freeze	1.1117899588E00	1.1506572562E00	3.4314575051E-01	3.2543161782E-01	2.2248592843E-01	1.2804568742E-01	?	0.0000000000E00	0.0000000000E00	1.4743231958E-01	1.9641429040E00	1.9646313473E00	1.9346135635E00	1.9394197185E00	?	1.9456738095E00	1.9456738095E00	1.9384434210E00	2.5896922890E-01	2.4269415251E-01	1.2559450895E-01	1.3451115148E-01	1.4007792110E-01	1.7124144645E00	1.7167351525E00	1.5903356340E00	1.5953385738E00	1.5605058292E00	1.4878755875E00	1.0568156638E00	2.0000000000E00	6.7007363794E-01	1.8660935145E00	2.0000000000E00	1.8673071814E00	1.7401240832E00	1.8653092767E00	1.7393938608E00	1.2459445638E00	
Caplet Vola Analytic Multi-Curve Integrated-Expectation	1.1117899588E00	1.1506572562E00	3.4314575051E-01	3.2543161782E-01	2.2248592843E-01	1.2804568742E-01	?	0.0000000000E00	0.0000000000E00	1.4743231958E-01	1.9641429040E00	1.9646313473E00	1.9346135635E00	1.9394197185E00	?	1.9456738095E00	1.9456738095E00	1.9384434210E00	2.5896922890E-01	2.4269415251E-01	1.2559450895E-01	1.3451115148E-01	1.4007792110E-01	1.7124144645E00	1.7167351525E00	1.5903356340E00	1.5953385738E00	1.5605058292E00	1.4878755875E00	1.0568156638E00	2.0000000000E00	6.7007363794E-01	1.8660935145E00	2.0000000000E00	1.8673071814E00	1.7401240832E00	1.8653092767E00	1.7393938608E00	1.2459445638E00	
Caplet Vola Monte-Carlo Multi-Curve	1.0055640901E00	1.0476571415E00	1.9822046258E-01	1.8016028201E-01	7.5811717922E-02	2.7975208837E-02	?	1.4743231958E-01	1.4743231958E-01	0.0000000000E00	1.9690283310E00	1.9694507382E00	1.9434649003E00	1.9476291077E00	?	1.9530457924E00	1.9530457924E00	1.9467833236E00	1.6090039079E-01	1.5378148448E-01	2.4142082073E-01	2.4637286180E-01	1.6969428287E-01	1.7494292657E00	1.7532308084E00	1.6415459196E00	1.6459851298E00	1.6150451930E00	1.5502896546E00	1.1590985493E00	2.0000000000E00	5.3587618896E-01	1.8839467980E00	2.0000000000E00	1.8850034641E00	1.7737897291E00	1.8832639628E00	1.7731483658E00	1.3321981807E00	
Caplet Value Analytic Single-Curve	1.9896991902E00	1.9902700654E00	1.9745784581E00	1.9741139704E00	1.9712704185E00	1.9684239233E00	?	1.9641429040E00	1.9641429040E00	1.9690283310E00	0.0000000000E00	1.5915549116E-02	5.9016632483E-01	5.1857070858E-01	?	4.1406210202E-01	4.1406210202E-01	5.3368224137E-01	1.9721872831E00	1.9716479754E00	1.9610605350E00	1.9608650907E00	1.9644075102E00	1.5817719473E00	1.5756276924E00	1.7061938995E00	1.7024480683E00	1.7268938869E00	1.7678821047E00	1.8860773897E00	2.0000000000E00	1.9820593614E00	1.1716984944E00	2.0000000000E00	1.1654953787E00	1.5392578053E00	1.1756599987E00	1.5404798993E00	1.8500887001E00	
Caplet Value Monte-Carlo Single-Curve	1.9898403994E00	1.9904034676E00	1.9749256480E00	1.9744674632E00	1.9716624652E00	1.9688545090E00	?	1.9646313473E00	1.9646313473E00	1.9694507382E00	1.5915549116E-02	0.0000000000E00	6.0277416204E-01	5.3145579994E-01	?	4.2728856783E-01	4.2728856783E-01	5.4651174945E-01	1.9725669047E00	1.9720349063E00	1.9615905593E00	1.9613977494E00	1.9648923810E00	1.5869262727E00	1.5808488794E00	1.7099390028E00	1.7062371346E00	1.7303943249E00	1.7708894872E00	1.8875990847E00	2.0000000000E00	1.9823048372E00	1.1807506979E00	2.0000000000E00	1.1745977317E00	1.5448695056E00	1.1846800375E00	1.5460786238E00	1.8520728070E00	
Caplet Value Analytic Multi-Curve Fenton-Wilkinson	1.9811159209E00	1.9821603574E00	1.9535423770E00	1.9526981045E00	1.9475331014E00	1.9423688695E00	?	1.9346135635E00	1.9346135635E00	1.9434649003E00	5.9016632483E-01	6.0277416204E-01	0.0000000000E00	7.7527286495E-02	?	1.8756268560E-01	1.8756268560E-01	6.1354260969E-02	1.9491978188E00	1.9482185408E00	1.9290382158E00	1.9286849393E00	1.9350925125E00	1.2938675312E00	1.2857692117E00	1.4914861676E00	1.4853830506E00	1.5253760817E00	1.5933080790E00	1.7955741843E00	2.0000000000E00	1.9671625116E00	7.0307588488E-01	2.0000000000E00	6.9480747387E-01	1.2279687460E00	7.0836593259E-01	1.2298368453E00	1.7329597562E00	
Caplet Value Analytic Multi-Curve Ju	1.9825191595E00	1.9834863080E00	1.9569724065E00	1.9561897771E00	1.9514013501E00	1.9466127144E00	?	1.9394197185E00	1.9394197185E00	1.9476291077E00	5.1857070858E-01	5.3145579994E-01	7.7527286495E-02	0.0000000000E00	?	1.1043687098E-01	1.1043687098E-01	2.3510130949E-02	1.9529447952E00	1.9520368678E00	1.9342473319E00	1.9339195524E00	1.9398640010E00	1.3374696537E00	1.3284092766E00	1.5249311725E00	1.5191741794E00	1.5568750319E00	1.6207836019E00	1.8101070335E00	2.0000000000E00	1.9695946817E00	7.7010897995E-01	2.0000000000E00	7.6207221240E-01	1.2751471837E00	7.7524949154E-01	1.2769266962E00	1.7516526781E00	
Caplet Value Analytic Multi-Curve Ho	?	?	?	?	?	?	?	?	?	?	?	?	?	?	?	?	?	?	?	?	?	?	?	?	?	?	?	?	?	?	?	?	?	?	?	?	?	?	?	
Caplet Value Analytic Multi-Curve Drift-Freeze	1.9843415045E00	1.9852082040E00	1.9614321617E00	1.9607298457E00	1.9564321804E00	1.9521332492E00	?	1.9456738095E00	1.9456738095E00	1.9530457924E00	4.1406210202E-01	4.2728856783E-01	1.8756268560E-01	1.1043687098E-01	?	0.0000000000E00	0.0000000000E00	1.2661490343E-01	1.9578175569E00	1.9570026265E00	1.9410274080E00	1.9407329182E00	1.9460728537E00	1.3963444249E00	1.3879415308E00	1.5692972449E00	1.5640113910E00	1.5985976201E00	1.6570690087E00	1.8291318701E00	2.0000000000E00	1.9727551620E00	8.6221337824E-01	2.0000000000E00	8.5452959472E-01	1.3384623936E00	8.6712636211E-01	1.3401177854E00	1.7761898800E00	
Caplet Value Analytic Multi-Curve Integrated-Expectation	1.9843415045E00	1.9852082040E00	1.9614321617E00	1.9607298457E00	1.9564321804E00	1.9521332492E00	?	1.9456738095E00	1.9456738095E00	1.9530457924E00	4.1406210202E-01	4.2728856783E-01	1.8756268560E-01	1.1043687098E-01	?	0.0000000000E00	0.0000000000E00	1.2661490343E-01	1.9578175569E00	1.9570026265E00	1.9410274080E00	1.9407329182E00	1.9460728537E00	1.3963444249E00	1.3879415308E00	1.5692972449E00	1.5640113910E00	1.5985976201E00	1.6570690087E00	1.8291318701E00	2.0000000000E00	1.9727551620E00	8.6221337824E-01	2.0000000000E00	8.5452959472E-01	1.3384623936E00	8.6712636211E-01	1.3401177854E00	1.7761898800E00	
Caplet Value Monte-Carlo Multi-Curve	1.9822343101E00	1.9832171517E00	1.9562758444E00	1.9554806877E00	1.9506157252E00	1.9457507412E00	?	1.9384434210E00	1.9384434210E00	1.9467833236E00	5.3368224137E-01	5.4651174945E-01	6.1354260969E-02	2.3510130949E-02	?	1.2661490343E-01	1.2661490343E-01	0.0000000000E00	1.9521838190E00	1.9512613897E00	1.9331890911E00	1.9328561263E00	1.9388947524E00	1.3284461834E00	1.3192875754E00	1.5180922131E00	1.5122638112E00	1.5504372784E00	1.6151738640E00	1.8071487826E00	2.0000000000E00	1.9691008626E00	7.5623792125E-01	2.0000000000E00	7.4815147459E-01	1.2654617136E00	7.6141048631E-01	1.2672596842E00	1.7478440614E00	
Swaption Vola Analytic Single-Curve	9.2240073622E-01	9.6680387048E-01	1.2735313579E-01	1.1916612803E-01	1.3846141404E-01	1.6694230970E-01	?	2.5896922890E-01	2.5896922890E-01	1.6090039079E-01	1.9721872831E00	1.9725669047E00	1.9491978188E00	1.9529447952E00	?	1.9578175569E00	1.9578175569E00	1.9521838190E00	0.0000000000E00	1.9867198730E-02	3.3610133166E-01	3.4101242012E-01	2.4732928452E-01	1.7737091992E00	1.7771642706E00	1.6753745054E00	1.6794316516E00	1.6511351506E00	1.5917649514E00	1.2288152807E00	2.0000000000E00	4.3390063441E-01	1.8955552742E00	2.0000000000E00	1.8965090613E00	1.7958377022E00	1.8949388935E00	1.7952554590E00	1.3903333193E00	
Swaption Vola Monte-Carlo Single-Curve	9.3755960513E-01	9.8155579000E-01	1.3720536892E-01	1.2309984738E-01	1.3270607897E-01	1.5721979953E-01	?	2.4269415251E-01	2.4269415251E-01	1.5378148448E-01	1.9716479754E00	1.9720349063E00	1.9482185408E00	1.9520368678E00	?	1.9570026265E00	1.9570026265E00	1.9512613897E00	1.9867198730E-02	0.0000000000E00	3.1727666836E-01	3.2220341400E-01	2.2826199168E-01	1.7695445518E00	1.7730593863E00	1.6695585790E00	1.6736819587E00	1.6449269107E00	1.5846203845E00	1.2167039473E00	2.0000000000E00	4.5229201455E-01	1.8935698334E00	2.0000000000E00	1.8945412607E00	1.7920578662E00	1.8929420576E00	1.7914654356E00	1.3802717313E00	
Swaption Vola Analytic Multi-Curve Drift-Freeze	1.1679779064E00	1.2050146143E00	4.2332105312E-01	4.0588093534E-01	3.1454324656E-01	2.2211303305E-01	?	1.2559450895E-01	1.2559450895E-01	2.4142082073E-01	1.9610605350E00	1.9615905593E00	1.9290382158E00	1.9342473319E00	?	1.9410274080E00	1.9410274080E00	1.9331890911E00	3.3610133166E-01	3.1727666836E-01	0.0000000000E00	1.2599869568E-02	9.0656054507E-02	1.6893884139E00	1.6940265333E00	1.5586970352E00	1.5640394381E00	1.5268670487E00	1.4495371560E00	1.0013020801E00	2.0000000000E00	7.4291624619E-01	1.8548910968E00	2.0000000000E00	1.8562025208E00	1.7191488101E00	1.8540437278E00	1.7183640876E00	1.1936817311E00	
Swaption Vola Analytic Multi-Curve Integrated-Expectation	1.1713046551E00	1.2082302871E00	4.2814792281E-01	4.1072618104E-01	3.1944350436E-01	2.2707537353E-01	?	1.3451115148E-01	1.3451115148E-01	2.4637286180E-01	1.9608650907E00	1.9613977494E00	1.9286849393E00	1.9339195524E00	?	1.9407329182E00	1.9407329182E00	1.9328561263E00	3.4101242012E-01	3.2220341400E-01	1.2599869568E-02	0.0000000000E00	9.5701048626E-02	1.6879368236E00	1.6925948124E00	1.5567080663E00	1.5620715845E00	1.5247537790E00	1.4471326329E00	9.9813001119E-01	2.0000000000E00	7.4727049058E-01	1.8541823856E00	2.0000000000E00	1.8554999746E00	1.7178256626E00	1.8533310356E00	1.7170375245E00	1.1904218815E00	
Swaption Vola Monte-Carlo Multi-Curve	1.1066151355E00	1.1456467072E00	3.3588755559E-01	3.1815152202E-01	2.2810762122E-01	1.5298980525E-01	?	1.4007792110E-01	1.4007792110E-01	1.6969428287E-01	1.9644075102E00	1.9648923810E00	1.9350925125E00	1.9398640010E00	?	1.9460728537E00	1.9460728537E00	1.9388947524E00	2.4732928452E-01	2.2826199168E-01	9.0656054507E-02	9.5701048626E-02	0.0000000000E00	1.7144028596E00	1.7186959377E00	1.5930755749E00	1.5980487998E00	1.5634210195E00	1.4912036949E00	1.0674290853E00	2.0000000000E00	6.6343068186E-01	1.8670574076E00	2.0000000000E00	1.8682626359E00	1.7419342094E00	1.8662786198E00	1.7412087213E00	1.2505070445E00	
Swaption Value Analytic Single-Curve	1.9134677989E00	1.9181768053E00	1.7922719888E00	1.7886536271E00	1.7666337721E00	1.7448149421E00	?	1.7124144645E00	1.7124144645E00	1.7494292657E00	1.5817719473E00	1.5869262727E00	1.2938675312E00	1.3374696537E00	?	1.3963444249E00	1.3963444249E00	1.3284461834E00	1.7737091992E00	1.7695445518E00	1.6893884139E00	1.6879368236E00	1.7144028596E00	0.0000000000E00	1.6929002631E-02	3.8248654999E-01	3.6928987520E-01	4.5763633873E-01	8.6363354978E-01	1.1972802356E00	2.0000000000E00	1.8513951388E00	8.8309777523E-01	2.0000000000E00	8.8997547485E-01	4.8930834411E-01	8.7899647439E-01	4.9067717134E-01	1.0074556898E00	
Swaption Value Monte-Carlo Single-Curve	1.9148371528E00	1.9194731736E00	1.7954590003E00	1.7918931059E00	1.7701902944E00	1.7486817988E00	?	1.7167351525E00	1.7167351525E00	1.7532308084E00	1.5756276924E00	1.5808488794E00	1.2857692117E00	1.3284092766E00	?	1.3879415308E00	1.3879415308E00	1.3192875754E00	1.7771642706E00	1.7730593863E00	1.6940265333E00	1.6925948124E00	1.7186959377E00	1.6929002631E-02	0.0000000000E00	3.9816674772E-01	3.8501128410E-01	4.7305493389E-01	8.6615738500E-01	1.2076885502E00	2.0000000000E00	1.8537100605E00	8.7270383840E-01	2.0000000000E00	8.7962894618E-01	4.8331247355E-01	8.6857592838E-01	4.8511824434E-01	1.0186156316E00	
Swaption Value Analytic Multi-Curve Drift-Freeze	1.8738347834E00	1.8806347991E00	1.7013654135E00	1.6962903883E00	1.6654969869E00	1.6351382251E00	?	1.5903356340E00	1.5903356340E00	1.6415459196E00	1.7061938995E00	1.7099390028E00	1.4914861676E00	1.5249311725E00	?	1.5692972449E00	1.5692972449E00	1.5180922131E00	1.6753745054E00	1.6695585790E00	1.5586970352E00	1.5567080663E00	1.5930755749E00	3.8248654999E-01	3.9816674772E-01	0.0000000000E00	1.9030835877E-02	7.8588830965E-02	7.5324098650E-01	9.2013631695E-01	2.0000000000E00	1.7848946129E00	1.1067993576E00	2.0000000000E00	1.1125506139E00	6.8015872068E-01	1.1034516599E00	6.7887489974E-01	7.5259910564E-01	
Swaption Value Analytic Multi-Curve Integrated-Expectation	1.8754956096E00	1.8822088324E00	1.7051237885E00	1.7001074586E00	1.6696664863E00	1.6396489376E00	?	1.5953385738E00	1.5953385738E00	1.6459851298E00	1.7024480683E00	1.7062371346E00	1.4853830506E00	1.5191741794E00	?	1.5640113910E00	1.5640113910E00	1.5122638112E00	1.6794316516E00	1.6736819587E00	1.5640394381E00	1.5620715845E00	1.5980487998E00	3.6928987520E-01	3.8501128410E-01	1.9030835877E-02	0.0000000000E00	9.2243773722E-02	7.4443602113E-01	9.3088673269E-01	2.0000000000E00	1.7876620630E00	1.0974703599E00	2.0000000000E00	1.1032617009E00	6.6885170676E-01	1.0941007383E00	6.6756992238E-01	7.5833976759E-01	
Swaption Value Monte-Carlo Multi-Curve	1.8638653119E00	1.8711847915E00	1.6788972135E00	1.6734740454E00	1.6405922137E00	1.6082147407E00	?	1.5605058292E00	1.5605058292E00	1.6150451930E00	1.7268938869E00	1.7303943249E00	1.5253760817E00	1.5568750319E00	?	1.5985976201E00	1.5985976201E00	1.5504372784E00	1.6511351506E00	1.6449269107E00	1.5268670487E00	1.5247537790E00	1.5634210195E00	4.5763633873E-01	4.7305493389E-01	7.8588830965E-02	9.2243773722E-02	0.0000000000E00	7.2340394168E-01	8.5704116999E-01	2.0000000000E00	1.7683174848E00	1.1495510887E00	2.0000000000E00	1.1548480550E00	7.3036693654E-01	1.1457356086E00	7.2887772268E-01	6.9303645903E-01	
Swaption Exercise Date	1.8391023904E00	1.8477008051E00	1.6237647430E00	1.6175072422E00	1.5796343783E00	1.5424556353E00	?	1.4878755875E00	1.4878755875E00	1.5502896546E00	1.7678821047E00	1.7708894872E00	1.5933080790E00	1.6207836019E00	?	1.6570690087E00	1.6570690087E00	1.6151738640E00	1.5917649514E00	1.5846203845E00	1.4495371560E00	1.4471326329E00	1.4912036949E00	8.6363354978E-01	8.6615738500E-01	7.5324098650E-01	7.4443602113E-01	7.2340394168E-01	0.0000000000E00	1.1079136691E00	2.0000000000E00	1.7274005857E00	1.2950907545E00	2.0000000000E00	1.3007997887E00	9.1356860003E-01	1.2918032787E00	9.1059147180E-01	4.5404556167E-01	
Swaption Number Of Periods	1.6762308204E00	1.6928367471E00	1.2835905189E00	1.2728106317E00	1.2082770682E00	1.1460889643E00	?	1.0568156638E00	1.0568156638E00	1.1590985493E00	1.8860773897E00	1.8875990847E00	1.7955741843E00	1.8101070335E00	?	1.8291318701E00	1.8291318701E00	1.8071487826E00	1.2288152807E00	1.2167039473E00	1.0013020801E00	9.9813001119E-01	1.0674290853E00	1.1972802356E00	1.2076885502E00	9.2013631695E-01	9.3088673269E-01	8.5704116999E-01	1.1079136691E00	0.0000000000E00	2.0000000000E00	1.4671506952E00	1.5963007595E00	2.0000000000E00	1.5997065213E00	1.3081574176E00	1.5941023417E00	1.3070866142E00	8.7224669604E-01	
Numeraire Single-Curve	2.0000000000E00	2.0000000000E00	2.0000000000E00	2.0000000000E00	2.0000000000E00	2.0000000000E00	?	2.0000000000E00	2.0000000000E00	2.0000000000E00	2.0000000000E00	2.0000000000E00	2.0000000000E00	2.0000000000E00	?	2.0000000000E00	2.0000000000E00	2.0000000000E00	2.0000000000E00	2.0000000000E00	2.0000000000E00	2.0000000000E00	2.0000000000E00	2.0000000000E00	2.0000000000E00	2.0000000000E00	2.0000000000E00	2.0000000000E00	2.0000000000E00	2.0000000000E00	0.0000000000E00	2.0000000000E00	2.0000000000E00	1.5015387327E00	2.0000000000E00	2.0000000000E00	2.0000000000E00	2.0000000000E00	2.0000000000E00	
Discount Single-Curve	5.4281261050E-01	5.9533893221E-01	3.4686691840E-01	3.6451377547E-01	4.6491533118E-01	5.5390931072E-01	?	6.7007363794E-01	6.7007363794E-01	5.3587618896E-01	1.9820593614E00	1.9823048372E00	1.9671625116E00	1.9695946817E00	?	1.9727551620E00	1.9727551620E00	1.9691008626E00	4.3390063441E-01	4.5229201455E-01	7.4291624619E-01	7.4727049058E-01	6.6343068186E-01	1.8513951388E00	1.8537100605E00	1.7848946129E00	1.7876620630E00	1.7683174848E00	1.7274005857E00	1.4671506952E00	2.0000000000E00	0.0000000000E00	1.9321632316E00	2.0000000000E00	1.9327884834E00	1.8661962531E00	1.9317591083E00	1.8658075693E00	1.5851647520E00	
OIS Spot Rate Single-Curve	1.9608418503E00	1.9629971786E00	1.9043762176E00	1.9026604491E00	1.8921807552E00	1.8817315112E00	?	1.8660935145E00	1.8660935145E00	1.8839467980E00	1.1716984944E00	1.1807506979E00	7.0307588488E-01	7.7010897995E-01	?	8.6221337824E-01	8.6221337824E-01	7.5623792125E-01	1.8955552742E00	1.8935698334E00	1.8548910968E00	1.8541823856E00	1.8670574076E00	8.8309777523E-01	8.7270383840E-01	1.1067993576E00	1.0974703599E00	1.1495510887E00	1.2950907545E00	1.5963007595E00	2.0000000000E00	1.9321632316E00	0.0000000000E00	2.0000000000E00	1.4270182659E-02	6.6936857270E-01	8.4810852664E-03	6.7203226447E-01	1.4944506887E00	
Numeraire Multi-Curve	2.0000000000E00	2.0000000000E00	2.0000000000E00	2.0000000000E00	2.0000000000E00	2.0000000000E00	?	2.0000000000E00	2.0000000000E00	2.0000000000E00	2.0000000000E00	2.0000000000E00	2.0000000000E00	2.0000000000E00	?	2.0000000000E00	2.0000000000E00	2.0000000000E00	2.0000000000E00	2.0000000000E00	2.0000000000E00	2.0000000000E00	2.0000000000E00	2.0000000000E00	2.0000000000E00	2.0000000000E00	2.0000000000E00	2.0000000000E00	2.0000000000E00	2.0000000000E00	1.5015387327E00	2.0000000000E00	2.0000000000E00	0.0000000000E00	2.0000000000E00	2.0000000000E00	2.0000000000E00	2.0000000000E00	2.0000000000E00	
OIS Spot Rate Multi-Curve	1.9612053790E00	1.9633408833E00	1.9052514113E00	1.9035509583E00	1.8931645132E00	1.8828077389E00	?	1.8673071814E00	1.8673071814E00	1.8850034641E00	1.1654953787E00	1.1745977317E00	6.9480747387E-01	7.6207221240E-01	?	8.5452959472E-01	8.5452959472E-01	7.4815147459E-01	1.8965090613E00	1.8945412607E00	1.8562025208E00	1.8554999746E00	1.8682626359E00	8.8997547485E-01	8.7962894618E-01	1.1125506139E00	1.1032617009E00	1.1548480550E00	1.3007997887E00	1.5997065213E00	2.0000000000E00	1.9327884834E00	1.4270182659E-02	2.0000000000E00	0.0000000000E00	6.7771906400E-01	1.7620024191E-02	6.8037430335E-01	1.4986374619E00	
LIBOR Spot Rate Multi-Curve	1.9222113175E00	1.9264534514E00	1.8126753818E00	1.8093945586E00	1.7894155567E00	1.7695964427E00	?	1.7401240832E00	1.7401240832E00	1.7737897291E00	1.5392578053E00	1.5448695056E00	1.2279687460E00	1.2751471837E00	?	1.3384623936E00	1.3384623936E00	1.2654617136E00	1.7958377022E00	1.7920578662E00	1.7191488101E00	1.7178256626E00	1.7419342094E00	4.8930834411E-01	4.8331247355E-01	6.8015872068E-01	6.6885170676E-01	7.3036693654E-01	9.1356860003E-01	1.3081574176E00	2.0000000000E00	1.8661962531E00	6.6936857270E-01	2.0000000000E00	6.7771906400E-01	0.0000000000E00	6.6399759358E-01	1.1481156105E-02	1.1384599685E00	
OIS Forward Rate Multi-Curve	1.9606068622E00	1.9627750031E00	1.9038106084E00	1.9020849457E00	1.8915450142E00	1.8810360409E00	?	1.8653092767E00	1.8653092767E00	1.8832639628E00	1.1756599987E00	1.1846800375E00	7.0836593259E-01	7.7524949154E-01	?	8.6712636211E-01	8.6712636211E-01	7.6141048631E-01	1.8949388935E00	1.8929420576E00	1.8540437278E00	1.8533310356E00	1.8662786198E00	8.7899647439E-01	8.6857592838E-01	1.1034516599E00	1.0941007383E00	1.1457356086E00	1.2918032787E00	1.5941023417E00	2.0000000000E00	1.9317591083E00	8.4810852664E-03	2.0000000000E00	1.7620024191E-02	6.6399759358E-01	0.0000000000E00	6.6666666667E-01	1.4916387960E00	
LIBOR Forward Rate Multi-Curve	1.9219820672E00	1.9262364680E00	1.8121387808E00	1.8088490307E00	1.7888160174E00	1.7689439183E00	?	1.7393938608E00	1.7393938608E00	1.7731483658E00	1.5404798993E00	1.5460786238E00	1.2298368453E00	1.2769266962E00	?	1.3401177854E00	1.3401177854E00	1.2672596842E00	1.7952554590E00	1.7914654356E00	1.7183640876E00	1.7170375245E00	1.7412087213E00	4.9067717134E-01	4.8511824434E-01	6.7887489974E-01	6.6756992238E-01	7.2887772268E-01	9.1059147180E-01	1.3070866142E00	2.0000000000E00	1.8658075693E00	6.7203226447E-01	2.0000000000E00	6.8037430335E-01	1.1481156105E-02	6.6666666667E-01	0.0000000000E00	1.1360946746E00	
Time	1.7512604745E00	1.7642649395E00	1.4356415574E00	1.4267501710E00	1.3732616945E00	1.3212912664E00	?	1.2459445638E00	1.2459445638E00	1.3321981807E00	1.8500887001E00	1.8520728070E00	1.7329597562E00	1.7516526781E00	?	1.7761898800E00	1.7761898800E00	1.7478440614E00	1.3903333193E00	1.3802717313E00	1.1936817311E00	1.1904218815E00	1.2505070445E00	1.0074556898E00	1.0186156316E00	7.5259910564E-01	7.5833976759E-01	6.9303645903E-01	4.5404556167E-01	8.7224669604E-01	2.0000000000E00	1.5851647520E00	1.4944506887E00	2.0000000000E00	1.4986374619E00	1.1384599685E00	1.4916387960E00	1.1360946746E00	0.0000000000E00	
