	Target (OIS)	Target (LIBOR)	Caplet Vola Analytic Single-Curve	Caplet Vola Monte-Carlo Single-Curve	Caplet Vola Analytic Multi-Curve Fenton-Wilkinson	Caplet Vola Analytic Multi-Curve Ju	Caplet Vola Analytic Multi-Curve Ho	Caplet Vola Analytic Multi-Curve Drift-Freeze	Caplet Vola Analytic Multi-Curve Integrated-Expectation	Caplet Vola Monte-Carlo Multi-Curve	Caplet Value Analytic Single-Curve	Caplet Value Monte-Carlo Single-Curve	Caplet Value Analytic Multi-Curve Fenton-Wilkinson	Caplet Value Analytic Multi-Curve Ju	Caplet Value Analytic Multi-Curve Ho	Caplet Value Analytic Multi-Curve Drift-Freeze	Caplet Value Analytic Multi-Curve Integrated-Expectation	Caplet Value Monte-Carlo Multi-Curve	Swaption Vola Analytic Single-Curve	Swaption Vola Monte-Carlo Single-Curve	Swaption Vola Analytic Multi-Curve Drift-Freeze	Swaption Vola Analytic Multi-Curve Integrated-Expectation	Swaption Vola Monte-Carlo Multi-Curve	Swaption Value Analytic Single-Curve	Swaption Value Monte-Carlo Single-Curve	Swaption Value Analytic Multi-Curve Drift-Freeze	Swaption Value Analytic Multi-Curve Integrated-Expectation	Swaption Value Monte-Carlo Multi-Curve	Swaption Exercise Date	Swaption Number Of Periods	Numeraire Single-Curve	Discount Single-Curve	OIS Spot Rate Single-Curve	Numeraire Multi-Curve	OIS Spot Rate Multi-Curve	LIBOR Spot Rate Multi-Curve	OIS Forward Rate Multi-Curve	LIBOR Forward Rate Multi-Curve	Time
Target (OIS)	0.0000000000E00	3.4648610645E-02	5.9467859796E-01	5.8028107043E-01	5.7333389571E-01	5.6032872860E-01	4.7400776964E-01	4.6845691354E-01	4.6881733758E-01	5.2424696512E-01	1.9668852308E00	1.9677932947E00	1.9346123607E00	1.9370215878E00	1.9637096513E00	1.9446651396E00	1.9446460226E00	1.9386576435E00	5.3914634740E-01	5.1628880313E-01	3.9782148260E-01	3.9415248245E-01	4.4019652100E-01	1.4551913680E00	1.4656609826E00	1.3119847264E00	1.3161607407E00	1.2922964905E00	1.3358902230E00	7.5841943116E-01	1.2489746267E01	1.0892445293E00	1.6805833679E00	1.2489746136E01	1.6803899106E00	1.5026060852E00	1.6788792393E00	1.5015351634E00	1.0513856161E00	
Target (LIBOR)	3.4648610645E-02	0.0000000000E00	5.6886172419E-01	5.5445356012E-01	5.4872627344E-01	5.3633643411E-01	4.5289876707E-01	4.4602006327E-01	4.4638067742E-01	5.0036529231E-01	1.9694077452E00	1.9702869414E00	1.9381578146E00	1.9404913116E00	1.9663367333E00	1.9478951644E00	1.9478766446E00	1.9420764922E00	5.1178215560E-01	4.8898307664E-01	3.7483682061E-01	3.7139869902E-01	4.1648406247E-01	1.4711149426E00	1.4813824343E00	1.3306397380E00	1.3347708572E00	1.3112198306E00	1.3528383888E00	7.7836890160E-01	1.2489746267E01	1.0646990659E00	1.6914850825E00	1.2489746136E01	1.6912966420E00	1.5181036447E00	1.6898247682E00	1.5170565983E00	1.0709593006E00	
Caplet Vola Analytic Single-Curve	5.9467859796E-01	5.6886172419E-01	0.0000000000E00	1.6587736719E-02	5.1124081124E-02	7.8452154185E-02	1.8435941288E-01	1.7064286873E-01	1.7041175781E-01	1.0237994378E-01	1.9706563928E00	1.9712850630E00	1.9504170448E00	1.9519229172E00	1.9698887139E00	1.9571355655E00	1.9571211973E00	1.9531516285E00	1.1519093632E-01	1.2601949316E-01	2.3993343421E-01	2.4728700474E-01	2.0047639954E-01	1.6153226765E00	1.6234241349E00	1.5116425836E00	1.5153949253E00	1.4946539009E00	1.4751881691E00	1.1021146796E00	1.2489746267E01	7.3266263673E-01	1.7787517990E00	1.2489746136E01	1.7786061202E00	1.6640489996E00	1.7774480720E00	1.6631884894E00	1.2211016549E00	
Caplet Vola Monte-Carlo Single-Curve	5.8028107043E-01	5.5445356012E-01	1.6587736719E-02	0.0000000000E00	4.4189741601E-02	6.9276666594E-02	1.7141043739E-01	1.5653055936E-01	1.5631006647E-01	8.9522665721E-02	1.9682618584E00	1.9688958847E00	1.9477877247E00	1.9493097322E00	1.9674635085E00	1.9545738435E00	1.9545593488E00	1.9505493242E00	1.0798562837E-01	1.1627710661E-01	2.2546706147E-01	2.3280249117E-01	1.8669702906E-01	1.6095203586E00	1.6176823279E00	1.5049299280E00	1.5086967263E00	1.4878482018E00	1.4684459265E00	1.0917426464E00	1.2489746267E01	7.4148409139E-01	1.7742816473E00	1.2489746136E01	1.7741358330E00	1.6582869027E00	1.7729695501E00	1.6574210833E00	1.2128914202E00	
Caplet Vola Analytic Multi-Curve Fenton-Wilkinson	5.7333389571E-01	5.4872627344E-01	5.1124081124E-02	4.4189741601E-02	0.0000000000E00	3.0897636822E-02	1.3858238358E-01	1.2844109631E-01	1.2817165376E-01	5.8114195045E-02	1.9725783582E00	1.9732408186E00	1.9514267939E00	1.9529966824E00	1.9718797703E00	1.9584768360E00	1.9584615937E00	1.9542987325E00	1.2461337950E-01	1.2753237075E-01	2.0715214317E-01	2.1461663321E-01	1.6831519044E-01	1.6019072828E00	1.6103286714E00	1.4948530995E00	1.4987515497E00	1.4771922051E00	1.4530431984E00	1.0828675140E00	1.2489746267E01	7.7553955205E-01	1.7716754384E00	1.2489746136E01	1.7715222668E00	1.6527984469E00	1.7703056374E00	1.6518973276E00	1.1900142601E00	
Caplet Vola Analytic Multi-Curve Ju	5.6032872860E-01	5.3633643411E-01	7.8452154185E-02	6.9276666594E-02	3.0897636822E-02	0.0000000000E00	1.1570756069E-01	1.0504154579E-01	1.0472553485E-01	3.9922236201E-02	1.9719591987E00	1.9726360614E00	1.9504007820E00	1.9519910411E00	1.9713112720E00	1.9575917988E00	1.9575760828E00	1.9533329930E00	1.3004976773E-01	1.2895132151E-01	1.8763562807E-01	1.9483313323E-01	1.4925265464E-01	1.5945675106E00	1.6031175290E00	1.4862137859E00	1.4901545700E00	1.4682912287E00	1.4396498059E00	1.0728251896E00	1.2489746267E01	7.9589925369E-01	1.7666035910E00	1.2489746136E01	1.7664485552E00	1.6457799164E00	1.7652067410E00	1.6448599765E00	1.1728065304E00	
Caplet Vola Analytic Multi-Curve Ho	4.7400776964E-01	4.5289876707E-01	1.8435941288E-01	1.7141043739E-01	1.3858238358E-01	1.1570756069E-01	0.0000000000E00	3.1916580772E-02	3.1958992449E-02	8.3078169760E-02	1.9621450121E00	1.9628970857E00	1.9381161841E00	1.9398924262E00	1.9613563586E00	1.9461130111E00	1.9460956549E00	1.9413743754E00	1.9419794745E-01	1.7832402902E-01	1.1636500047E-01	1.2270331192E-01	1.0261893123E-01	1.5472420937E00	1.5565121106E00	1.4298046057E00	1.4340236848E00	1.4105624605E00	1.3823573514E00	9.9863546679E-01	1.2489746267E01	8.8137867450E-01	1.7350083679E00	1.2489746136E01	1.7348381403E00	1.6021376765E00	1.7334762340E00	1.6011360200E00	1.0977729206E00	
Caplet Vola Analytic Multi-Curve Drift-Freeze	4.6845691354E-01	4.4602006327E-01	1.7064286873E-01	1.5653055936E-01	1.2844109631E-01	1.0504154579E-01	3.1916580772E-02	0.0000000000E00	4.0054182063E-04	7.1135472223E-02	1.9572932779E00	1.9580241986E00	1.9337808712E00	1.9355116499E00	1.9564628701E00	1.9415734122E00	1.9415564988E00	1.9369557145E00	1.7034772435E-01	1.5356376004E-01	1.0259746071E-01	1.0944947782E-01	8.3966661426E-02	1.5510921970E00	1.5601669796E00	1.4355739315E00	1.4396825421E00	1.4167630358E00	1.3894702259E00	1.0016927729E00	1.2489746267E01	8.6295289030E-01	1.7347869251E00	1.2489746136E01	1.7346227060E00	1.6038940319E00	1.7332974476E00	1.6029178568E00	1.1102866938E00	
Caplet Vola Analytic Multi-Curve Integrated-Expectation	4.6881733758E-01	4.4638067742E-01	1.7041175781E-01	1.5631006647E-01	1.2817165376E-01	1.0472553485E-01	3.1958992449E-02	4.0054182063E-04	0.0000000000E00	7.0883880508E-02	1.9573603775E00	1.9580911808E00	1.9338538446E00	1.9355840954E00	1.9565316583E00	1.9416447952E00	1.9416278824E00	1.9370280879E00	1.7021070136E-01	1.5346346694E-01	1.0282268356E-01	1.0967264667E-01	8.4054192847E-02	1.5512361854E00	1.5603096522E00	1.4357419419E00	1.4398501776E00	1.4169327002E00	1.3895777788E00	1.0019606527E00	1.2489746267E01	8.6281684295E-01	1.7348946518E00	1.2489746136E01	1.7347304554E00	1.6040340893E00	1.7334053425E00	1.6030579961E00	1.1104154721E00	
Caplet Vola Monte-Carlo Multi-Curve	5.2424696512E-01	5.0036529231E-01	1.0237994378E-01	8.9522665721E-02	5.8114195045E-02	3.9922236201E-02	8.3078169760E-02	7.1135472223E-02	7.0883880508E-02	0.0000000000E00	1.9652792950E00	1.9659719264E00	1.9430728554E00	1.9447173191E00	1.9645088962E00	1.9504544843E00	1.9504385371E00	1.9460785698E00	1.3356639469E-01	1.2538367357E-01	1.5632070504E-01	1.6389119736E-01	1.2226107252E-01	1.5785882105E00	1.5873090537E00	1.4675993213E00	1.4716005057E00	1.4494042373E00	1.4248060259E00	1.0449062825E00	1.2489746267E01	8.1469962693E-01	1.7548718459E00	1.2489746136E01	1.7547128653E00	1.6305824378E00	1.7534490596E00	1.6296507667E00	1.1543628103E00	
Caplet Value Analytic Single-Curve	1.9668852308E00	1.9694077452E00	1.9706563928E00	1.9682618584E00	1.9725783582E00	1.9719591987E00	1.9621450121E00	1.9572932779E00	1.9573603775E00	1.9652792950E00	0.0000000000E00	1.6336402503E-02	3.6570885701E-01	3.3859128032E-01	1.7349665564E-01	2.6246133287E-01	2.6258229628E-01	3.2537146842E-01	1.9574666889E00	1.9553748292E00	1.9463287386E00	1.9465500277E00	1.9516820604E00	1.9630769978E00	1.9529261706E00	2.0141299185E00	2.0072570495E00	2.0267044968E00	2.1079256152E00	2.2738648367E00	1.2489746267E01	1.9977071916E00	1.3993165805E00	1.2489746136E01	1.3997534773E00	1.5658600694E00	1.4035778783E00	1.5671668490E00	2.0766378429E00	
Caplet Value Monte-Carlo Single-Curve	1.9677932947E00	1.9702869414E00	1.9712850630E00	1.9688958847E00	1.9732408186E00	1.9726360614E00	1.9628970857E00	1.9580241986E00	1.9580911808E00	1.9659719264E00	1.6336402503E-02	0.0000000000E00	3.7858909246E-01	3.5153834280E-01	1.7090949411E-01	2.7416169707E-01	2.7429302303E-01	3.3785734936E-01	1.9580880984E00	1.9560089873E00	1.9470715549E00	1.9472957025E00	1.9524020796E00	1.9680899331E00	1.9580240159E00	2.0181136015E00	2.0112626837E00	2.0305821051E00	2.1118668260E00	2.2755738853E00	1.2489746267E01	1.9979947092E00	1.4068435356E00	1.2489746136E01	1.4072815598E00	1.5711102656E00	1.4110917132E00	1.5724115191E00	2.0792755210E00	
Caplet Value Analytic Multi-Curve Fenton-Wilkinson	1.9346123607E00	1.9381578146E00	1.9504170448E00	1.9477877247E00	1.9514267939E00	1.9504007820E00	1.9381161841E00	1.9337808712E00	1.9338538446E00	1.9430728554E00	3.6570885701E-01	3.7858909246E-01	0.0000000000E00	3.0187688098E-02	3.5533357424E-01	1.1542031839E-01	1.1517699278E-01	4.5874526866E-02	1.9371425203E00	1.9345916845E00	1.9220884537E00	1.9221949362E00	1.9283311709E00	1.8129421560E00	1.8002913099E00	1.8912478366E00	1.8835707184E00	1.9074858023E00	1.9991276754E00	2.2135841100E00	1.2489746267E01	1.9877081368E00	1.1845169437E00	1.2489746136E01	1.1850087707E00	1.4021031343E00	1.1894527794E00	1.4037104765E00	2.0015081479E00	
Caplet Value Analytic Multi-Curve Ju	1.9370215878E00	1.9404913116E00	1.9519229172E00	1.9493097322E00	1.9529966824E00	1.9519910411E00	1.9398924262E00	1.9355116499E00	1.9355840954E00	1.9447173191E00	3.3859128032E-01	3.5153834280E-01	3.0187688098E-02	0.0000000000E00	3.3417691850E-01	9.0997270431E-02	9.0712308146E-02	2.8350515290E-02	1.9386383788E00	1.9361217293E00	1.9238648296E00	1.9239774562E00	1.9300414518E00	1.8242174411E00	1.8117447549E00	1.9006351488E00	1.8930148921E00	1.9165934709E00	2.0062366174E00	2.2181776491E00	1.2489746267E01	1.9884595696E00	1.1992182115E00	1.2489746136E01	1.1997106247E00	1.4140153786E00	1.2041221145E00	1.4156002310E00	2.0067157971E00	
Caplet Value Analytic Multi-Curve Ho	1.9637096513E00	1.9663367333E00	1.9698887139E00	1.9674635085E00	1.9718797703E00	1.9713112720E00	1.9613563586E00	1.9564628701E00	1.9565316583E00	1.9645088962E00	1.7349665564E-01	1.7090949411E-01	3.5533357424E-01	3.3417691850E-01	0.0000000000E00	2.4529771344E-01	2.4559963393E-01	3.1098097368E-01	1.9565397164E00	1.9544012907E00	1.9452728034E00	1.9454900061E00	1.9507458135E00	1.9575494132E00	1.9472592537E00	2.0080067592E00	2.0010320687E00	2.0210548088E00	2.1160081122E00	2.2673836229E00	1.2489746267E01	1.9968678055E00	1.4001498828E00	1.2489746136E01	1.4005904801E00	1.5580812240E00	1.4045090849E00	1.5594648973E00	2.0799631602E00	
Caplet Value Analytic Multi-Curve Drift-Freeze	1.9446651396E00	1.9478951644E00	1.9571355655E00	1.9545738435E00	1.9584768360E00	1.9575917988E00	1.9461130111E00	1.9415734122E00	1.9416447952E00	1.9504544843E00	2.6246133287E-01	2.7416169707E-01	1.1542031839E-01	9.0997270431E-02	2.4529771344E-01	0.0000000000E00	3.5955020305E-04	7.0309579614E-02	1.9438096020E00	1.9414008430E00	1.9300411168E00	1.9301812341E00	1.9360194305E00	1.8625187221E00	1.8506469095E00	1.9316512530E00	1.9242052131E00	1.9468010089E00	2.0373986638E00	2.2322843157E00	1.2489746267E01	1.9908863061E00	1.2555209444E00	1.2489746136E01	1.2560064768E00	1.4548343729E00	1.2603039484E00	1.4563694612E00	2.0277912920E00	
Caplet Value Analytic Multi-Curve Integrated-Expectation	1.9446460226E00	1.9478766446E00	1.9571211973E00	1.9545593488E00	1.9584615937E00	1.9575760828E00	1.9460956549E00	1.9415564988E00	1.9416278824E00	1.9504385371E00	2.6258229628E-01	2.7429302303E-01	1.1517699278E-01	9.0712308146E-02	2.4559963393E-01	3.5955020305E-04	0.0000000000E00	7.0082938488E-02	1.9437953458E00	1.9413863192E00	1.9300239946E00	1.9301640203E00	1.9360027683E00	1.8624151736E00	1.8505417608E00	1.9315699301E00	1.9241234861E00	1.9467214419E00	2.0372944948E00	2.2322503800E00	1.2489746267E01	1.9908800979E00	1.2553516151E00	1.2489746136E01	1.2558371774E00	1.4547236368E00	1.2601349431E00	1.4562587830E00	2.0277246365E00	
Caplet Value Monte-Carlo Multi-Curve	1.9386576435E00	1.9420764922E00	1.9531516285E00	1.9505493242E00	1.9542987325E00	1.9533329930E00	1.9413743754E00	1.9369557145E00	1.9370280879E00	1.9460785698E00	3.2537146842E-01	3.3785734936E-01	4.5874526866E-02	2.8350515290E-02	3.1098097368E-01	7.0309579614E-02	7.0082938488E-02	0.0000000000E00	1.9398562953E00	1.9373623015E00	1.9253261247E00	1.9254467888E00	1.9314637357E00	1.8328318973E00	1.8204875191E00	1.9074503273E00	1.8998639744E00	1.9232633628E00	2.0149772837E00	2.2210604599E00	1.2489746267E01	1.9889918512E00	1.2133258799E00	1.2489746136E01	1.2138126169E00	1.4233312726E00	1.2182040543E00	1.4249158348E00	2.0123443165E00	
Swaption Vola Analytic Single-Curve	5.3914634740E-01	5.1178215560E-01	1.1519093632E-01	1.0798562837E-01	1.2461337950E-01	1.3004976773E-01	1.9419794745E-01	1.7034772435E-01	1.7021070136E-01	1.3356639469E-01	1.9574666889E00	1.9580880984E00	1.9371425203E00	1.9386383788E00	1.9565397164E00	1.9438096020E00	1.9437953458E00	1.9398562953E00	0.0000000000E00	2.5551833433E-02	1.8785746044E-01	1.9369638264E-01	1.4839266647E-01	1.6083206981E00	1.6162053920E00	1.5053767097E00	1.5089014396E00	1.4889084780E00	1.4640417885E00	1.0913684879E00	1.2489746267E01	7.3263559719E-01	1.7648683061E00	1.2489746136E01	1.7647267325E00	1.6483808967E00	1.7635871197E00	1.6475322716E00	1.2155079118E00	
Swaption Vola Monte-Carlo Single-Curve	5.1628880313E-01	4.8898307664E-01	1.2601949316E-01	1.1627710661E-01	1.2753237075E-01	1.2895132151E-01	1.7832402902E-01	1.5356376004E-01	1.5346346694E-01	1.2538367357E-01	1.9553748292E00	1.9560089873E00	1.9345916845E00	1.9361217293E00	1.9544012907E00	1.9414008430E00	1.9413863192E00	1.9373623015E00	2.5551833433E-02	0.0000000000E00	1.6428427396E-01	1.7026665552E-01	1.2620341613E-01	1.5993953234E00	1.6074056807E00	1.4946978327E00	1.4982699516E00	1.4779969862E00	1.4536550627E00	1.0759890085E00	1.2489746267E01	7.5087096563E-01	1.7587787344E00	1.2489746136E01	1.7586346221E00	1.6398826109E00	1.7574751149E00	1.6390210970E00	1.2020636915E00	
Swaption Vola Analytic Multi-Curve Drift-Freeze	3.9782148260E-01	3.7483682061E-01	2.3993343421E-01	2.2546706147E-01	2.0715214317E-01	1.8763562807E-01	1.1636500047E-01	1.0259746071E-01	1.0282268356E-01	1.5632070504E-01	1.9463287386E00	1.9470715549E00	1.9220884537E00	1.9238648296E00	1.9452728034E00	1.9300411168E00	1.9300239946E00	1.9253261247E00	1.8785746044E-01	1.6428427396E-01	0.0000000000E00	1.1047597458E-02	4.6324534376E-02	1.5384147653E00	1.5474145283E00	1.4217474869E00	1.4256855485E00	1.4032159810E00	1.3707784790E00	9.8494371130E-01	1.2489746267E01	8.8532771917E-01	1.7179899979E00	1.2489746136E01	1.7178254364E00	1.5823568331E00	1.7164900977E00	1.5813740941E00	1.0942731315E00	
Swaption Vola Analytic Multi-Curve Integrated-Expectation	3.9415248245E-01	3.7139869902E-01	2.4728700474E-01	2.3280249117E-01	2.1461663321E-01	1.9483313323E-01	1.2270331192E-01	1.0944947782E-01	1.0967264667E-01	1.6389119736E-01	1.9465500277E00	1.9472957025E00	1.9221949362E00	1.9239774562E00	1.9454900061E00	1.9301812341E00	1.9301640203E00	1.9254467888E00	1.9369638264E-01	1.7026665552E-01	1.1047597458E-02	0.0000000000E00	5.2762017201E-02	1.5376194385E00	1.5466312370E00	1.4207187381E00	1.4246424823E00	1.4021865320E00	1.3681224382E00	9.8345490794E-01	1.2489746267E01	8.8992857648E-01	1.7170819091E00	1.2489746136E01	1.7169173053E00	1.5808634739E00	1.7155779256E00	1.5798773324E00	1.0912575117E00	
Swaption Vola Monte-Carlo Multi-Curve	4.4019652100E-01	4.1648406247E-01	2.0047639954E-01	1.8669702906E-01	1.6831519044E-01	1.4925265464E-01	1.0261893123E-01	8.3966661426E-02	8.4054192847E-02	1.2226107252E-01	1.9516820604E00	1.9524020796E00	1.9283311709E00	1.9300414518E00	1.9507458135E00	1.9360194305E00	1.9360027683E00	1.9314637357E00	1.4839266647E-01	1.2620341613E-01	4.6324534376E-02	5.2762017201E-02	0.0000000000E00	1.5566636560E00	1.5654383293E00	1.4432158059E00	1.4470835882E00	1.4250215459E00	1.3898651121E00	1.0164262318E00	1.2489746267E01	8.5680250166E-01	1.7308183980E00	1.2489746136E01	1.7306577575E00	1.5998048702E00	1.7293549243E00	1.5988423215E00	1.1177587828E00	
Swaption Value Analytic Single-Curve	1.4551913680E00	1.4711149426E00	1.6153226765E00	1.6095203586E00	1.6019072828E00	1.5945675106E00	1.5472420937E00	1.5510921970E00	1.5512361854E00	1.5785882105E00	1.9630769978E00	1.9680899331E00	1.8129421560E00	1.8242174411E00	1.9575494132E00	1.8625187221E00	1.8624151736E00	1.8328318973E00	1.6083206981E00	1.5993953234E00	1.5384147653E00	1.5376194385E00	1.5566636560E00	0.0000000000E00	2.8091759251E-02	2.9832038801E-01	2.8743360353E-01	3.3991829862E-01	9.7434357667E-01	1.2861413082E00	1.2489746267E01	1.8175469015E00	9.3921639676E-01	1.2489746136E01	9.3839115293E-01	6.3904464002E-01	9.3407511501E-01	6.3750016301E-01	1.0463074771E00	
Swaption Value Monte-Carlo Single-Curve	1.4656609826E00	1.4813824343E00	1.6234241349E00	1.6176823279E00	1.6103286714E00	1.6031175290E00	1.5565121106E00	1.5601669796E00	1.5603096522E00	1.5873090537E00	1.9529261706E00	1.9580240159E00	1.8002913099E00	1.8117447549E00	1.9472592537E00	1.8506469095E00	1.8505417608E00	1.8204875191E00	1.6162053920E00	1.6074056807E00	1.5474145283E00	1.5466312370E00	1.5654383293E00	2.8091759251E-02	0.0000000000E00	3.2411197634E-01	3.1301205962E-01	3.6595864218E-01	9.8451973458E-01	1.3042204182E00	1.2489746267E01	1.8218070016E00	9.2000901496E-01	1.2489746136E01	9.1918017954E-01	6.2554997882E-01	9.1489424662E-01	6.2409419011E-01	1.0629008496E00	
Swaption Value Analytic Multi-Curve Drift-Freeze	1.3119847264E00	1.3306397380E00	1.5116425836E00	1.5049299280E00	1.4948530995E00	1.4862137859E00	1.4298046057E00	1.4355739315E00	1.4357419419E00	1.4675993213E00	2.0141299185E00	2.0181136015E00	1.8912478366E00	1.9006351488E00	2.0080067592E00	1.9316512530E00	1.9315699301E00	1.9074503273E00	1.5053767097E00	1.4946978327E00	1.4217474869E00	1.4207187381E00	1.4432158059E00	2.9832038801E-01	3.2411197634E-01	0.0000000000E00	1.4078182060E-02	4.7699159526E-02	9.1735804948E-01	1.0582108454E00	1.2489746267E01	1.7594276807E00	1.1208069684E00	1.2489746136E01	1.1200763857E00	7.7799933548E-01	1.1159256795E00	7.7599040437E-01	8.8860551959E-01	
Swaption Value Analytic Multi-Curve Integrated-Expectation	1.3161607407E00	1.3347708572E00	1.5153949253E00	1.5086967263E00	1.4987515497E00	1.4901545700E00	1.4340236848E00	1.4396825421E00	1.4398501776E00	1.4716005057E00	2.0072570495E00	2.0112626837E00	1.8835707184E00	1.8930148921E00	2.0010320687E00	1.9242052131E00	1.9241234861E00	1.8998639744E00	1.5089014396E00	1.4982699516E00	1.4256855485E00	1.4246424823E00	1.4470835882E00	2.8743360353E-01	3.1301205962E-01	1.4078182060E-02	0.0000000000E00	6.0475537491E-02	9.1710915822E-01	1.0653409297E00	1.2489746267E01	1.7614262028E00	1.1101249349E00	1.2489746136E01	1.1093943591E00	7.6713545276E-01	1.1052487156E00	7.6514356305E-01	8.9375773899E-01	
Swaption Value Monte-Carlo Multi-Curve	1.2922964905E00	1.3112198306E00	1.4946539009E00	1.4878482018E00	1.4771922051E00	1.4682912287E00	1.4105624605E00	1.4167630358E00	1.4169327002E00	1.4494042373E00	2.0267044968E00	2.0305821051E00	1.9074858023E00	1.9165934709E00	2.0210548088E00	1.9468010089E00	1.9467214419E00	1.9232633628E00	1.4889084780E00	1.4779969862E00	1.4032159810E00	1.4021865320E00	1.4250215459E00	3.3991829862E-01	3.6595864218E-01	4.7699159526E-02	6.0475537491E-02	0.0000000000E00	9.0577933258E-01	1.0305419586E00	1.2489746267E01	1.7504281884E00	1.1500082943E00	1.2489746136E01	1.1492790267E00	8.0775207261E-01	1.1451212949E00	8.0567543421E-01	8.5988612531E-01	
Swaption Exercise Date	1.3358902230E00	1.3528383888E00	1.4751881691E00	1.4684459265E00	1.4530431984E00	1.4396498059E00	1.3823573514E00	1.3894702259E00	1.3895777788E00	1.4248060259E00	2.1079256152E00	2.1118668260E00	1.9991276754E00	2.0062366174E00	2.1160081122E00	2.0373986638E00	2.0372944948E00	2.0149772837E00	1.4640417885E00	1.4536550627E00	1.3707784790E00	1.3681224382E00	1.3898651121E00	9.7434357667E-01	9.8451973458E-01	9.1735804948E-01	9.1710915822E-01	9.0577933258E-01	0.0000000000E00	1.4001936390E00	1.2489746267E01	1.7561081990E00	1.1854933765E00	1.2489746136E01	1.1850391324E00	9.1566233208E-01	1.1802397276E00	9.1292019257E-01	4.9749066255E-01	
Swaption Number Of Periods	7.5841943116E-01	7.7836890160E-01	1.1021146796E00	1.0917426464E00	1.0828675140E00	1.0728251896E00	9.9863546679E-01	1.0016927729E00	1.0019606527E00	1.0449062825E00	2.2738648367E00	2.2755738853E00	2.2135841100E00	2.2181776491E00	2.2673836229E00	2.2322843157E00	2.2322503800E00	2.2210604599E00	1.0913684879E00	1.0759890085E00	9.8494371130E-01	9.8345490794E-01	1.0164262318E00	1.2861413082E00	1.3042204182E00	1.0582108454E00	1.0653409297E00	1.0305419586E00	1.4001936390E00	0.0000000000E00	1.2489746267E01	1.4705259795E00	1.7839038699E00	1.2489746136E01	1.7835547299E00	1.5085589051E00	1.7811580415E00	1.5070680027E00	1.0671823216E00	
Numeraire Single-Curve	1.2489746267E01	1.2489746267E01	1.2489746267E01	1.2489746267E01	1.2489746267E01	1.2489746267E01	1.2489746267E01	1.2489746267E01	1.2489746267E01	1.2489746267E01	1.2489746267E01	1.2489746267E01	1.2489746267E01	1.2489746267E01	1.2489746267E01	1.2489746267E01	1.2489746267E01	1.2489746267E01	1.2489746267E01	1.2489746267E01	1.2489746267E01	1.2489746267E01	1.2489746267E01	1.2489746267E01	1.2489746267E01	1.2489746267E01	1.2489746267E01	1.2489746267E01	1.2489746267E01	1.2489746267E01	0.0000000000E00	1.2489746267E01	1.2489746267E01	1.2033255573E01	1.2489746267E01	1.2489746267E01	1.2489746267E01	1.2489746267E01	1.2489746267E01	
Discount Single-Curve	1.0892445293E00	1.0646990659E00	7.3266263673E-01	7.4148409139E-01	7.7553955205E-01	7.9589925369E-01	8.8137867450E-01	8.6295289030E-01	8.6281684295E-01	8.1469962693E-01	1.9977071916E00	1.9979947092E00	1.9877081368E00	1.9884595696E00	1.9968678055E00	1.9908863061E00	1.9908800979E00	1.9889918512E00	7.3263559719E-01	7.5087096563E-01	8.8532771917E-01	8.8992857648E-01	8.5680250166E-01	1.8175469015E00	1.8218070016E00	1.7594276807E00	1.7614262028E00	1.7504281884E00	1.7561081990E00	1.4705259795E00	1.2489746267E01	0.0000000000E00	1.9034180292E00	1.2489746136E01	1.9033476805E00	1.8409170473E00	1.9027993126E00	1.8404984441E00	1.6150865428E00	
OIS Spot Rate Single-Curve	1.6805833679E00	1.6914850825E00	1.7787517990E00	1.7742816473E00	1.7716754384E00	1.7666035910E00	1.7350083679E00	1.7347869251E00	1.7348946518E00	1.7548718459E00	1.3993165805E00	1.4068435356E00	1.1845169437E00	1.1992182115E00	1.4001498828E00	1.2555209444E00	1.2553516151E00	1.2133258799E00	1.7648683061E00	1.7587787344E00	1.7179899979E00	1.7170819091E00	1.7308183980E00	9.3921639676E-01	9.2000901496E-01	1.1208069684E00	1.1101249349E00	1.1500082943E00	1.1854933765E00	1.7839038699E00	1.2489746267E01	1.9034180292E00	0.0000000000E00	1.2489746136E01	2.3976447434E-03	4.3933755915E-01	7.7002754621E-03	4.4131154566E-01	1.4039290061E00	
Numeraire Multi-Curve	1.2489746136E01	1.2489746136E01	1.2489746136E01	1.2489746136E01	1.2489746136E01	1.2489746136E01	1.2489746136E01	1.2489746136E01	1.2489746136E01	1.2489746136E01	1.2489746136E01	1.2489746136E01	1.2489746136E01	1.2489746136E01	1.2489746136E01	1.2489746136E01	1.2489746136E01	1.2489746136E01	1.2489746136E01	1.2489746136E01	1.2489746136E01	1.2489746136E01	1.2489746136E01	1.2489746136E01	1.2489746136E01	1.2489746136E01	1.2489746136E01	1.2489746136E01	1.2489746136E01	1.2489746136E01	1.2033255573E01	1.2489746136E01	1.2489746136E01	0.0000000000E00	1.2489746136E01	1.2489746136E01	1.2489746136E01	1.2489746136E01	1.2489746136E01	
OIS Spot Rate Multi-Curve	1.6803899106E00	1.6912966420E00	1.7786061202E00	1.7741358330E00	1.7715222668E00	1.7664485552E00	1.7348381403E00	1.7346227060E00	1.7347304554E00	1.7547128653E00	1.3997534773E00	1.4072815598E00	1.1850087707E00	1.1997106247E00	1.4005904801E00	1.2560064768E00	1.2558371774E00	1.2138126169E00	1.7647267325E00	1.7586346221E00	1.7178254364E00	1.7169173053E00	1.7306577575E00	9.3839115293E-01	9.1918017954E-01	1.1200763857E00	1.1093943591E00	1.1492790267E00	1.1850391324E00	1.7835547299E00	1.2489746267E01	1.9033476805E00	2.3976447434E-03	1.2489746136E01	0.0000000000E00	4.3873577053E-01	6.6995303932E-03	4.4071119795E-01	1.4034831575E00	
LIBOR Spot Rate Multi-Curve	1.5026060852E00	1.5181036447E00	1.6640489996E00	1.6582869027E00	1.6527984469E00	1.6457799164E00	1.6021376765E00	1.6038940319E00	1.6040340893E00	1.6305824378E00	1.5658600694E00	1.5711102656E00	1.4021031343E00	1.4140153786E00	1.5580812240E00	1.4548343729E00	1.4547236368E00	1.4233312726E00	1.6483808967E00	1.6398826109E00	1.5823568331E00	1.5808634739E00	1.5998048702E00	6.3904464002E-01	6.2554997882E-01	7.7799933548E-01	7.6713545276E-01	8.0775207261E-01	9.1566233208E-01	1.5085589051E00	1.2489746267E01	1.8409170473E00	4.3933755915E-01	1.2489746136E01	4.3873577053E-01	0.0000000000E00	4.3454075578E-01	4.1508082719E-03	1.1318354386E00	
OIS Forward Rate Multi-Curve	1.6788792393E00	1.6898247682E00	1.7774480720E00	1.7729695501E00	1.7703056374E00	1.7652067410E00	1.7334762340E00	1.7332974476E00	1.7334053425E00	1.7534490596E00	1.4035778783E00	1.4110917132E00	1.1894527794E00	1.2041221145E00	1.4045090849E00	1.2603039484E00	1.2601349431E00	1.2182040543E00	1.7635871197E00	1.7574751149E00	1.7164900977E00	1.7155779256E00	1.7293549243E00	9.3407511501E-01	9.1489424662E-01	1.1159256795E00	1.1052487156E00	1.1451212949E00	1.1802397276E00	1.7811580415E00	1.2489746267E01	1.9027993126E00	7.7002754621E-03	1.2489746136E01	6.6995303932E-03	4.3454075578E-01	0.0000000000E00	4.3648499821E-01	1.3996202600E00	
LIBOR Forward Rate Multi-Curve	1.5015351634E00	1.5170565983E00	1.6631884894E00	1.6574210833E00	1.6518973276E00	1.6448599765E00	1.6011360200E00	1.6029178568E00	1.6030579961E00	1.6296507667E00	1.5671668490E00	1.5724115191E00	1.4037104765E00	1.4156002310E00	1.5594648973E00	1.4563694612E00	1.4562587830E00	1.4249158348E00	1.6475322716E00	1.6390210970E00	1.5813740941E00	1.5798773324E00	1.5988423215E00	6.3750016301E-01	6.2409419011E-01	7.7599040437E-01	7.6514356305E-01	8.0567543421E-01	9.1292019257E-01	1.5070680027E00	1.2489746267E01	1.8404984441E00	4.4131154566E-01	1.2489746136E01	4.4071119795E-01	4.1508082719E-03	4.3648499821E-01	0.0000000000E00	1.1293221145E00	
Time	1.0513856161E00	1.0709593006E00	1.2211016549E00	1.2128914202E00	1.1900142601E00	1.1728065304E00	1.0977729206E00	1.1102866938E00	1.1104154721E00	1.1543628103E00	2.0766378429E00	2.0792755210E00	2.0015081479E00	2.0067157971E00	2.0799631602E00	2.0277912920E00	2.0277246365E00	2.0123443165E00	1.2155079118E00	1.2020636915E00	1.0942731315E00	1.0912575117E00	1.1177587828E00	1.0463074771E00	1.0629008496E00	8.8860551959E-01	8.9375773899E-01	8.5988612531E-01	4.9749066255E-01	1.0671823216E00	1.2489746267E01	1.6150865428E00	1.4039290061E00	1.2489746136E01	1.4034831575E00	1.1318354386E00	1.3996202600E00	1.1293221145E00	0.0000000000E00	
