	Target (OIS)	Target (LIBOR)	Caplet Vola Analytic Single-Curve	Caplet Vola Monte-Carlo Single-Curve	Caplet Vola Analytic Multi-Curve Fenton-Wilkinson	Caplet Vola Analytic Multi-Curve Ju	Caplet Vola Analytic Multi-Curve Ho	Caplet Vola Analytic Multi-Curve Drift-Freeze	Caplet Vola Analytic Multi-Curve Integrated-Expectation	Caplet Vola Monte-Carlo Multi-Curve	Caplet Value Analytic Single-Curve	Caplet Value Monte-Carlo Single-Curve	Caplet Value Analytic Multi-Curve Fenton-Wilkinson	Caplet Value Analytic Multi-Curve Ju	Caplet Value Analytic Multi-Curve Ho	Caplet Value Analytic Multi-Curve Drift-Freeze	Caplet Value Analytic Multi-Curve Integrated-Expectation	Caplet Value Monte-Carlo Multi-Curve	Swaption Vola Analytic Single-Curve	Swaption Vola Monte-Carlo Single-Curve	Swaption Vola Analytic Multi-Curve Drift-Freeze	Swaption Vola Analytic Multi-Curve Integrated-Expectation	Swaption Vola Monte-Carlo Multi-Curve	Swaption Value Analytic Single-Curve	Swaption Value Monte-Carlo Single-Curve	Swaption Value Analytic Multi-Curve Drift-Freeze	Swaption Value Analytic Multi-Curve Integrated-Expectation	Swaption Value Monte-Carlo Multi-Curve	Swaption Exercise Date	Swaption Number Of Periods	Numeraire Single-Curve	Discount Single-Curve	OIS Spot Rate Single-Curve	Numeraire Multi-Curve	OIS Spot Rate Multi-Curve	LIBOR Spot Rate Multi-Curve	OIS Forward Rate Multi-Curve	LIBOR Forward Rate Multi-Curve	Time
Target (OIS)	0.0000000000E00	1.1065306597E-02	2.7759109865E-01	2.7868442257E-01	2.7021821818E-01	2.7657722108E-01	2.2280800290E-01	2.3557583202E-01	2.3583441356E-01	2.5574794548E-01	3.1974406545E-01	3.1974225182E-01	3.1852232086E-01	3.1856153434E-01	3.1890161468E-01	3.1857565446E-01	3.1857572308E-01	3.1853659090E-01	2.8887305926E-01	2.7039407811E-01	2.2508244382E-01	2.3652991691E-01	2.4093435093E-01	3.0670384732E-01	3.0675052726E-01	3.0224660146E-01	3.0225467470E-01	3.0223685168E-01	3.1089389132E-01	2.8502755691E-01	5.1734524017E84	6.9556228128E-01	3.0894843377E-01	9.6302764290E82	3.0894568459E-01	2.9494391291E-01	3.0895353202E-01	2.9495353202E-01	3.0186982720E-01	
Target (LIBOR)	1.1065306597E-02	0.0000000000E00	2.7170045454E-01	2.7279377846E-01	2.6432757408E-01	2.7068657697E-01	2.1691735880E-01	2.2968518792E-01	2.2994376946E-01	2.4985730138E-01	3.3080937205E-01	3.3080755842E-01	3.2958762745E-01	3.2962684094E-01	3.2996692128E-01	3.2964096105E-01	3.2964102968E-01	3.2960189749E-01	2.8291111607E-01	2.6443213492E-01	2.1912050063E-01	2.3056797372E-01	2.3497240774E-01	3.1759284768E-01	3.1767707303E-01	3.1297771673E-01	3.1298578997E-01	3.1296796695E-01	3.2195919791E-01	2.9554574853E-01	5.1734524017E84	6.8513325677E-01	3.1998131418E-01	9.6302764290E82	3.1997856500E-01	3.0597679333E-01	3.1998641243E-01	3.0598641243E-01	3.1279637296E-01	
Caplet Vola Analytic Single-Curve	2.7759109865E-01	2.7170045454E-01	0.0000000000E00	1.1072413432E-02	3.2579230970E-02	4.4238435136E-02	7.9998763238E-02	8.1750737505E-02	8.1703531221E-02	5.0269341368E-02	4.4872036887E-01	4.4886049879E-01	4.4651125244E-01	4.4663521484E-01	4.4943978297E-01	4.4751222067E-01	4.4750842313E-01	4.4696775408E-01	1.0008926693E-01	9.6593786272E-02	1.4530139522E-01	1.5118929211E-01	1.3475651872E-01	4.4265561774E-01	4.4304721945E-01	4.3883631842E-01	4.3881847751E-01	4.3777454760E-01	3.9512736725E-01	4.3594545530E-01	5.1734524017E84	7.5531957834E-01	4.2317469624E-01	9.6302764290E82	4.2297238006E-01	4.1175259462E-01	4.2283593140E-01	4.1139896864E-01	3.4512736725E-01	
Caplet Vola Monte-Carlo Single-Curve	2.7868442257E-01	2.7279377846E-01	1.1072413432E-02	0.0000000000E00	3.1268301305E-02	4.2394557610E-02	7.7744466707E-02	7.3871035981E-02	7.3884357074E-02	4.6398157690E-02	4.4234416365E-01	4.4233189653E-01	4.4146351917E-01	4.4138010741E-01	4.4379910183E-01	4.4190737858E-01	4.4190370524E-01	4.4162760683E-01	9.9565311213E-02	9.6058218197E-02	1.3548570864E-01	1.4137360553E-01	1.2494083214E-01	4.3220785374E-01	4.3256310074E-01	4.2956681531E-01	4.2917561200E-01	4.2902833849E-01	3.9009024563E-01	4.2659443956E-01	5.1734524017E84	7.5506682879E-01	4.1438834299E-01	9.6302764290E82	4.1455108566E-01	4.0939996057E-01	4.1446399443E-01	4.0953185157E-01	3.4152170379E-01	
Caplet Vola Analytic Multi-Curve Fenton-Wilkinson	2.7021821818E-01	2.6432757408E-01	3.2579230970E-02	3.1268301305E-02	0.0000000000E00	1.9441670031E-02	6.1974515674E-02	6.6405658785E-02	6.6309029771E-02	3.1417092093E-02	4.3762693115E-01	4.3776200871E-01	4.3585524937E-01	4.3586894450E-01	4.3864173970E-01	4.3667429881E-01	4.3667005256E-01	4.3627378667E-01	1.2143583528E-01	1.1666090099E-01	1.3040357226E-01	1.3755102596E-01	1.1957794910E-01	4.3182651933E-01	4.3221812104E-01	4.2800722001E-01	4.2798937909E-01	4.2694544919E-01	3.7675693376E-01	4.2511635689E-01	5.1734524017E84	7.6366600918E-01	4.1148272323E-01	9.6302764290E82	4.1132272536E-01	4.0205640438E-01	4.1113366309E-01	4.0174146229E-01	3.2116585801E-01	
Caplet Vola Analytic Multi-Curve Ju	2.7657722108E-01	2.7068657697E-01	4.4238435136E-02	4.2394557610E-02	1.9441670031E-02	0.0000000000E00	5.5977544609E-02	5.3116744069E-02	5.2912294283E-02	2.9794260287E-02	4.4048413420E-01	4.4052207319E-01	4.3946176100E-01	4.3938419693E-01	4.4189615908E-01	4.3997480237E-01	4.3997085721E-01	4.3971605313E-01	1.2509265007E-01	1.2031771578E-01	1.2309701919E-01	1.3024447289E-01	1.0878841782E-01	4.3259058652E-01	4.3305143180E-01	4.3069770577E-01	4.3030650246E-01	4.3015922895E-01	3.5836725247E-01	4.2772533002E-01	5.1734524017E84	7.6442670534E-01	4.1282777244E-01	9.6302764290E82	4.1272261880E-01	4.0729275908E-01	4.1268564749E-01	4.0742465008E-01	3.0227812377E-01	
Caplet Vola Analytic Multi-Curve Ho	2.2280800290E-01	2.1691735880E-01	7.9998763238E-02	7.7744466707E-02	6.1974515674E-02	5.5977544609E-02	0.0000000000E00	2.2095049867E-02	2.2079579807E-02	3.6182126100E-02	3.8646774398E-01	3.8645547686E-01	3.8558709951E-01	3.8550368775E-01	3.8792268217E-01	3.8603095892E-01	3.8602728558E-01	3.8575118717E-01	1.4902900621E-01	1.4425407192E-01	7.9617901844E-02	7.9301900309E-02	8.2495460733E-02	3.7758175673E-01	3.7804260200E-01	3.7568887597E-01	3.7529767267E-01	3.7515039915E-01	3.1530166780E-01	3.7271650023E-01	5.1734524017E84	7.8062686738E-01	3.5851192333E-01	9.6302764290E82	3.5867466600E-01	3.5352354091E-01	3.5858757477E-01	3.5365543191E-01	2.6530166780E-01	
Caplet Vola Analytic Multi-Curve Drift-Freeze	2.3557583202E-01	2.2968518792E-01	8.1750737505E-02	7.3871035981E-02	6.6405658785E-02	5.3116744069E-02	2.2095049867E-02	0.0000000000E00	2.7136612840E-04	3.9754835148E-02	3.9923557310E-01	3.9922330598E-01	3.9835492862E-01	3.9827151687E-01	4.0069051128E-01	3.9879878804E-01	3.9879511470E-01	3.9851901628E-01	1.2837850631E-01	1.2360357202E-01	6.9980275121E-02	7.7127728826E-02	6.3149711304E-02	3.8820765861E-01	3.8866850388E-01	3.8631477785E-01	3.8592357455E-01	3.8577630103E-01	3.1635002842E-01	3.8334240211E-01	5.1734524017E84	7.6459173374E-01	3.7127975244E-01	9.6302764290E82	3.7144249511E-01	3.6629137002E-01	3.7135540388E-01	3.6642326103E-01	2.7042994490E-01	
Caplet Vola Analytic Multi-Curve Integrated-Expectation	2.3583441356E-01	2.2994376946E-01	8.1703531221E-02	7.3884357074E-02	6.6309029771E-02	5.2912294283E-02	2.2079579807E-02	2.7136612840E-04	0.0000000000E00	3.9595821446E-02	3.9949415464E-01	3.9948188752E-01	3.9861351017E-01	3.9853009841E-01	4.0094909283E-01	3.9905736958E-01	3.9905369624E-01	3.9877759782E-01	1.2838419757E-01	1.2360926329E-01	7.0184724907E-02	7.7332178612E-02	6.3153147249E-02	3.8847507911E-01	3.8893592439E-01	3.8658219836E-01	3.8619099505E-01	3.8604372154E-01	3.1634774386E-01	3.8360982261E-01	5.1734524017E84	7.6459229228E-01	3.7153833399E-01	9.6302764290E82	3.7170107666E-01	3.6654995157E-01	3.7161398543E-01	3.6668184257E-01	2.7039826493E-01	
Caplet Vola Monte-Carlo Multi-Curve	2.5574794548E-01	2.4985730138E-01	5.0269341368E-02	4.6398157690E-02	3.1417092093E-02	2.9794260287E-02	3.6182126100E-02	3.9754835148E-02	3.9595821446E-02	0.0000000000E00	4.1940768656E-01	4.1939541944E-01	4.1852704208E-01	4.1844363033E-01	4.2086262474E-01	4.1897090150E-01	4.1896722816E-01	4.1869112974E-01	1.2513008688E-01	1.2035515259E-01	1.0148157694E-01	1.0736947383E-01	9.0936700438E-02	4.0611803316E-01	4.0657887844E-01	4.0422515241E-01	4.0383394911E-01	4.0368667559E-01	3.4811568510E-01	4.0125277667E-01	5.1734524017E84	7.6420909447E-01	3.9145186590E-01	9.6302764290E82	3.9161460857E-01	3.8646348348E-01	3.9152751734E-01	3.8659537449E-01	2.9513807932E-01	
Caplet Value Analytic Single-Curve	3.1974406545E-01	3.3080937205E-01	4.4872036887E-01	4.4234416365E-01	4.3762693115E-01	4.4048413420E-01	3.8646774398E-01	3.9923557310E-01	3.9949415464E-01	4.1940768656E-01	0.0000000000E00	1.4012991514E-04	3.0399114822E-03	2.6997199377E-03	1.4549381832E-03	2.2492389701E-03	2.2486901506E-03	2.7085055564E-03	4.5623385819E-01	4.3802297785E-01	3.9073760050E-01	4.0218507359E-01	4.1017473635E-01	9.9400891975E-02	9.6886148847E-02	1.2370443596E-01	1.2131051297E-01	1.2797517554E-01	1.5283106207E-01	3.3748057416E-01	5.1734524017E84	9.9779834868E-01	2.7955820655E-02	9.6302764290E82	2.7793077987E-02	3.9297543638E-02	2.7880169216E-02	3.9393841720E-02	1.8783106207E-01	
Caplet Value Monte-Carlo Single-Curve	3.1974225182E-01	3.3080755842E-01	4.4886049879E-01	4.4233189653E-01	4.3776200871E-01	4.4052207319E-01	3.8645547686E-01	3.9922330598E-01	3.9948188752E-01	4.1939541944E-01	1.4012991514E-04	0.0000000000E00	3.1446932973E-03	2.7741171878E-03	1.4672053030E-03	2.2686061509E-03	2.2680573314E-03	2.7278727372E-03	4.5633417255E-01	4.3812329221E-01	3.9077553950E-01	4.0222301258E-01	4.1027505071E-01	9.9530657166E-02	9.7015914037E-02	1.2382587434E-01	1.2143195135E-01	1.2809661392E-01	1.5281879495E-01	3.3748580919E-01	5.1734524017E84	9.9779813505E-01	2.7943553535E-02	9.6302764290E82	2.7799454389E-02	3.9324637574E-02	2.7867902097E-02	3.9480997725E-02	1.8781879495E-01	
Caplet Value Analytic Multi-Curve Fenton-Wilkinson	3.1852232086E-01	3.2958762745E-01	4.4651125244E-01	4.4146351917E-01	4.3585524937E-01	4.3946176100E-01	3.8558709951E-01	3.9835492862E-01	3.9861351017E-01	4.1852704208E-01	3.0399114822E-03	3.1446932973E-03	0.0000000000E00	3.7057610951E-04	2.9888919216E-03	1.1890257756E-03	1.1874539887E-03	4.6882281829E-04	4.5479674967E-01	4.3658586933E-01	3.8971522730E-01	4.0116270038E-01	4.0873762782E-01	9.7243716709E-02	9.4728973580E-02	1.2077146238E-01	1.1837753939E-01	1.2504220197E-01	1.5195041760E-01	3.3543603182E-01	5.1734524017E84	9.9753217364E-01	2.7075176179E-02	9.6302764290E82	2.6912433511E-02	3.6306511951E-02	2.6999524740E-02	3.6409698996E-02	1.8695041760E-01	
Caplet Value Analytic Multi-Curve Ju	3.1856153434E-01	3.2962684094E-01	4.4663521484E-01	4.4138010741E-01	4.3586894450E-01	4.3938419693E-01	3.8550368775E-01	3.9827151687E-01	3.9853009841E-01	4.1844363033E-01	2.6997199377E-03	2.7741171878E-03	3.7057610951E-04	0.0000000000E00	2.8045681344E-03	8.9506024858E-04	8.9199362974E-04	4.0982461347E-04	4.5476447879E-01	4.3655359845E-01	3.8963766323E-01	4.0108513631E-01	4.0870535695E-01	9.7367679108E-02	9.4852935979E-02	1.2111571851E-01	1.1872179552E-01	1.2538645810E-01	1.5186700584E-01	3.3555083173E-01	5.1734524017E84	9.9753372235E-01	2.6991764422E-02	9.6302764290E82	2.6829021754E-02	3.6602479327E-02	2.6916112983E-02	3.6719843167E-02	1.8686700584E-01	
Caplet Value Analytic Multi-Curve Ho	3.1890161468E-01	3.2996692128E-01	4.4943978297E-01	4.4379910183E-01	4.3864173970E-01	4.4189615908E-01	3.8792268217E-01	4.0069051128E-01	4.0094909283E-01	4.2086262474E-01	1.4549381832E-03	1.4672053030E-03	2.9888919216E-03	2.8045681344E-03	0.0000000000E00	1.9716990344E-03	1.9760773666E-03	2.6223854468E-03	4.5747300622E-01	4.3926212588E-01	3.9214962538E-01	4.0359709847E-01	4.1141388438E-01	1.0017224724E-01	9.7657504114E-02	1.2366793502E-01	1.2127401203E-01	1.2793867461E-01	1.5428600026E-01	3.3638322403E-01	5.1734524017E84	9.9757351281E-01	2.9410758838E-02	9.6302764290E82	2.9248016170E-02	3.9044302946E-02	2.9335107400E-02	3.9147770923E-02	1.8928600026E-01	
Caplet Value Analytic Multi-Curve Drift-Freeze	3.1857565446E-01	3.2964096105E-01	4.4751222067E-01	4.4190737858E-01	4.3667429881E-01	4.3997480237E-01	3.8603095892E-01	3.9879878804E-01	3.9905736958E-01	4.1897090150E-01	2.2492389701E-03	2.2686061509E-03	1.1890257756E-03	8.9506024858E-04	1.9716990344E-03	0.0000000000E00	4.3783321715E-06	7.5089148282E-04	4.5550405174E-01	4.3729317140E-01	3.9022826867E-01	4.0167574175E-01	4.0944492990E-01	9.8244684942E-02	9.5729941814E-02	1.2196048816E-01	1.1956656517E-01	1.2623122774E-01	1.5239427701E-01	3.3570463924E-01	5.1734524017E84	9.9752724671E-01	2.7519035593E-02	9.6302764290E82	2.7356292925E-02	3.7351824892E-02	2.7443384155E-02	3.7498335230E-02	1.8739427701E-01	
Caplet Value Analytic Multi-Curve Integrated-Expectation	3.1857572308E-01	3.2964102968E-01	4.4750842313E-01	4.4190370524E-01	4.3667005256E-01	4.3997085721E-01	3.8602728558E-01	3.9879511470E-01	3.9905369624E-01	4.1896722816E-01	2.2486901506E-03	2.2680573314E-03	1.1874539887E-03	8.9199362974E-04	1.9760773666E-03	4.3783321715E-06	0.0000000000E00	7.4821011746E-04	4.5549969223E-01	4.3728881188E-01	3.9022432351E-01	4.0167179659E-01	4.0944057038E-01	9.8240887400E-02	9.5726144272E-02	1.2195891637E-01	1.1956499338E-01	1.2622965596E-01	1.5239060367E-01	3.3570493135E-01	5.1734524017E84	9.9752724785E-01	2.7515362252E-02	9.6302764290E82	2.7352619584E-02	3.7350581545E-02	2.7439710813E-02	3.7497380169E-02	1.8739060367E-01	
Caplet Value Monte-Carlo Multi-Curve	3.1853659090E-01	3.2960189749E-01	4.4696775408E-01	4.4162760683E-01	4.3627378667E-01	4.3971605313E-01	3.8575118717E-01	3.9851901628E-01	3.9877759782E-01	4.1869112974E-01	2.7085055564E-03	2.7278727372E-03	4.6882281829E-04	4.0982461347E-04	2.6223854468E-03	7.5089148282E-04	7.4821011746E-04	0.0000000000E00	4.5517145387E-01	4.3696057353E-01	3.8996951943E-01	4.0141699251E-01	4.0911233202E-01	9.7700218355E-02	9.5185475227E-02	1.2122387326E-01	1.1882995027E-01	1.2549461285E-01	1.5211450526E-01	3.3552256016E-01	5.1734524017E84	9.9752646700E-01	2.7239263837E-02	9.6302764290E82	2.7076521169E-02	3.6638828600E-02	2.7163612399E-02	3.6806706824E-02	1.8711450526E-01	
Swaption Vola Analytic Single-Curve	2.8887305926E-01	2.8291111607E-01	1.0008926693E-01	9.9565311213E-02	1.2143583528E-01	1.2509265007E-01	1.4902900621E-01	1.2837850631E-01	1.2838419757E-01	1.2513008688E-01	4.5623385819E-01	4.5633417255E-01	4.5479674967E-01	4.5476447879E-01	4.5747300622E-01	4.5550405174E-01	4.5549969223E-01	4.5517145387E-01	0.0000000000E00	1.8478981157E-02	8.0839699568E-02	8.4155720401E-02	7.3492211740E-02	4.4908544204E-01	4.4953925761E-01	4.4611063987E-01	4.4587172756E-01	4.4496183666E-01	3.9087096730E-01	4.4366655744E-01	5.1734524017E84	7.1489487239E-01	4.2895434703E-01	9.6302764290E82	4.2898190155E-01	4.2137926188E-01	4.2868772146E-01	4.2109533769E-01	3.7868081002E-01	
Swaption Vola Monte-Carlo Single-Curve	2.7039407811E-01	2.6443213492E-01	9.6593786272E-02	9.6058218197E-02	1.1666090099E-01	1.2031771578E-01	1.4425407192E-01	1.2360357202E-01	1.2360926329E-01	1.2035515259E-01	4.3802297785E-01	4.3812329221E-01	4.3658586933E-01	4.3655359845E-01	4.3926212588E-01	4.3729317140E-01	4.3728881188E-01	4.3696057353E-01	1.8478981157E-02	0.0000000000E00	7.2341779703E-02	7.2567573878E-02	6.7396189484E-02	4.3087456170E-01	4.3132837727E-01	4.2789975953E-01	4.2766084721E-01	4.2675095632E-01	3.8477494505E-01	4.2545567710E-01	5.1734524017E84	7.1598333648E-01	4.1074346669E-01	9.6302764290E82	4.1077102121E-01	4.0316838153E-01	4.1047684112E-01	4.0285343944E-01	3.7390587573E-01	
Swaption Vola Analytic Multi-Curve Drift-Freeze	2.2508244382E-01	2.1912050063E-01	1.4530139522E-01	1.3548570864E-01	1.3040357226E-01	1.2309701919E-01	7.9617901844E-02	6.9980275121E-02	7.0184724907E-02	1.0148157694E-01	3.9073760050E-01	3.9077553950E-01	3.8971522730E-01	3.8963766323E-01	3.9214962538E-01	3.9022826867E-01	3.9022432351E-01	3.8996951943E-01	8.0839699568E-02	7.2341779703E-02	0.0000000000E00	1.1447473083E-02	3.0682150655E-02	3.8284405282E-01	3.8330489810E-01	3.8095117207E-01	3.8055996877E-01	3.8041269525E-01	3.1582601302E-01	3.7797879633E-01	5.1734524017E84	7.3477839339E-01	3.6300047960E-01	9.6302764290E82	3.6297608511E-01	3.5737832115E-01	3.6293911379E-01	3.5730472225E-01	3.0582601302E-01	
Swaption Vola Analytic Multi-Curve Integrated-Expectation	2.3652991691E-01	2.3056797372E-01	1.5118929211E-01	1.4137360553E-01	1.3755102596E-01	1.3024447289E-01	7.9301900309E-02	7.7127728826E-02	7.7332178612E-02	1.0736947383E-01	4.0218507359E-01	4.0222301258E-01	4.0116270038E-01	4.0108513631E-01	4.0359709847E-01	4.0167574175E-01	4.0167179659E-01	4.0141699251E-01	8.4155720401E-02	7.2567573878E-02	1.1447473083E-02	0.0000000000E00	3.1663174650E-02	3.9429152591E-01	3.9475237118E-01	3.9239864516E-01	3.9200744185E-01	3.9186016833E-01	3.1553445287E-01	3.8942626941E-01	5.1734524017E84	7.3514851646E-01	3.7444795268E-01	9.6302764290E82	3.7442355819E-01	3.6882579423E-01	3.7438658687E-01	3.6875219534E-01	3.0553445287E-01	
Swaption Vola Monte-Carlo Multi-Curve	2.4093435093E-01	2.3497240774E-01	1.3475651872E-01	1.2494083214E-01	1.1957794910E-01	1.0878841782E-01	8.2495460733E-02	6.3149711304E-02	6.3153147249E-02	9.0936700438E-02	4.1017473635E-01	4.1027505071E-01	4.0873762782E-01	4.0870535695E-01	4.1141388438E-01	4.0944492990E-01	4.0944057038E-01	4.0911233202E-01	7.3492211740E-02	6.7396189484E-02	3.0682150655E-02	3.1663174650E-02	0.0000000000E00	4.0302632020E-01	4.0348013576E-01	4.0005151802E-01	3.9981260571E-01	3.9890271481E-01	3.2011758231E-01	3.9760743559E-01	5.1734524017E84	7.3595903027E-01	3.8289522518E-01	9.6302764290E82	3.8292277971E-01	3.7532014003E-01	3.8262859962E-01	3.7500519794E-01	3.1011758231E-01	
Swaption Value Analytic Single-Curve	3.0670384732E-01	3.1759284768E-01	4.4265561774E-01	4.3220785374E-01	4.3182651933E-01	4.3259058652E-01	3.7758175673E-01	3.8820765861E-01	3.8847507911E-01	4.0611803316E-01	9.9400891975E-02	9.9530657166E-02	9.7243716709E-02	9.7367679108E-02	1.0017224724E-01	9.8244684942E-02	9.8240887400E-02	9.7700218355E-02	4.4908544204E-01	4.3087456170E-01	3.8284405282E-01	3.9429152591E-01	4.0302632020E-01	0.0000000000E00	2.7996068295E-03	2.5817675386E-02	2.4379568404E-02	3.0088414969E-02	1.4486525650E-01	2.9224370464E-01	5.1734524017E84	9.9703113963E-01	7.3985722078E-02	9.6302764290E82	7.3965273708E-02	6.2150671310E-02	7.3708831918E-02	6.1867887131E-02	1.7486525650E-01	
Swaption Value Monte-Carlo Single-Curve	3.0675052726E-01	3.1767707303E-01	4.4304721945E-01	4.3256310074E-01	4.3221812104E-01	4.3305143180E-01	3.7804260200E-01	3.8866850388E-01	3.8893592439E-01	4.0657887844E-01	9.6886148847E-02	9.7015914037E-02	9.4728973580E-02	9.4852935979E-02	9.7657504114E-02	9.5729941814E-02	9.5726144272E-02	9.5185475227E-02	4.4953925761E-01	4.3132837727E-01	3.8330489810E-01	3.9475237118E-01	4.0348013576E-01	2.7996068295E-03	0.0000000000E00	2.8617282215E-02	2.6537215547E-02	3.2888021799E-02	1.4532610177E-01	2.9339591792E-01	5.1734524017E84	9.9703485545E-01	7.1186115249E-02	9.6302764290E82	7.1165666879E-02	5.9635928182E-02	7.0909225089E-02	5.9353144002E-02	1.7532610177E-01	
Swaption Value Analytic Multi-Curve Drift-Freeze	3.0224660146E-01	3.1297771673E-01	4.3883631842E-01	4.2956681531E-01	4.2800722001E-01	4.3069770577E-01	3.7568887597E-01	3.8631477785E-01	3.8658219836E-01	4.0422515241E-01	1.2370443596E-01	1.2382587434E-01	1.2077146238E-01	1.2111571851E-01	1.2366793502E-01	1.2196048816E-01	1.2195891637E-01	1.2122387326E-01	4.4611063987E-01	4.2789975953E-01	3.8095117207E-01	3.9239864516E-01	4.0005151802E-01	2.5817675386E-02	2.8617282215E-02	0.0000000000E00	2.7122816009E-03	5.6652496077E-03	1.4297237574E-01	2.7665158199E-01	5.1734524017E84	9.9587119691E-01	9.9803397464E-02	9.6302764290E82	9.9782949094E-02	8.4623632078E-02	9.9526507304E-02	8.4526507304E-02	1.7297237574E-01	
Swaption Value Analytic Multi-Curve Integrated-Expectation	3.0225467470E-01	3.1298578997E-01	4.3881847751E-01	4.2917561200E-01	4.2798937909E-01	4.3030650246E-01	3.7529767267E-01	3.8592357455E-01	3.8619099505E-01	4.0383394911E-01	1.2131051297E-01	1.2143195135E-01	1.1837753939E-01	1.1872179552E-01	1.2127401203E-01	1.1956656517E-01	1.1956499338E-01	1.1882995027E-01	4.4587172756E-01	4.2766084721E-01	3.8055996877E-01	3.9200744185E-01	3.9981260571E-01	2.4379568404E-02	2.6537215547E-02	2.7122816009E-03	0.0000000000E00	8.1024133333E-03	1.4258117244E-01	2.7673140936E-01	5.1734524017E84	9.9587417861E-01	9.7409474474E-02	9.6302764290E82	9.7389026104E-02	8.2229709089E-02	9.7132584314E-02	8.2132584314E-02	1.7258117244E-01	
Swaption Value Monte-Carlo Multi-Curve	3.0223685168E-01	3.1296796695E-01	4.3777454760E-01	4.2902833849E-01	4.2694544919E-01	4.3015922895E-01	3.7515039915E-01	3.8577630103E-01	3.8604372154E-01	4.0368667559E-01	1.2797517554E-01	1.2809661392E-01	1.2504220197E-01	1.2538645810E-01	1.2793867461E-01	1.2623122774E-01	1.2622965596E-01	1.2549461285E-01	4.4496183666E-01	4.2675095632E-01	3.8041269525E-01	3.9186016833E-01	3.9890271481E-01	3.0088414969E-02	3.2888021799E-02	5.6652496077E-03	8.1024133333E-03	0.0000000000E00	1.4243389892E-01	2.7594322783E-01	5.1734524017E84	9.9588070864E-01	1.0407413705E-01	9.6302764290E82	1.0405368868E-01	8.8894371662E-02	1.0379724689E-01	8.8797246887E-02	1.7243389892E-01	
Swaption Exercise Date	3.1089389132E-01	3.2195919791E-01	3.9512736725E-01	3.9009024563E-01	3.7675693376E-01	3.5836725247E-01	3.1530166780E-01	3.1635002842E-01	3.1634774386E-01	3.4811568510E-01	1.5283106207E-01	1.5281879495E-01	1.5195041760E-01	1.5186700584E-01	1.5428600026E-01	1.5239427701E-01	1.5239060367E-01	1.5211450526E-01	3.9087096730E-01	3.8477494505E-01	3.1582601302E-01	3.1553445287E-01	3.2011758231E-01	1.4486525650E-01	1.4532610177E-01	1.4297237574E-01	1.4258117244E-01	1.4243389892E-01	0.0000000000E00	3.3000000000E-01	5.1734524017E84	9.8800399202E-01	1.2502168327E-01	9.6302764290E82	1.2503798409E-01	1.1988685900E-01	1.2496031746E-01	1.2001875000E-01	6.5000000000E-02	
Swaption Number Of Periods	2.8502755691E-01	2.9554574853E-01	4.3594545530E-01	4.2659443956E-01	4.2511635689E-01	4.2772533002E-01	3.7271650023E-01	3.8334240211E-01	3.8360982261E-01	4.0125277667E-01	3.3748057416E-01	3.3748580919E-01	3.3543603182E-01	3.3555083173E-01	3.3638322403E-01	3.3570463924E-01	3.3570493135E-01	3.3552256016E-01	4.4366655744E-01	4.2545567710E-01	3.7797879633E-01	3.8942626941E-01	3.9760743559E-01	2.9224370464E-01	2.9339591792E-01	2.7665158199E-01	2.7673140936E-01	2.7594322783E-01	3.3000000000E-01	0.0000000000E00	5.1734524017E84	9.7800399202E-01	3.2246319331E-01	9.6302764290E82	3.2245168409E-01	3.0498605890E-01	3.2246250000E-01	3.0500000000E-01	2.9500000000E-01	
Numeraire Single-Curve	5.1734524017E84	5.1734524017E84	5.1734524017E84	5.1734524017E84	5.1734524017E84	5.1734524017E84	5.1734524017E84	5.1734524017E84	5.1734524017E84	5.1734524017E84	5.1734524017E84	5.1734524017E84	5.1734524017E84	5.1734524017E84	5.1734524017E84	5.1734524017E84	5.1734524017E84	5.1734524017E84	5.1734524017E84	5.1734524017E84	5.1734524017E84	5.1734524017E84	5.1734524017E84	5.1734524017E84	5.1734524017E84	5.1734524017E84	5.1734524017E84	5.1734524017E84	5.1734524017E84	5.1734524017E84	0.0000000000E00	5.1734524017E84	5.1734524017E84	5.0771496374E84	5.1734524017E84	5.1734524017E84	5.1734524017E84	5.1734524017E84	5.1734524017E84	
Discount Single-Curve	6.9556228128E-01	6.8513325677E-01	7.5531957834E-01	7.5506682879E-01	7.6366600918E-01	7.6442670534E-01	7.8062686738E-01	7.6459173374E-01	7.6459229228E-01	7.6420909447E-01	9.9779834868E-01	9.9779813505E-01	9.9753217364E-01	9.9753372235E-01	9.9757351281E-01	9.9752724671E-01	9.9752724785E-01	9.9752646700E-01	7.1489487239E-01	7.1598333648E-01	7.3477839339E-01	7.3514851646E-01	7.3595903027E-01	9.9703113963E-01	9.9703485545E-01	9.9587119691E-01	9.9587417861E-01	9.9588070864E-01	9.8800399202E-01	9.7800399202E-01	5.1734524017E84	0.0000000000E00	9.9195768644E-01	9.6302764290E82	9.9195720689E-01	9.8343181524E-01	9.9195867952E-01	9.8343367952E-01	9.9300399202E-01	
OIS Spot Rate Single-Curve	3.0894843377E-01	3.1998131418E-01	4.2317469624E-01	4.1438834299E-01	4.1148272323E-01	4.1282777244E-01	3.5851192333E-01	3.7127975244E-01	3.7153833399E-01	3.9145186590E-01	2.7955820655E-02	2.7943553535E-02	2.7075176179E-02	2.6991764422E-02	2.9410758838E-02	2.7519035593E-02	2.7515362252E-02	2.7239263837E-02	4.2895434703E-01	4.1074346669E-01	3.6300047960E-01	3.7444795268E-01	3.8289522518E-01	7.3985722078E-02	7.1186115249E-02	9.9803397464E-02	9.7409474474E-02	1.0407413705E-01	1.2502168327E-01	3.2246319331E-01	5.1734524017E84	9.9195768644E-01	0.0000000000E00	9.6302764290E82	2.0231618257E-04	1.9396965517E-02	3.4906014266E-04	1.9416993791E-02	1.5987524142E-01	
Numeraire Multi-Curve	9.6302764290E82	9.6302764290E82	9.6302764290E82	9.6302764290E82	9.6302764290E82	9.6302764290E82	9.6302764290E82	9.6302764290E82	9.6302764290E82	9.6302764290E82	9.6302764290E82	9.6302764290E82	9.6302764290E82	9.6302764290E82	9.6302764290E82	9.6302764290E82	9.6302764290E82	9.6302764290E82	9.6302764290E82	9.6302764290E82	9.6302764290E82	9.6302764290E82	9.6302764290E82	9.6302764290E82	9.6302764290E82	9.6302764290E82	9.6302764290E82	9.6302764290E82	9.6302764290E82	9.6302764290E82	5.0771496374E84	9.6302764290E82	9.6302764290E82	0.0000000000E00	9.6302764290E82	9.6302764290E82	9.6302764290E82	9.6302764290E82	9.6302764290E82	
OIS Spot Rate Multi-Curve	3.0894568459E-01	3.1997856500E-01	4.2297238006E-01	4.1455108566E-01	4.1132272536E-01	4.1272261880E-01	3.5867466600E-01	3.7144249511E-01	3.7170107666E-01	3.9161460857E-01	2.7793077987E-02	2.7799454389E-02	2.6912433511E-02	2.6829021754E-02	2.9248016170E-02	2.7356292925E-02	2.7352619584E-02	2.7076521169E-02	4.2898190155E-01	4.1077102121E-01	3.6297608511E-01	3.7442355819E-01	3.8292277971E-01	7.3965273708E-02	7.1165666879E-02	9.9782949094E-02	9.7389026104E-02	1.0405368868E-01	1.2503798409E-01	3.2245168409E-01	5.1734524017E84	9.9195720689E-01	2.0231618257E-04	9.6302764290E82	0.0000000000E00	1.9407298983E-02	3.4628258293E-04	1.9427327256E-02	1.6003798409E-01	
LIBOR Spot Rate Multi-Curve	2.9494391291E-01	3.0597679333E-01	4.1175259462E-01	4.0939996057E-01	4.0205640438E-01	4.0729275908E-01	3.5352354091E-01	3.6629137002E-01	3.6654995157E-01	3.8646348348E-01	3.9297543638E-02	3.9324637574E-02	3.6306511951E-02	3.6602479327E-02	3.9044302946E-02	3.7351824892E-02	3.7350581545E-02	3.6638828600E-02	4.2137926188E-01	4.0316838153E-01	3.5737832115E-01	3.6882579423E-01	3.7532014003E-01	6.2150671310E-02	5.9635928182E-02	8.4623632078E-02	8.2229709089E-02	8.8894371662E-02	1.1988685900E-01	3.0498605890E-01	5.1734524017E84	9.8343181524E-01	1.9396965517E-02	9.6302764290E82	1.9407298983E-02	0.0000000000E00	1.9385064319E-02	3.8948211451E-04	1.5488685900E-01	
OIS Forward Rate Multi-Curve	3.0895353202E-01	3.1998641243E-01	4.2283593140E-01	4.1446399443E-01	4.1113366309E-01	4.1268564749E-01	3.5858757477E-01	3.7135540388E-01	3.7161398543E-01	3.9152751734E-01	2.7880169216E-02	2.7867902097E-02	2.6999524740E-02	2.6916112983E-02	2.9335107400E-02	2.7443384155E-02	2.7439710813E-02	2.7163612399E-02	4.2868772146E-01	4.1047684112E-01	3.6293911379E-01	3.7438658687E-01	3.8262859962E-01	7.3708831918E-02	7.0909225089E-02	9.9526507304E-02	9.7132584314E-02	1.0379724689E-01	1.2496031746E-01	3.2246250000E-01	5.1734524017E84	9.9195867952E-01	3.4906014266E-04	9.6302764290E82	3.4628258293E-04	1.9385064319E-02	0.0000000000E00	1.9405092593E-02	1.5995089286E-01	
LIBOR Forward Rate Multi-Curve	2.9495353202E-01	3.0598641243E-01	4.1139896864E-01	4.0953185157E-01	4.0174146229E-01	4.0742465008E-01	3.5365543191E-01	3.6642326103E-01	3.6668184257E-01	3.8659537449E-01	3.9393841720E-02	3.9480997725E-02	3.6409698996E-02	3.6719843167E-02	3.9147770923E-02	3.7498335230E-02	3.7497380169E-02	3.6806706824E-02	4.2109533769E-01	4.0285343944E-01	3.5730472225E-01	3.6875219534E-01	3.7500519794E-01	6.1867887131E-02	5.9353144002E-02	8.4526507304E-02	8.2132584314E-02	8.8797246887E-02	1.2001875000E-01	3.0500000000E-01	5.1734524017E84	9.8343367952E-01	1.9416993791E-02	9.6302764290E82	1.9427327256E-02	3.8948211451E-04	1.9405092593E-02	0.0000000000E00	1.5501875000E-01	
Time	3.0186982720E-01	3.1279637296E-01	3.4512736725E-01	3.4152170379E-01	3.2116585801E-01	3.0227812377E-01	2.6530166780E-01	2.7042994490E-01	2.7039826493E-01	2.9513807932E-01	1.8783106207E-01	1.8781879495E-01	1.8695041760E-01	1.8686700584E-01	1.8928600026E-01	1.8739427701E-01	1.8739060367E-01	1.8711450526E-01	3.7868081002E-01	3.7390587573E-01	3.0582601302E-01	3.0553445287E-01	3.1011758231E-01	1.7486525650E-01	1.7532610177E-01	1.7297237574E-01	1.7258117244E-01	1.7243389892E-01	6.5000000000E-02	2.9500000000E-01	5.1734524017E84	9.9300399202E-01	1.5987524142E-01	9.6302764290E82	1.6003798409E-01	1.5488685900E-01	1.5995089286E-01	1.5501875000E-01	0.0000000000E00	
