	Target (OIS)	Target (LIBOR)	Caplet Vola Analytic Single-Curve	Caplet Vola Monte-Carlo Single-Curve	Caplet Vola Analytic Multi-Curve Fenton-Wilkinson	Caplet Vola Analytic Multi-Curve Ju	Caplet Vola Analytic Multi-Curve Ho	Caplet Vola Analytic Multi-Curve Drift-Freeze	Caplet Vola Analytic Multi-Curve Integrated-Expectation	Caplet Vola Monte-Carlo Multi-Curve	Caplet Value Analytic Single-Curve	Caplet Value Monte-Carlo Single-Curve	Caplet Value Analytic Multi-Curve Fenton-Wilkinson	Caplet Value Analytic Multi-Curve Ju	Caplet Value Analytic Multi-Curve Ho	Caplet Value Analytic Multi-Curve Drift-Freeze	Caplet Value Analytic Multi-Curve Integrated-Expectation	Caplet Value Monte-Carlo Multi-Curve	Swaption Vola Analytic Single-Curve	Swaption Vola Monte-Carlo Single-Curve	Swaption Vola Analytic Multi-Curve Drift-Freeze	Swaption Vola Analytic Multi-Curve Integrated-Expectation	Swaption Vola Monte-Carlo Multi-Curve	Swaption Value Analytic Single-Curve	Swaption Value Monte-Carlo Single-Curve	Swaption Value Analytic Multi-Curve Drift-Freeze	Swaption Value Analytic Multi-Curve Integrated-Expectation	Swaption Value Monte-Carlo Multi-Curve	Swaption Exercise Date	Swaption Number Of Periods	Numeraire Single-Curve	Discount Single-Curve	OIS Spot Rate Single-Curve	Numeraire Multi-Curve	OIS Spot Rate Multi-Curve	LIBOR Spot Rate Multi-Curve	OIS Forward Rate Multi-Curve	LIBOR Forward Rate Multi-Curve	Time
Target (OIS)	0.0000000000E00	8.7003869867E-03	1.9517050103E-01	1.4376627547E-01	1.8210631336E-01	1.7343870096E-01	1.4525293532E-01	1.2955538303E-01	1.2955538303E-01	1.4456223116E-01	2.4779918292E-01	2.4846824322E-01	2.4573080944E-01	2.4594385180E-01	2.4671182089E-01	2.4659297016E-01	2.4659297016E-01	2.4633384997E-01	1.7499091709E-01	1.0627267363E-01	1.0633641089E-01	1.0413099381E-01	1.1261363122E-01	2.1278600771E-01	2.1871051404E-01	2.0240558022E-01	2.0295193398E-01	2.0212418466E-01	2.0709813509E-01	1.4397379789E-01	1.7223177865E21	5.8534437274E-01	2.3065877446E-01	5.5276989901E37	2.2952233541E-01	2.1589604833E-01	2.2902532206E-01	2.1512375324E-01	1.8233523448E-01	
Target (LIBOR)	8.7003869867E-03	0.0000000000E00	1.8911860450E-01	1.3930194107E-01	1.7676733381E-01	1.6846413794E-01	1.4047588515E-01	1.2537455215E-01	1.2537455215E-01	1.3966170791E-01	2.5649876565E-01	2.5716798556E-01	2.5442997605E-01	2.5464307441E-01	2.5541145961E-01	2.5529246828E-01	2.5529246828E-01	2.5503331789E-01	1.6828745227E-01	1.0014950509E-01	1.0183805178E-01	9.9833419340E-02	1.0810596770E-01	2.2137549195E-01	2.2734470448E-01	2.1093762675E-01	2.1149159358E-01	2.1064933316E-01	2.1548321517E-01	1.5107361705E-01	1.7223177865E21	5.7668534308E-01	2.3934590724E-01	5.5276989901E37	2.3820822475E-01	2.2457879312E-01	2.3771034251E-01	2.2380407664E-01	1.9028776970E-01	
Caplet Vola Analytic Single-Curve	1.9517050103E-01	1.8911860450E-01	0.0000000000E00	7.6930644258E-02	2.4520290344E-02	3.8753538410E-02	5.8720850875E-02	7.8934169016E-02	7.8934169016E-02	7.7238531005E-02	4.0858213516E-01	4.0934247938E-01	4.0639219310E-01	4.0661463411E-01	4.0763531564E-01	4.0739896110E-01	4.0739896110E-01	4.0716298691E-01	4.6758049230E-02	1.0405225002E-01	9.9855433202E-02	1.0366674642E-01	9.4993116090E-02	3.6760363409E-01	3.7554920618E-01	3.5624301228E-01	3.5702296650E-01	3.5551430073E-01	3.4869575374E-01	2.9887304410E-01	1.7223177865E21	4.5332260803E-01	3.8898713764E-01	5.5276989901E37	3.8774597589E-01	3.7475484377E-01	3.8706248784E-01	3.7357981252E-01	3.1110151195E-01	
Caplet Vola Monte-Carlo Single-Curve	1.4376627547E-01	1.3930194107E-01	7.6930644258E-02	0.0000000000E00	5.9714428306E-02	4.8486428649E-02	3.7458371157E-02	3.4788891670E-02	3.4788891670E-02	5.3139351693E-02	3.4560056578E-01	3.4629815035E-01	3.4347862847E-01	3.4368546208E-01	3.4471342424E-01	3.4445582889E-01	3.4445582889E-01	3.4421999269E-01	7.3206320325E-02	6.5577977949E-02	5.0047831272E-02	5.2189453258E-02	5.0149401787E-02	3.0570827347E-01	3.1329156742E-01	2.9491082734E-01	2.9565190833E-01	2.9424755048E-01	2.8504055316E-01	2.4296758005E-01	1.7223177865E21	5.1136062189E-01	3.2596843038E-01	5.5276989901E37	3.2490058980E-01	3.1220909338E-01	3.2424275223E-01	3.1108869202E-01	2.4838900898E-01	
Caplet Vola Analytic Multi-Curve Fenton-Wilkinson	1.8210631336E-01	1.7676733381E-01	2.4520290344E-02	5.9714428306E-02	0.0000000000E00	1.6517480805E-02	3.8875560097E-02	5.9089070810E-02	5.9089070810E-02	6.5043371363E-02	3.8771047749E-01	3.8847154018E-01	3.8552990955E-01	3.8575041951E-01	3.8678953060E-01	3.8654149329E-01	3.8654149329E-01	3.8631135223E-01	5.2697839049E-02	9.4152139470E-02	8.3590422148E-02	8.7230129869E-02	7.8969653463E-02	3.4669576640E-01	3.5468817712E-01	3.3545851128E-01	3.3624158403E-01	3.3471038397E-01	3.2675493078E-01	2.8143634557E-01	1.7223177865E21	4.7691041660E-01	3.6802447592E-01	5.5276989901E37	3.6679277956E-01	3.5398397907E-01	3.6609540388E-01	3.5277740348E-01	2.8879499409E-01	
Caplet Vola Analytic Multi-Curve Ju	1.7343870096E-01	1.6846413794E-01	3.8753538410E-02	4.8486428649E-02	1.6517480805E-02	0.0000000000E00	2.9219834604E-02	4.6581690297E-02	4.6581690297E-02	5.7336253548E-02	3.7566694282E-01	3.7641998038E-01	3.7350810113E-01	3.7372244415E-01	3.7477019777E-01	3.7451138578E-01	3.7451138578E-01	3.7428233563E-01	5.5996048896E-02	8.5392616202E-02	7.2705233920E-02	7.6124647149E-02	6.8688538858E-02	3.3496180730E-01	3.4285009898E-01	3.2390289263E-01	3.2467530966E-01	3.2315906300E-01	3.1394157469E-01	2.7156079854E-01	1.7223177865E21	4.8891921716E-01	3.5593990265E-01	5.5276989901E37	3.5472337937E-01	3.4203916174E-01	3.5403320467E-01	3.4084069764E-01	2.7600339286E-01	
Caplet Vola Analytic Multi-Curve Ho	1.4525293532E-01	1.4047588515E-01	5.8720850875E-02	3.7458371157E-02	3.8875560097E-02	2.9219834604E-02	0.0000000000E00	2.1468508382E-02	2.1468508382E-02	4.7344240087E-02	3.5030706724E-01	3.5106261606E-01	3.4812997087E-01	3.4834926943E-01	3.4937479139E-01	3.4913257419E-01	3.4913257419E-01	3.4889965976E-01	6.3031659879E-02	6.5930505035E-02	4.8143714983E-02	5.1638646622E-02	4.4761973643E-02	3.0966052851E-01	3.1749568269E-01	2.9848582769E-01	2.9924954151E-01	2.9776879651E-01	2.9037308805E-01	2.4521552045E-01	1.7223177865E21	5.0465469136E-01	3.3069635024E-01	5.5276989901E37	3.2947071580E-01	3.1655033649E-01	3.2878448460E-01	3.1536957005E-01	2.5308029864E-01	
Caplet Vola Analytic Multi-Curve Drift-Freeze	1.2955538303E-01	1.2537455215E-01	7.8934169016E-02	3.4788891670E-02	5.9089070810E-02	4.6581690297E-02	2.1468508382E-02	0.0000000000E00	0.0000000000E00	4.8763291796E-02	3.3157723019E-01	3.3232217218E-01	3.2942223151E-01	3.2963542620E-01	3.3066185726E-01	3.3041272893E-01	3.3041272893E-01	3.3018129148E-01	7.6134972803E-02	5.6257068825E-02	3.2822660215E-02	3.5592133706E-02	3.2301415584E-02	2.9138147017E-01	2.9905154486E-01	2.8039525576E-01	2.8114045907E-01	2.7970181707E-01	2.7140775162E-01	2.2868786419E-01	1.7223177865E21	5.2091357665E-01	3.1197230535E-01	5.5276989901E37	3.1077190333E-01	2.9791641377E-01	3.1009056474E-01	2.9674982724E-01	2.3447412419E-01	
Caplet Vola Analytic Multi-Curve Integrated-Expectation	1.2955538303E-01	1.2537455215E-01	7.8934169016E-02	3.4788891670E-02	5.9089070810E-02	4.6581690297E-02	2.1468508382E-02	0.0000000000E00	0.0000000000E00	4.8763291796E-02	3.3157723019E-01	3.3232217218E-01	3.2942223151E-01	3.2963542620E-01	3.3066185726E-01	3.3041272893E-01	3.3041272893E-01	3.3018129148E-01	7.6134972803E-02	5.6257068825E-02	3.2822660215E-02	3.5592133706E-02	3.2301415584E-02	2.9138147017E-01	2.9905154486E-01	2.8039525576E-01	2.8114045907E-01	2.7970181707E-01	2.7140775162E-01	2.2868786419E-01	1.7223177865E21	5.2091357665E-01	3.1197230535E-01	5.5276989901E37	3.1077190333E-01	2.9791641377E-01	3.1009056474E-01	2.9674982724E-01	2.3447412419E-01	
Caplet Vola Monte-Carlo Multi-Curve	1.4456223116E-01	1.3966170791E-01	7.7238531005E-02	5.3139351693E-02	6.5043371363E-02	5.7336253548E-02	4.7344240087E-02	4.8763291796E-02	4.8763291796E-02	0.0000000000E00	3.5127276368E-01	3.5200091700E-01	3.4913104224E-01	3.4934062864E-01	3.5034421544E-01	3.5010510197E-01	3.5010510197E-01	3.4978184202E-01	7.4711588640E-02	6.8947584814E-02	6.1430802502E-02	6.3847381835E-02	6.2284600844E-02	3.1120106286E-01	3.1877182089E-01	3.0019122986E-01	3.0093367294E-01	2.9955097845E-01	2.9288711359E-01	2.4511254313E-01	1.7223177865E21	5.0421905989E-01	3.3186304442E-01	5.5276989901E37	3.3045357990E-01	3.1748965888E-01	3.3006313734E-01	3.1670738878E-01	2.5653141763E-01	
Caplet Value Analytic Single-Curve	2.4779918292E-01	2.5649876565E-01	4.0858213516E-01	3.4560056578E-01	3.8771047749E-01	3.7566694282E-01	3.5030706724E-01	3.3157723019E-01	3.3157723019E-01	3.5127276368E-01	0.0000000000E00	9.1726420567E-04	2.2992570010E-03	2.0322090834E-03	1.3321661902E-03	1.2892952098E-03	1.2892952098E-03	1.7205096336E-03	3.9875247304E-01	3.3230548429E-01	3.1774069890E-01	3.1432000026E-01	3.2243442088E-01	4.9790568566E-02	3.9927017922E-02	6.2607994305E-02	6.1542552937E-02	6.3389383866E-02	7.2016011756E-02	1.5683321311E-01	1.7223177865E21	8.3209245178E-01	1.9943429684E-02	5.5276989901E37	2.1230366178E-02	3.4076274121E-02	2.1830813129E-02	3.5115968783E-02	1.0915189542E-01	
Caplet Value Monte-Carlo Single-Curve	2.4846824322E-01	2.5716798556E-01	4.0934247938E-01	3.4629815035E-01	3.8847154018E-01	3.7641998038E-01	3.5106261606E-01	3.3232217218E-01	3.3232217218E-01	3.5200091700E-01	9.1726420567E-04	0.0000000000E00	3.1398574836E-03	2.8720570568E-03	2.0795344939E-03	2.1106662139E-03	2.1106662139E-03	2.4578198005E-03	3.9948543459E-01	3.3300738672E-01	3.1846802642E-01	3.1504495076E-01	3.2316823441E-01	5.0483849901E-02	4.0606310583E-02	6.3317817523E-02	6.2252960444E-02	6.4103328725E-02	7.2643607913E-02	1.5743126260E-01	1.7223177865E21	8.3278797095E-01	2.0677471994E-02	5.5276989901E37	2.1994037925E-02	3.4845550924E-02	2.2603530144E-02	3.5896384598E-02	1.0985418487E-01	
Caplet Value Analytic Multi-Curve Fenton-Wilkinson	2.4573080944E-01	2.5442997605E-01	4.0639219310E-01	3.4347862847E-01	3.8552990955E-01	3.7350810113E-01	3.4812997087E-01	3.2942223151E-01	3.2942223151E-01	3.4913104224E-01	2.2992570010E-03	3.1398574836E-03	0.0000000000E00	3.0189358731E-04	1.3619072580E-03	1.0831640912E-03	1.0831640912E-03	1.1485196744E-03	3.9660605405E-01	3.3021480962E-01	3.1560802193E-01	3.1219123004E-01	3.2028930064E-01	4.7848251020E-02	3.8005944483E-02	6.0603168633E-02	5.9535104484E-02	6.1379177065E-02	7.0358106749E-02	1.5497193722E-01	1.7223177865E21	8.2997844266E-01	1.7858983062E-02	5.5276989901E37	1.9119473503E-02	3.1855590802E-02	1.9705705998E-02	3.2885809011E-02	1.0726171711E-01	
Caplet Value Analytic Multi-Curve Ju	2.4594385180E-01	2.5464307441E-01	4.0661463411E-01	3.4368546208E-01	3.8575041951E-01	3.7372244415E-01	3.4834926943E-01	3.2963542620E-01	3.2963542620E-01	3.4934062864E-01	2.0322090834E-03	2.8720570568E-03	3.0189358731E-04	0.0000000000E00	1.1859111191E-03	8.3441810463E-04	8.3441810463E-04	9.7189842638E-04	3.9681927960E-01	3.3041615093E-01	3.1581793230E-01	3.1240019938E-01	3.2050188115E-01	4.8063923142E-02	3.8213707435E-02	6.0829591276E-02	5.9761713113E-02	6.1606211668E-02	7.0485843473E-02	1.5517695416E-01	1.7223177865E21	8.3019678587E-01	1.8053920076E-02	5.5276989901E37	1.9320340653E-02	3.2084796639E-02	1.9911869780E-02	3.3118166028E-02	1.0742999866E-01	
Caplet Value Analytic Multi-Curve Ho	2.4671182089E-01	2.5541145961E-01	4.0763531564E-01	3.4471342424E-01	3.8678953060E-01	3.7477019777E-01	3.4937479139E-01	3.3066185726E-01	3.3066185726E-01	3.5034421544E-01	1.3321661902E-03	2.0795344939E-03	1.3619072580E-03	1.1859111191E-03	0.0000000000E00	4.9819870392E-04	4.9819870392E-04	9.1437300176E-04	3.9780112343E-01	3.3135341074E-01	3.1680486072E-01	3.1338675210E-01	3.2149127744E-01	4.8955760952E-02	3.9089166389E-02	6.1706436863E-02	6.0638098776E-02	6.2490328754E-02	7.1647617983E-02	1.5580480106E-01	1.7223177865E21	8.3102801120E-01	1.9171976198E-02	5.5276989901E37	2.0426976642E-02	3.3071292082E-02	2.1026697447E-02	3.4121777488E-02	1.0860272870E-01	
Caplet Value Analytic Multi-Curve Drift-Freeze	2.4659297016E-01	2.5529246828E-01	4.0739896110E-01	3.4445582889E-01	3.8654149329E-01	3.7451138578E-01	3.4913257419E-01	3.3041272893E-01	3.3041272893E-01	3.5010510197E-01	1.2892952098E-03	2.1106662139E-03	1.0831640912E-03	8.3441810463E-04	4.9819870392E-04	0.0000000000E00	0.0000000000E00	7.5936071699E-04	3.9757486031E-01	3.3113772320E-01	3.1657233246E-01	3.1315333739E-01	3.2126055282E-01	4.8768555119E-02	3.8902755870E-02	6.1539183335E-02	6.0471294622E-02	6.2320438048E-02	7.1229960082E-02	1.5574052794E-01	1.7223177865E21	8.3088333771E-01	1.8856229295E-02	5.5276989901E37	2.0126118964E-02	3.2860049607E-02	2.0724057242E-02	3.3903688684E-02	1.0822623462E-01	
Caplet Value Analytic Multi-Curve Integrated-Expectation	2.4659297016E-01	2.5529246828E-01	4.0739896110E-01	3.4445582889E-01	3.8654149329E-01	3.7451138578E-01	3.4913257419E-01	3.3041272893E-01	3.3041272893E-01	3.5010510197E-01	1.2892952098E-03	2.1106662139E-03	1.0831640912E-03	8.3441810463E-04	4.9819870392E-04	0.0000000000E00	0.0000000000E00	7.5936071699E-04	3.9757486031E-01	3.3113772320E-01	3.1657233246E-01	3.1315333739E-01	3.2126055282E-01	4.8768555119E-02	3.8902755870E-02	6.1539183335E-02	6.0471294622E-02	6.2320438048E-02	7.1229960082E-02	1.5574052794E-01	1.7223177865E21	8.3088333771E-01	1.8856229295E-02	5.5276989901E37	2.0126118964E-02	3.2860049607E-02	2.0724057242E-02	3.3903688684E-02	1.0822623462E-01	
Caplet Value Monte-Carlo Multi-Curve	2.4633384997E-01	2.5503331789E-01	4.0716298691E-01	3.4421999269E-01	3.8631135223E-01	3.7428233563E-01	3.4889965976E-01	3.3018129148E-01	3.3018129148E-01	3.4978184202E-01	1.7205096336E-03	2.4578198005E-03	1.1485196744E-03	9.7189842638E-04	9.1437300176E-04	7.5936071699E-04	7.5936071699E-04	0.0000000000E00	3.9733787740E-01	3.3089437435E-01	3.1633962239E-01	3.1292056458E-01	3.2103353788E-01	4.8550821490E-02	3.8678928476E-02	6.1311313739E-02	6.0242954816E-02	6.2094832825E-02	7.1119052314E-02	1.5548647271E-01	1.7223177865E21	8.3062888248E-01	1.8648601243E-02	5.5276989901E37	1.9855412991E-02	3.2566865711E-02	2.0526310891E-02	3.3666035378E-02	1.0806521269E-01	
Swaption Vola Analytic Single-Curve	1.7499091709E-01	1.6828745227E-01	4.6758049230E-02	7.3206320325E-02	5.2697839049E-02	5.5996048896E-02	6.3031659879E-02	7.6134972803E-02	7.6134972803E-02	7.4711588640E-02	3.9875247304E-01	3.9948543459E-01	3.9660605405E-01	3.9681927960E-01	3.9780112343E-01	3.9757486031E-01	3.9757486031E-01	3.9733787740E-01	0.0000000000E00	7.4997244186E-02	8.1650658155E-02	8.5203238558E-02	7.9707215049E-02	3.6018068140E-01	3.6746502067E-01	3.4921731151E-01	3.4991986152E-01	3.4858641338E-01	3.4075450061E-01	2.9200312041E-01	1.7223177865E21	4.5065037904E-01	3.7949663475E-01	5.5276989901E37	3.7829882917E-01	3.6518941030E-01	3.7765181641E-01	3.6409154752E-01	3.0527067778E-01	
Swaption Vola Monte-Carlo Single-Curve	1.0627267363E-01	1.0014950509E-01	1.0405225002E-01	6.5577977949E-02	9.4152139470E-02	8.5392616202E-02	6.5930505035E-02	5.6257068825E-02	5.6257068825E-02	6.8947584814E-02	3.3230548429E-01	3.3300738672E-01	3.3021480962E-01	3.3041615093E-01	3.3135341074E-01	3.3113772320E-01	3.3113772320E-01	3.3089437435E-01	7.4997244186E-02	0.0000000000E00	3.4066756504E-02	3.5357298931E-02	4.2248963731E-02	2.9512237414E-01	3.0184213017E-01	2.8452578641E-01	2.8517070359E-01	2.8400895379E-01	2.7750065209E-01	2.2798234200E-01	1.7223177865E21	5.0771226539E-01	3.1350080352E-01	5.5276989901E37	3.1233312906E-01	2.9919124064E-01	3.1174833649E-01	2.9820259363E-01	2.4461731225E-01	
Swaption Vola Analytic Multi-Curve Drift-Freeze	1.0633641089E-01	1.0183805178E-01	9.9855433202E-02	5.0047831272E-02	8.3590422148E-02	7.2705233920E-02	4.8143714983E-02	3.2822660215E-02	3.2822660215E-02	6.1430802502E-02	3.1774069890E-01	3.1846802642E-01	3.1560802193E-01	3.1581793230E-01	3.1680486072E-01	3.1657233246E-01	3.1657233246E-01	3.1633962239E-01	8.1650658155E-02	3.4066756504E-02	0.0000000000E00	5.2152825298E-03	1.7799075453E-02	2.7967635114E-01	2.8678889374E-01	2.6902506070E-01	2.6970061964E-01	2.6840305941E-01	2.5988051777E-01	2.1868264420E-01	1.7223177865E21	5.2640272668E-01	2.9846577445E-01	5.5276989901E37	2.9729519071E-01	2.8426686172E-01	2.9663815663E-01	2.8315990296E-01	2.2515323046E-01	
Swaption Vola Analytic Multi-Curve Integrated-Expectation	1.0413099381E-01	9.9833419340E-02	1.0366674642E-01	5.2189453258E-02	8.7230129869E-02	7.6124647149E-02	5.1638646622E-02	3.5592133706E-02	3.5592133706E-02	6.3847381835E-02	3.1432000026E-01	3.1504495076E-01	3.1219123004E-01	3.1240019938E-01	3.1338675210E-01	3.1315333739E-01	3.1315333739E-01	3.1292056458E-01	8.5203238558E-02	3.5357298931E-02	5.2152825298E-03	0.0000000000E00	2.0443540391E-02	2.7650164223E-01	2.8355329363E-01	2.6591572334E-01	2.6658126364E-01	2.6530450788E-01	2.5641183132E-01	2.1612608805E-01	1.7223177865E21	5.2989838195E-01	2.9505137517E-01	5.5276989901E37	2.9388598854E-01	2.8087399918E-01	2.9323175090E-01	2.7977232290E-01	2.2183095205E-01	
Swaption Vola Monte-Carlo Multi-Curve	1.1261363122E-01	1.0810596770E-01	9.4993116090E-02	5.0149401787E-02	7.8969653463E-02	6.8688538858E-02	4.4761973643E-02	3.2301415584E-02	3.2301415584E-02	6.2284600844E-02	3.2243442088E-01	3.2316823441E-01	3.2028930064E-01	3.2050188115E-01	3.2149127744E-01	3.2126055282E-01	3.2126055282E-01	3.2103353788E-01	7.9707215049E-02	4.2248963731E-02	1.7799075453E-02	2.0443540391E-02	0.0000000000E00	2.8440792220E-01	2.9156174097E-01	2.7376471767E-01	2.7444627492E-01	2.7301838991E-01	2.6422695991E-01	2.2572288071E-01	1.7223177865E21	5.2355173969E-01	3.0311979760E-01	5.5276989901E37	3.0196007739E-01	2.8892411557E-01	3.0127087387E-01	2.8777793114E-01	2.2934387356E-01	
Swaption Value Analytic Single-Curve	2.1278600771E-01	2.2137549195E-01	3.6760363409E-01	3.0570827347E-01	3.4669576640E-01	3.3496180730E-01	3.0966052851E-01	2.9138147017E-01	2.9138147017E-01	3.1120106286E-01	4.9790568566E-02	5.0483849901E-02	4.7848251020E-02	4.8063923142E-02	4.8955760952E-02	4.8768555119E-02	4.8768555119E-02	4.8550821490E-02	3.6018068140E-01	2.9512237414E-01	2.7967635114E-01	2.7650164223E-01	2.8440792220E-01	0.0000000000E00	1.0265453966E-02	1.3394499486E-02	1.2441830544E-02	1.4277972113E-02	5.3008443608E-02	1.1473918012E-01	1.7223177865E21	7.9383831668E-01	3.4819331016E-02	5.5276989901E37	3.3803150906E-02	2.7704754714E-02	3.3433866131E-02	2.7187569982E-02	7.6172961268E-02	
Swaption Value Monte-Carlo Single-Curve	2.1871051404E-01	2.2734470448E-01	3.7554920618E-01	3.1329156742E-01	3.5468817712E-01	3.4285009898E-01	3.1749568269E-01	2.9905154486E-01	2.9905154486E-01	3.1877182089E-01	3.9927017922E-02	4.0606310583E-02	3.8005944483E-02	3.8213707435E-02	3.9089166389E-02	3.8902755870E-02	3.8902755870E-02	3.8678928476E-02	3.6746502067E-01	3.0184213017E-01	2.8678889374E-01	2.8355329363E-01	2.9156174097E-01	1.0265453966E-02	0.0000000000E00	2.3102824367E-02	2.2066150568E-02	2.4006802906E-02	5.4241056644E-02	1.2165270843E-01	1.7223177865E21	8.0093968818E-01	2.5734309776E-02	5.5276989901E37	2.4844683798E-02	2.1185056530E-02	2.4608951998E-02	2.1093863592E-02	8.1830473211E-02	
Swaption Value Analytic Multi-Curve Drift-Freeze	2.0240558022E-01	2.1093762675E-01	3.5624301228E-01	2.9491082734E-01	3.3545851128E-01	3.2390289263E-01	2.9848582769E-01	2.8039525576E-01	2.8039525576E-01	3.0019122986E-01	6.2607994305E-02	6.3317817523E-02	6.0603168633E-02	6.0829591276E-02	6.1706436863E-02	6.1539183335E-02	6.1539183335E-02	6.1311313739E-02	3.4921731151E-01	2.8452578641E-01	2.6902506070E-01	2.6591572334E-01	2.7376471767E-01	1.3394499486E-02	2.3102824367E-02	0.0000000000E00	1.1273980803E-03	2.4922794419E-03	5.5528715781E-02	1.0342133753E-01	1.7223177865E21	7.8234321305E-01	4.6977622461E-02	5.5276989901E37	4.5836632844E-02	3.7200844021E-02	4.5411562737E-02	3.6477731832E-02	7.1456232967E-02	
Swaption Value Analytic Multi-Curve Integrated-Expectation	2.0295193398E-01	2.1149159358E-01	3.5702296650E-01	2.9565190833E-01	3.3624158403E-01	3.2467530966E-01	2.9924954151E-01	2.8114045907E-01	2.8114045907E-01	3.0093367294E-01	6.1542552937E-02	6.2252960444E-02	5.9535104484E-02	5.9761713113E-02	6.0638098776E-02	6.0471294622E-02	6.0471294622E-02	6.0242954816E-02	3.4991986152E-01	2.8517070359E-01	2.6970061964E-01	2.6658126364E-01	2.7444627492E-01	1.2441830544E-02	2.2066150568E-02	1.1273980803E-03	0.0000000000E00	3.0683872716E-03	5.5244092751E-02	1.0410335393E-01	1.7223177865E21	7.8305830740E-01	4.5919581657E-02	5.5276989901E37	4.4780901495E-02	3.6178717187E-02	4.4357446622E-02	3.5467844320E-02	7.1789445739E-02	
Swaption Value Monte-Carlo Multi-Curve	2.0212418466E-01	2.1064933316E-01	3.5551430073E-01	2.9424755048E-01	3.3471038397E-01	3.2315906300E-01	2.9776879651E-01	2.7970181707E-01	2.7970181707E-01	2.9955097845E-01	6.3389383866E-02	6.4103328725E-02	6.1379177065E-02	6.1606211668E-02	6.2490328754E-02	6.2320438048E-02	6.2320438048E-02	6.2094832825E-02	3.4858641338E-01	2.8400895379E-01	2.6840305941E-01	2.6530450788E-01	2.7301838991E-01	1.4277972113E-02	2.4006802906E-02	2.4922794419E-03	3.0683872716E-03	0.0000000000E00	5.5189410151E-02	1.0385995849E-01	1.7223177865E21	7.8186784981E-01	4.7652945741E-02	5.5276989901E37	4.6500977228E-02	3.7827984572E-02	4.6063381620E-02	3.7066923879E-02	7.0709325336E-02	
Swaption Exercise Date	2.0709813509E-01	2.1548321517E-01	3.4869575374E-01	2.8504055316E-01	3.2675493078E-01	3.1394157469E-01	2.9037308805E-01	2.7140775162E-01	2.7140775162E-01	2.9288711359E-01	7.2016011756E-02	7.2643607913E-02	7.0358106749E-02	7.0485843473E-02	7.1647617983E-02	7.1229960082E-02	7.1229960082E-02	7.1119052314E-02	3.4075450061E-01	2.7750065209E-01	2.5988051777E-01	2.5641183132E-01	2.6422695991E-01	5.3008443608E-02	5.4241056644E-02	5.5528715781E-02	5.5244092751E-02	5.5189410151E-02	0.0000000000E00	1.3723692783E-01	1.7223177865E21	7.8245940077E-01	5.4051712117E-02	5.5276989901E37	5.3463214067E-02	4.8249943235E-02	5.2632103441E-02	4.6967939525E-02	4.0596513681E-02	
Swaption Number Of Periods	1.4397379789E-01	1.5107361705E-01	2.9887304410E-01	2.4296758005E-01	2.8143634557E-01	2.7156079854E-01	2.4521552045E-01	2.2868786419E-01	2.2868786419E-01	2.4511254313E-01	1.5683321311E-01	1.5743126260E-01	1.5497193722E-01	1.5517695416E-01	1.5580480106E-01	1.5574052794E-01	1.5574052794E-01	1.5548647271E-01	2.9200312041E-01	2.2798234200E-01	2.1868264420E-01	2.1612608805E-01	2.2572288071E-01	1.1473918012E-01	1.2165270843E-01	1.0342133753E-01	1.0410335393E-01	1.0385995849E-01	1.3723692783E-01	0.0000000000E00	1.7223177865E21	7.0639972926E-01	1.4278722663E-01	5.5276989901E37	1.4172717941E-01	1.3046857250E-01	1.4142770681E-01	1.2999322935E-01	1.2423096769E-01	
Numeraire Single-Curve	1.7223177865E21	1.7223177865E21	1.7223177865E21	1.7223177865E21	1.7223177865E21	1.7223177865E21	1.7223177865E21	1.7223177865E21	1.7223177865E21	1.7223177865E21	1.7223177865E21	1.7223177865E21	1.7223177865E21	1.7223177865E21	1.7223177865E21	1.7223177865E21	1.7223177865E21	1.7223177865E21	1.7223177865E21	1.7223177865E21	1.7223177865E21	1.7223177865E21	1.7223177865E21	1.7223177865E21	1.7223177865E21	1.7223177865E21	1.7223177865E21	1.7223177865E21	1.7223177865E21	1.7223177865E21	0.0000000000E00	1.7223177865E21	1.7223177865E21	5.5276989901E37	1.7223177865E21	1.7223177865E21	1.7223177865E21	1.7223177865E21	1.7223177865E21	
Discount Single-Curve	5.8534437274E-01	5.7668534308E-01	4.5332260803E-01	5.1136062189E-01	4.7691041660E-01	4.8891921716E-01	5.0465469136E-01	5.2091357665E-01	5.2091357665E-01	5.0421905989E-01	8.3209245178E-01	8.3278797095E-01	8.2997844266E-01	8.3019678587E-01	8.3102801120E-01	8.3088333771E-01	8.3088333771E-01	8.3062888248E-01	4.5065037904E-01	5.0771226539E-01	5.2640272668E-01	5.2989838195E-01	5.2355173969E-01	7.9383831668E-01	8.0093968818E-01	7.8234321305E-01	7.8305830740E-01	7.8186784981E-01	7.8245940077E-01	7.0639972926E-01	1.7223177865E21	0.0000000000E00	8.1414671334E-01	5.5276989901E37	8.1296091925E-01	7.9932579102E-01	8.1240730044E-01	7.9842176181E-01	7.4933861389E-01	
OIS Spot Rate Single-Curve	2.3065877446E-01	2.3934590724E-01	3.8898713764E-01	3.2596843038E-01	3.6802447592E-01	3.5593990265E-01	3.3069635024E-01	3.1197230535E-01	3.1197230535E-01	3.3186304442E-01	1.9943429684E-02	2.0677471994E-02	1.7858983062E-02	1.8053920076E-02	1.9171976198E-02	1.8856229295E-02	1.8856229295E-02	1.8648601243E-02	3.7949663475E-01	3.1350080352E-01	2.9846577445E-01	2.9505137517E-01	3.0311979760E-01	3.4819331016E-02	2.5734309776E-02	4.6977622461E-02	4.5919581657E-02	4.7652945741E-02	5.4051712117E-02	1.4278722663E-01	1.7223177865E21	8.1414671334E-01	0.0000000000E00	5.5276989901E37	2.6715377468E-03	1.5505601394E-02	2.5014480396E-03	1.6269800541E-02	8.9915017773E-02	
Numeraire Multi-Curve	5.5276989901E37	5.5276989901E37	5.5276989901E37	5.5276989901E37	5.5276989901E37	5.5276989901E37	5.5276989901E37	5.5276989901E37	5.5276989901E37	5.5276989901E37	5.5276989901E37	5.5276989901E37	5.5276989901E37	5.5276989901E37	5.5276989901E37	5.5276989901E37	5.5276989901E37	5.5276989901E37	5.5276989901E37	5.5276989901E37	5.5276989901E37	5.5276989901E37	5.5276989901E37	5.5276989901E37	5.5276989901E37	5.5276989901E37	5.5276989901E37	5.5276989901E37	5.5276989901E37	5.5276989901E37	5.5276989901E37	5.5276989901E37	5.5276989901E37	0.0000000000E00	5.5276989901E37	5.5276989901E37	5.5276989901E37	5.5276989901E37	5.5276989901E37	
OIS Spot Rate Multi-Curve	2.2952233541E-01	2.3820822475E-01	3.8774597589E-01	3.2490058980E-01	3.6679277956E-01	3.5472337937E-01	3.2947071580E-01	3.1077190333E-01	3.1077190333E-01	3.3045357990E-01	2.1230366178E-02	2.1994037925E-02	1.9119473503E-02	1.9320340653E-02	2.0426976642E-02	2.0126118964E-02	2.0126118964E-02	1.9855412991E-02	3.7829882917E-01	3.1233312906E-01	2.9729519071E-01	2.9388598854E-01	3.0196007739E-01	3.3803150906E-02	2.4844683798E-02	4.5836632844E-02	4.4780901495E-02	4.6500977228E-02	5.3463214067E-02	1.4172717941E-01	1.7223177865E21	8.1296091925E-01	2.6715377468E-03	5.5276989901E37	0.0000000000E00	1.4038321604E-02	2.3525680450E-03	1.5048640503E-02	8.8947196108E-02	
LIBOR Spot Rate Multi-Curve	2.1589604833E-01	2.2457879312E-01	3.7475484377E-01	3.1220909338E-01	3.5398397907E-01	3.4203916174E-01	3.1655033649E-01	2.9791641377E-01	2.9791641377E-01	3.1748965888E-01	3.4076274121E-02	3.4845550924E-02	3.1855590802E-02	3.2084796639E-02	3.3071292082E-02	3.2860049607E-02	3.2860049607E-02	3.2566865711E-02	3.6518941030E-01	2.9919124064E-01	2.8426686172E-01	2.8087399918E-01	2.8892411557E-01	2.7704754714E-02	2.1185056530E-02	3.7200844021E-02	3.6178717187E-02	3.7827984572E-02	4.8249943235E-02	1.3046857250E-01	1.7223177865E21	7.9932579102E-01	1.5505601394E-02	5.5276989901E37	1.4038321604E-02	0.0000000000E00	1.3739122198E-02	2.9022248783E-03	8.0268004745E-02	
OIS Forward Rate Multi-Curve	2.2902532206E-01	2.3771034251E-01	3.8706248784E-01	3.2424275223E-01	3.6609540388E-01	3.5403320467E-01	3.2878448460E-01	3.1009056474E-01	3.1009056474E-01	3.3006313734E-01	2.1830813129E-02	2.2603530144E-02	1.9705705998E-02	1.9911869780E-02	2.1026697447E-02	2.0724057242E-02	2.0724057242E-02	2.0526310891E-02	3.7765181641E-01	3.1174833649E-01	2.9663815663E-01	2.9323175090E-01	3.0127087387E-01	3.3433866131E-02	2.4608951998E-02	4.5411562737E-02	4.4357446622E-02	4.6063381620E-02	5.2632103441E-02	1.4142770681E-01	1.7223177865E21	8.1240730044E-01	2.5014480396E-03	5.5276989901E37	2.3525680450E-03	1.3739122198E-02	0.0000000000E00	1.4332994521E-02	8.8164674561E-02	
LIBOR Forward Rate Multi-Curve	2.1512375324E-01	2.2380407664E-01	3.7357981252E-01	3.1108869202E-01	3.5277740348E-01	3.4084069764E-01	3.1536957005E-01	2.9674982724E-01	2.9674982724E-01	3.1670738878E-01	3.5115968783E-02	3.5896384598E-02	3.2885809011E-02	3.3118166028E-02	3.4121777488E-02	3.3903688684E-02	3.3903688684E-02	3.3666035378E-02	3.6409154752E-01	2.9820259363E-01	2.8315990296E-01	2.7977232290E-01	2.8777793114E-01	2.7187569982E-02	2.1093863592E-02	3.6477731832E-02	3.5467844320E-02	3.7066923879E-02	4.6967939525E-02	1.2999322935E-01	1.7223177865E21	7.9842176181E-01	1.6269800541E-02	5.5276989901E37	1.5048640503E-02	2.9022248783E-03	1.4332994521E-02	0.0000000000E00	7.8878021900E-02	
Time	1.8233523448E-01	1.9028776970E-01	3.1110151195E-01	2.4838900898E-01	2.8879499409E-01	2.7600339286E-01	2.5308029864E-01	2.3447412419E-01	2.3447412419E-01	2.5653141763E-01	1.0915189542E-01	1.0985418487E-01	1.0726171711E-01	1.0742999866E-01	1.0860272870E-01	1.0822623462E-01	1.0822623462E-01	1.0806521269E-01	3.0527067778E-01	2.4461731225E-01	2.2515323046E-01	2.2183095205E-01	2.2934387356E-01	7.6172961268E-02	8.1830473211E-02	7.1456232967E-02	7.1789445739E-02	7.0709325336E-02	4.0596513681E-02	1.2423096769E-01	1.7223177865E21	7.4933861389E-01	8.9915017773E-02	5.5276989901E37	8.8947196108E-02	8.0268004745E-02	8.8164674561E-02	7.8878021900E-02	0.0000000000E00	
