	Target (OIS)	Target (LIBOR)	Caplet Vola Analytic Single-Curve	Caplet Vola Monte-Carlo Single-Curve	Caplet Vola Analytic Multi-Curve Fenton-Wilkinson	Caplet Vola Analytic Multi-Curve Ju	Caplet Vola Analytic Multi-Curve Ho	Caplet Vola Analytic Multi-Curve Drift-Freeze	Caplet Vola Analytic Multi-Curve Integrated-Expectation	Caplet Vola Monte-Carlo Multi-Curve	Caplet Value Analytic Single-Curve	Caplet Value Monte-Carlo Single-Curve	Caplet Value Analytic Multi-Curve Fenton-Wilkinson	Caplet Value Analytic Multi-Curve Ju	Caplet Value Analytic Multi-Curve Ho	Caplet Value Analytic Multi-Curve Drift-Freeze	Caplet Value Analytic Multi-Curve Integrated-Expectation	Caplet Value Monte-Carlo Multi-Curve	Swaption Vola Analytic Single-Curve	Swaption Vola Monte-Carlo Single-Curve	Swaption Vola Analytic Multi-Curve Drift-Freeze	Swaption Vola Analytic Multi-Curve Integrated-Expectation	Swaption Vola Monte-Carlo Multi-Curve	Swaption Value Analytic Single-Curve	Swaption Value Monte-Carlo Single-Curve	Swaption Value Analytic Multi-Curve Drift-Freeze	Swaption Value Analytic Multi-Curve Integrated-Expectation	Swaption Value Monte-Carlo Multi-Curve	Swaption Exercise Date	Swaption Number Of Periods	Numeraire Single-Curve	Discount Single-Curve	OIS Spot Rate Single-Curve	Numeraire Multi-Curve	OIS Spot Rate Multi-Curve	LIBOR Spot Rate Multi-Curve	OIS Forward Rate Multi-Curve	LIBOR Forward Rate Multi-Curve	Time
Target (OIS)	0.0000000000E00	1.1065306597E-02	2.7759109865E-01	3.5095527830E-01	2.7003893549E-01	2.8018596295E-01	2.2663013087E-01	2.2818517757E-01	2.2818517757E-01	3.6956589824E-01	3.1974406545E-01	3.1982658552E-01	3.1851219510E-01	3.1856288383E-01	3.1860932633E-01	3.1867027888E-01	3.1867027888E-01	3.1850386552E-01	2.8887305926E-01	2.3016013049E-01	2.1420974566E-01	2.2722458904E-01	2.1235633052E-01	3.0670384732E-01	3.0677149748E-01	3.0259765725E-01	3.0268805044E-01	3.0281156700E-01	3.1089389132E-01	2.8502755691E-01	1.0755871116E22	6.9556228128E-01	3.0900759451E-01	3.4520468594E38	3.0895937336E-01	2.9496855019E-01	3.0895353202E-01	2.9495353202E-01	3.0186982720E-01	
Target (LIBOR)	1.1065306597E-02	0.0000000000E00	2.7170045454E-01	3.4499333511E-01	2.6414829139E-01	2.7429531885E-01	2.2073948677E-01	2.2229453347E-01	2.2229453347E-01	3.6352751013E-01	3.3080937205E-01	3.3089189212E-01	3.2957750170E-01	3.2962819042E-01	3.2967463292E-01	3.2973558548E-01	3.2973558548E-01	3.2956917212E-01	2.8291111607E-01	2.2395223516E-01	2.0824780247E-01	2.2126264585E-01	2.0639438733E-01	3.1759284768E-01	3.1769804324E-01	3.1332877253E-01	3.1341916571E-01	3.1354268227E-01	3.2195919791E-01	2.9554574853E-01	1.0755871116E22	6.8513325677E-01	3.2007290111E-01	3.4520468594E38	3.1999225378E-01	3.0600143060E-01	3.1998641243E-01	3.0598641243E-01	3.1279637296E-01	
Caplet Vola Analytic Single-Curve	2.7759109865E-01	2.7170045454E-01	0.0000000000E00	1.2969259840E-01	3.9584365458E-02	5.4259467331E-02	6.7471548715E-02	9.9240828028E-02	9.9240828028E-02	2.3864988048E-01	4.4872036887E-01	4.4988415834E-01	4.4644245944E-01	4.4661725404E-01	4.4835126916E-01	4.4776259452E-01	4.4776259452E-01	4.4780663845E-01	1.0008926693E-01	1.7014556713E-01	1.5548213878E-01	1.6234710351E-01	1.6025832742E-01	4.4265561774E-01	4.4563084125E-01	4.3943268188E-01	4.3938022379E-01	4.3953719883E-01	3.9512736725E-01	4.3594545530E-01	1.0755871116E22	7.5531957834E-01	4.2522000210E-01	3.4520468594E38	4.2550416271E-01	4.2128025236E-01	4.2283593140E-01	4.1139896864E-01	3.4512736725E-01	
Caplet Vola Monte-Carlo Single-Curve	3.5095527830E-01	3.4499333511E-01	1.2969259840E-01	0.0000000000E00	1.0850424941E-01	9.4660598652E-02	1.2675256994E-01	1.2879532646E-01	1.2879532646E-01	1.7728227856E-01	5.1661043498E-01	5.1582146661E-01	5.1555130916E-01	5.1542803676E-01	5.1733534003E-01	5.1621622311E-01	5.1621622311E-01	5.1629059320E-01	1.1471334053E-01	1.5940049965E-01	1.3674553264E-01	1.3176209963E-01	1.3859894778E-01	5.0871688730E-01	5.1130878571E-01	5.0717891095E-01	5.0672629968E-01	5.0724411866E-01	3.6385163080E-01	5.0385163080E-01	1.0755871116E22	7.5871791387E-01	4.8568911512E-01	3.4520468594E38	4.9055713660E-01	4.8449823368E-01	4.8881194826E-01	4.8317755673E-01	3.3385163080E-01	
Caplet Vola Analytic Multi-Curve Fenton-Wilkinson	2.7003893549E-01	2.6414829139E-01	3.9584365458E-02	1.0850424941E-01	0.0000000000E00	2.7090511831E-02	5.1436855991E-02	8.2232907561E-02	8.2232907561E-02	2.3109771732E-01	4.3729598728E-01	4.3877558389E-01	4.3550717014E-01	4.3552115742E-01	4.3740569137E-01	4.3657814420E-01	4.3657814420E-01	4.3668212473E-01	1.2991669120E-01	1.5386877847E-01	1.3975896207E-01	1.4803088273E-01	1.4398153876E-01	4.3145029619E-01	4.3442551969E-01	4.2822736032E-01	4.2817490223E-01	4.2833187728E-01	3.7565871472E-01	4.2474013375E-01	1.0755871116E22	7.7124626743E-01	4.1441918118E-01	3.4520468594E38	4.1721823863E-01	4.1372808921E-01	4.1064728298E-01	4.0151162388E-01	3.1915869071E-01	
Caplet Vola Analytic Multi-Curve Ju	2.8018596295E-01	2.7429531885E-01	5.4259467331E-02	9.4660598652E-02	2.7090511831E-02	0.0000000000E00	5.3818882901E-02	6.3991152968E-02	6.3991152968E-02	2.4124474478E-01	4.4384570403E-01	4.4459283920E-01	4.4293311860E-01	4.4280020969E-01	4.4467722239E-01	4.4350744864E-01	4.4350744864E-01	4.4670666381E-01	1.3464502249E-01	1.3244296918E-01	1.2952864464E-01	1.3780056530E-01	1.2086740633E-01	4.3578320026E-01	4.3837509866E-01	4.3424522391E-01	4.3379261264E-01	4.3431043162E-01	3.4995689754E-01	4.3091794376E-01	1.0755871116E22	7.7243504899E-01	4.1937642941E-01	3.4520468594E38	4.2736526609E-01	4.2387511667E-01	4.1596553481E-01	4.1103339196E-01	2.9260286521E-01	
Caplet Vola Analytic Multi-Curve Ho	2.2663013087E-01	2.2073948677E-01	6.7471548715E-02	1.2675256994E-01	5.1436855991E-02	5.3818882901E-02	0.0000000000E00	3.2301597295E-02	3.2301597295E-02	1.8768891270E-01	3.9028987195E-01	3.9103700712E-01	3.8937728652E-01	3.8924437761E-01	3.9112139031E-01	3.8995161656E-01	3.8995161656E-01	3.9315083173E-01	1.3744788271E-01	1.3246591994E-01	8.9284599095E-02	9.7556519758E-02	9.3983114588E-02	3.8196431736E-01	3.8462817825E-01	3.8042634101E-01	3.7997372974E-01	3.8059346406E-01	3.2776060142E-01	3.7709906086E-01	1.0755871116E22	7.7287189853E-01	3.6582059732E-01	3.4520468594E38	3.7380943401E-01	3.7031928459E-01	3.6240970273E-01	3.5747755987E-01	2.7786143244E-01	
Caplet Vola Analytic Multi-Curve Drift-Freeze	2.2818517757E-01	2.2229453347E-01	9.9240828028E-02	1.2879532646E-01	8.2232907561E-02	6.3991152968E-02	3.2301597295E-02	0.0000000000E00	0.0000000000E00	1.8924395940E-01	3.9184491865E-01	3.9259205382E-01	3.9093233322E-01	3.9079942431E-01	3.9267643701E-01	3.9150666326E-01	3.9150666326E-01	3.9470587843E-01	1.3938043419E-01	1.3439847142E-01	6.5739200615E-02	7.4011121277E-02	6.1927428515E-02	3.7992156084E-01	3.8251345925E-01	3.7838358449E-01	3.7793097322E-01	3.7844879221E-01	2.9870654429E-01	3.7505630435E-01	1.0755871116E22	7.7279978759E-01	3.6737564403E-01	3.4520468594E38	3.7536448071E-01	3.7187433129E-01	3.6396474943E-01	3.5903260658E-01	2.5354442458E-01	
Caplet Vola Analytic Multi-Curve Integrated-Expectation	2.2818517757E-01	2.2229453347E-01	9.9240828028E-02	1.2879532646E-01	8.2232907561E-02	6.3991152968E-02	3.2301597295E-02	0.0000000000E00	0.0000000000E00	1.8924395940E-01	3.9184491865E-01	3.9259205382E-01	3.9093233322E-01	3.9079942431E-01	3.9267643701E-01	3.9150666326E-01	3.9150666326E-01	3.9470587843E-01	1.3938043419E-01	1.3439847142E-01	6.5739200615E-02	7.4011121277E-02	6.1927428515E-02	3.7992156084E-01	3.8251345925E-01	3.7838358449E-01	3.7793097322E-01	3.7844879221E-01	2.9870654429E-01	3.7505630435E-01	1.0755871116E22	7.7279978759E-01	3.6737564403E-01	3.4520468594E38	3.7536448071E-01	3.7187433129E-01	3.6396474943E-01	3.5903260658E-01	2.5354442458E-01	
Caplet Vola Monte-Carlo Multi-Curve	3.6956589824E-01	3.6352751013E-01	2.3864988048E-01	1.7728227856E-01	2.3109771732E-01	2.4124474478E-01	1.8768891270E-01	1.8924395940E-01	1.8924395940E-01	0.0000000000E00	5.3737014054E-01	5.3722651985E-01	5.3616297267E-01	5.3605710177E-01	5.3798247277E-01	5.3691814261E-01	5.3691814261E-01	5.3486813246E-01	2.0427525349E-01	2.0651588159E-01	2.0646919123E-01	2.1292619720E-01	1.9572264914E-01	4.8060528982E-01	4.9000769218E-01	4.7372777134E-01	4.7492120929E-01	4.7176098551E-01	4.0967915348E-01	4.4467915348E-01	1.0755871116E22	7.6543667461E-01	5.0816576045E-01	3.4520468594E38	5.0614965661E-01	4.9742466890E-01	5.0965683205E-01	5.0332614422E-01	3.5967915348E-01	
Caplet Value Analytic Single-Curve	3.1974406545E-01	3.3080937205E-01	4.4872036887E-01	5.1661043498E-01	4.3729598728E-01	4.4384570403E-01	3.9028987195E-01	3.9184491865E-01	3.9184491865E-01	5.3737014054E-01	0.0000000000E00	1.6614690850E-03	3.1072684871E-03	2.6200584704E-03	2.1656023363E-03	1.9420511480E-03	1.9420511480E-03	2.8609597825E-03	4.5623385819E-01	4.0275639602E-01	3.7986490234E-01	3.9287974572E-01	3.7801148720E-01	9.9400891975E-02	8.0591671066E-02	1.1973271269E-01	1.1692436402E-01	1.2008915165E-01	1.5283106207E-01	3.3748057416E-01	1.0755871116E22	9.9779834868E-01	3.0921319862E-02	3.4520468594E38	3.1220483934E-02	3.9945471635E-02	2.7880169216E-02	3.9393841720E-02	1.8783106207E-01	
Caplet Value Monte-Carlo Single-Curve	3.1982658552E-01	3.3089189212E-01	4.4988415834E-01	5.1582146661E-01	4.3877558389E-01	4.4459283920E-01	3.9103700712E-01	3.9259205382E-01	3.9259205382E-01	5.3722651985E-01	1.6614690850E-03	0.0000000000E00	4.7687375721E-03	4.2473877782E-03	3.2797325560E-03	3.2263633054E-03	3.2263633054E-03	3.6157899930E-03	4.5755935305E-01	4.0408189088E-01	3.7907593397E-01	3.9209077735E-01	3.7722251883E-01	1.0020379739E-01	8.1394576480E-02	1.2071623643E-01	1.1790788776E-01	1.2089205706E-01	1.5357819724E-01	3.3787266211E-01	1.0755871116E22	9.9780122142E-01	3.0132351495E-02	3.4520468594E38	3.1495088049E-02	4.0698385327E-02	2.8871631594E-02	4.1034634259E-02	1.8857819724E-01	
Caplet Value Analytic Multi-Curve Fenton-Wilkinson	3.1851219510E-01	3.2957750170E-01	4.4644245944E-01	5.1555130916E-01	4.3550717014E-01	4.4293311860E-01	3.8937728652E-01	3.9093233322E-01	3.9093233322E-01	5.3616297267E-01	3.1072684871E-03	4.7687375721E-03	0.0000000000E00	5.2134979388E-04	1.9088097199E-03	1.6000805715E-03	1.6000805715E-03	3.7735452096E-03	4.5474680113E-01	4.0126933895E-01	3.7880577652E-01	3.9182061990E-01	3.7695236138E-01	9.7174923712E-02	7.8365702803E-02	1.1672201281E-01	1.1391366414E-01	1.1786318338E-01	1.5191847665E-01	3.3544276933E-01	1.0755871116E22	9.9750021294E-01	2.9862194041E-02	3.4520468594E38	3.0013316060E-02	3.8738303762E-02	2.6967583789E-02	3.6377005712E-02	1.8691847665E-01	
Caplet Value Analytic Multi-Curve Ju	3.1856288383E-01	3.2962819042E-01	4.4661725404E-01	5.1542803676E-01	4.3552115742E-01	4.4280020969E-01	3.8924437761E-01	3.9079942431E-01	3.9079942431E-01	5.3605710177E-01	2.6200584704E-03	4.2473877782E-03	5.2134979388E-04	0.0000000000E00	1.9313989606E-03	1.1669063824E-03	1.1669063824E-03	3.9064541173E-03	4.5469264599E-01	4.0121518381E-01	3.7868250412E-01	3.9169734750E-01	3.7682908898E-01	9.7349718307E-02	7.8540497398E-02	1.1720829757E-01	1.1439994890E-01	1.1803797798E-01	1.5178556774E-01	3.3559315059E-01	1.0755871116E22	9.9750264355E-01	2.9738921640E-02	3.4520468594E38	2.9907445163E-02	3.8632432864E-02	2.6834674882E-02	3.6807665910E-02	1.8678556774E-01	
Caplet Value Analytic Multi-Curve Ho	3.1860932633E-01	3.2967463292E-01	4.4835126916E-01	5.1733534003E-01	4.3740569137E-01	4.4467722239E-01	3.9112139031E-01	3.9267643701E-01	3.9267643701E-01	5.3798247277E-01	2.1656023363E-03	3.2797325560E-03	1.9088097199E-03	1.9313989606E-03	0.0000000000E00	1.1697737553E-03	1.1697737553E-03	3.1143403054E-03	4.5661885674E-01	4.0314139456E-01	3.8058980739E-01	3.9360465077E-01	3.7873639225E-01	9.9083733432E-02	8.0274512523E-02	1.1844302892E-01	1.1563468025E-01	1.1977199310E-01	1.5366258044E-01	3.3575978345E-01	1.0755871116E22	9.9750378014E-01	3.1646224912E-02	3.4520468594E38	3.1832816160E-02	4.0557803862E-02	2.8711687579E-02	3.7892425628E-02	1.8866258044E-01	
Caplet Value Analytic Multi-Curve Drift-Freeze	3.1867027888E-01	3.2973558548E-01	4.4776259452E-01	5.1621622311E-01	4.3657814420E-01	4.4350744864E-01	3.8995161656E-01	3.9150666326E-01	3.9150666326E-01	5.3691814261E-01	1.9420511480E-03	3.2263633054E-03	1.6000805715E-03	1.1669063824E-03	1.1697737553E-03	0.0000000000E00	0.0000000000E00	3.1992151747E-03	4.5566862381E-01	4.0219116164E-01	3.7947069046E-01	3.9248553385E-01	3.7761727533E-01	9.8495058792E-02	7.9685837883E-02	1.1832209338E-01	1.1551374471E-01	1.1918331846E-01	1.5249280668E-01	3.3590054673E-01	1.0755871116E22	9.9754395986E-01	3.0527107990E-02	3.4520468594E38	3.0768486002E-02	3.9493473704E-02	2.7541913824E-02	3.7843024288E-02	1.8749280668E-01	
Caplet Value Analytic Multi-Curve Integrated-Expectation	3.1867027888E-01	3.2973558548E-01	4.4776259452E-01	5.1621622311E-01	4.3657814420E-01	4.4350744864E-01	3.8995161656E-01	3.9150666326E-01	3.9150666326E-01	5.3691814261E-01	1.9420511480E-03	3.2263633054E-03	1.6000805715E-03	1.1669063824E-03	1.1697737553E-03	0.0000000000E00	0.0000000000E00	3.1992151747E-03	4.5566862381E-01	4.0219116164E-01	3.7947069046E-01	3.9248553385E-01	3.7761727533E-01	9.8495058792E-02	7.9685837883E-02	1.1832209338E-01	1.1551374471E-01	1.1918331846E-01	1.5249280668E-01	3.3590054673E-01	1.0755871116E22	9.9754395986E-01	3.0527107990E-02	3.4520468594E38	3.0768486002E-02	3.9493473704E-02	2.7541913824E-02	3.7843024288E-02	1.8749280668E-01	
Caplet Value Monte-Carlo Multi-Curve	3.1850386552E-01	3.2956917212E-01	4.4780663845E-01	5.1629059320E-01	4.3668212473E-01	4.4670666381E-01	3.9315083173E-01	3.9470587843E-01	3.9470587843E-01	5.3486813246E-01	2.8609597825E-03	3.6157899930E-03	3.7735452096E-03	3.9064541173E-03	3.1143403054E-03	3.1992151747E-03	3.1992151747E-03	0.0000000000E00	4.5468319058E-01	4.0120572840E-01	3.7954506056E-01	3.9255990394E-01	3.7769164542E-01	9.8305601314E-02	7.9496380405E-02	1.1804005260E-01	1.1523170394E-01	1.1899386099E-01	1.5569202186E-01	3.3527857823E-01	1.0755871116E22	9.9752895231E-01	3.0601478086E-02	3.4520468594E38	2.8718475855E-02	3.7443463556E-02	3.0741128999E-02	3.7947120157E-02	1.9069202186E-01	
Swaption Vola Analytic Single-Curve	2.8887305926E-01	2.8291111607E-01	1.0008926693E-01	1.1471334053E-01	1.2991669120E-01	1.3464502249E-01	1.3744788271E-01	1.3938043419E-01	1.3938043419E-01	2.0427525349E-01	4.5623385819E-01	4.5755935305E-01	4.5474680113E-01	4.5469264599E-01	4.5661885674E-01	4.5566862381E-01	4.5566862381E-01	4.5468319058E-01	0.0000000000E00	1.2236907950E-01	9.6357513314E-02	1.0103232020E-01	1.1969309000E-01	4.4908544204E-01	4.5045261436E-01	4.4661913945E-01	4.4632114250E-01	4.4777237677E-01	3.9087096730E-01	4.4366655744E-01	1.0755871116E22	7.1489487239E-01	4.3244457264E-01	3.4520468594E38	4.2847491756E-01	4.2241601465E-01	4.2868772146E-01	4.2109533769E-01	3.7868081002E-01	
Swaption Vola Monte-Carlo Single-Curve	2.3016013049E-01	2.2395223516E-01	1.7014556713E-01	1.5940049965E-01	1.5386877847E-01	1.3244296918E-01	1.3246591994E-01	1.3439847142E-01	1.3439847142E-01	2.0651588159E-01	4.0275639602E-01	4.0408189088E-01	4.0126933895E-01	4.0121518381E-01	4.0314139456E-01	4.0219116164E-01	4.0219116164E-01	4.0120572840E-01	1.2236907950E-01	0.0000000000E00	8.1121124160E-02	8.3860214933E-02	9.9928537294E-02	3.9560797987E-01	3.9697515219E-01	3.9314167727E-01	3.9284368033E-01	3.9429491459E-01	3.8369884725E-01	3.9018909526E-01	1.0755871116E22	7.1988368862E-01	3.8268411402E-01	3.4520468594E38	3.8270468859E-01	3.6871386542E-01	3.8269884725E-01	3.6869884725E-01	3.7369884725E-01	
Swaption Vola Analytic Multi-Curve Drift-Freeze	2.1420974566E-01	2.0824780247E-01	1.5548213878E-01	1.3674553264E-01	1.3975896207E-01	1.2952864464E-01	8.9284599095E-02	6.5739200615E-02	6.5739200615E-02	2.0646919123E-01	3.7986490234E-01	3.7907593397E-01	3.7880577652E-01	3.7868250412E-01	3.8058980739E-01	3.7947069046E-01	3.7947069046E-01	3.7954506056E-01	9.6357513314E-02	8.1121124160E-02	0.0000000000E00	1.3014843381E-02	3.7716014960E-02	3.7197135466E-01	3.7456325306E-01	3.7043337831E-01	3.6998076704E-01	3.7049858602E-01	3.0257772309E-01	3.6710609816E-01	1.0755871116E22	7.4483618893E-01	3.4894358247E-01	3.4520468594E38	3.5381160395E-01	3.4775270104E-01	3.5206641562E-01	3.4643202409E-01	2.9257772309E-01	
Swaption Vola Analytic Multi-Curve Integrated-Expectation	2.2722458904E-01	2.2126264585E-01	1.6234710351E-01	1.3176209963E-01	1.4803088273E-01	1.3780056530E-01	9.7556519758E-02	7.4011121277E-02	7.4011121277E-02	2.1292619720E-01	3.9287974572E-01	3.9209077735E-01	3.9182061990E-01	3.9169734750E-01	3.9360465077E-01	3.9248553385E-01	3.9248553385E-01	3.9255990394E-01	1.0103232020E-01	8.3860214933E-02	1.3014843381E-02	0.0000000000E00	4.2473621135E-02	3.8498619804E-01	3.8757809644E-01	3.8344822169E-01	3.8299561042E-01	3.8351342940E-01	2.9983863232E-01	3.8012094154E-01	1.0755871116E22	7.4792189918E-01	3.6195842586E-01	3.4520468594E38	3.6682644733E-01	3.6076754442E-01	3.6508125900E-01	3.5944686747E-01	2.8983863232E-01	
Swaption Vola Monte-Carlo Multi-Curve	2.1235633052E-01	2.0639438733E-01	1.6025832742E-01	1.3859894778E-01	1.4398153876E-01	1.2086740633E-01	9.3983114588E-02	6.1927428515E-02	6.1927428515E-02	1.9572264914E-01	3.7801148720E-01	3.7722251883E-01	3.7695236138E-01	3.7682908898E-01	3.7873639225E-01	3.7761727533E-01	3.7761727533E-01	3.7769164542E-01	1.1969309000E-01	9.9928537294E-02	3.7716014960E-02	4.2473621135E-02	0.0000000000E00	3.7011793952E-01	3.7270983793E-01	3.6857996317E-01	3.6812735190E-01	3.6864517088E-01	3.2182259375E-01	3.6525268302E-01	1.0755871116E22	7.4377707907E-01	3.5011102861E-01	3.4520468594E38	3.5809986530E-01	3.5460971587E-01	3.5021300048E-01	3.4457860895E-01	3.0182259375E-01	
Swaption Value Analytic Single-Curve	3.0670384732E-01	3.1759284768E-01	4.4265561774E-01	5.0871688730E-01	4.3145029619E-01	4.3578320026E-01	3.8196431736E-01	3.7992156084E-01	3.7992156084E-01	4.8060528982E-01	9.9400891975E-02	1.0020379739E-01	9.7174923712E-02	9.7349718307E-02	9.9083733432E-02	9.8495058792E-02	9.8495058792E-02	9.8305601314E-02	4.4908544204E-01	3.9560797987E-01	3.7197135466E-01	3.8498619804E-01	3.7011793952E-01	0.0000000000E00	2.2997948792E-02	2.1845952117E-02	2.0370467363E-02	2.4003565016E-02	1.4486525650E-01	2.9224370464E-01	1.0755871116E22	9.9703113963E-01	7.6652490393E-02	3.4520468594E38	7.5759727134E-02	6.3677481940E-02	7.3708831918E-02	6.1867887131E-02	1.7486525650E-01	
Swaption Value Monte-Carlo Single-Curve	3.0677149748E-01	3.1769804324E-01	4.4563084125E-01	5.1130878571E-01	4.3442551969E-01	4.3837509866E-01	3.8462817825E-01	3.8251345925E-01	3.8251345925E-01	4.9000769218E-01	8.0591671066E-02	8.1394576480E-02	7.8365702803E-02	7.8540497398E-02	8.0274512523E-02	7.9685837883E-02	7.9685837883E-02	7.9496380405E-02	4.5045261436E-01	3.9697515219E-01	3.7456325306E-01	3.8757809644E-01	3.7270983793E-01	2.2997948792E-02	0.0000000000E00	4.4843900909E-02	4.2035552240E-02	4.2890933261E-02	1.4745715490E-01	2.9592454799E-01	1.0755871116E22	9.9704817157E-01	5.5590441224E-02	3.4520468594E38	5.2866325301E-02	4.4868261031E-02	5.4058666222E-02	4.3058666222E-02	1.7745715490E-01	
Swaption Value Analytic Multi-Curve Drift-Freeze	3.0259765725E-01	3.1332877253E-01	4.3943268188E-01	5.0717891095E-01	4.2822736032E-01	4.3424522391E-01	3.8042634101E-01	3.7838358449E-01	3.7838358449E-01	4.7372777134E-01	1.1973271269E-01	1.2071623643E-01	1.1672201281E-01	1.1720829757E-01	1.1844302892E-01	1.1832209338E-01	1.1832209338E-01	1.1804005260E-01	4.4661913945E-01	3.9314167727E-01	3.7043337831E-01	3.8344822169E-01	3.6857996317E-01	2.1845952117E-02	4.4843900909E-02	0.0000000000E00	3.1646889519E-03	5.8540828836E-03	1.4332728015E-01	2.7877854132E-01	1.0755871116E22	9.9595202237E-01	9.8498442510E-02	3.4520468594E38	9.7605679251E-02	8.3226743730E-02	9.5554784035E-02	8.0554784035E-02	1.7332728015E-01	
Swaption Value Analytic Multi-Curve Integrated-Expectation	3.0268805044E-01	3.1341916571E-01	4.3938022379E-01	5.0672629968E-01	4.2817490223E-01	4.3379261264E-01	3.7997372974E-01	3.7793097322E-01	3.7793097322E-01	4.7492120929E-01	1.1692436402E-01	1.1790788776E-01	1.1391366414E-01	1.1439994890E-01	1.1563468025E-01	1.1551374471E-01	1.1551374471E-01	1.1523170394E-01	4.4632114250E-01	3.9284368033E-01	3.6998076704E-01	3.8299561042E-01	3.6812735190E-01	2.0370467363E-02	4.2035552240E-02	3.1646889519E-03	0.0000000000E00	7.5740210383E-03	1.4287466887E-01	2.7917651007E-01	1.0755871116E22	9.9597690171E-01	9.5690093841E-02	3.4520468594E38	9.4797330582E-02	8.0418395061E-02	9.2746435366E-02	7.7746435366E-02	1.7287466887E-01	
Swaption Value Monte-Carlo Multi-Curve	3.0281156700E-01	3.1354268227E-01	4.3953719883E-01	5.0724411866E-01	4.2833187728E-01	4.3431043162E-01	3.8059346406E-01	3.7844879221E-01	3.7844879221E-01	4.7176098551E-01	1.2008915165E-01	1.2089205706E-01	1.1786318338E-01	1.1803797798E-01	1.1977199310E-01	1.1918331846E-01	1.1918331846E-01	1.1899386099E-01	4.4777237677E-01	3.9429491459E-01	3.7049858602E-01	3.8351342940E-01	3.6864517088E-01	2.4003565016E-02	4.2890933261E-02	5.8540828836E-03	7.5740210383E-03	0.0000000000E00	1.4339248786E-01	2.8375706773E-01	1.0755871116E22	9.9594348414E-01	9.6545474862E-02	3.4520468594E38	9.5652711603E-02	8.4365741613E-02	9.3601816387E-02	8.2556146804E-02	1.7339248786E-01	
Swaption Exercise Date	3.1089389132E-01	3.2195919791E-01	3.9512736725E-01	3.6385163080E-01	3.7565871472E-01	3.4995689754E-01	3.2776060142E-01	2.9870654429E-01	2.9870654429E-01	4.0967915348E-01	1.5283106207E-01	1.5357819724E-01	1.5191847665E-01	1.5178556774E-01	1.5366258044E-01	1.5249280668E-01	1.5249280668E-01	1.5569202186E-01	3.9087096730E-01	3.8369884725E-01	3.0257772309E-01	2.9983863232E-01	3.2182259375E-01	1.4486525650E-01	1.4745715490E-01	1.4332728015E-01	1.4287466887E-01	1.4339248786E-01	0.0000000000E00	3.3000000000E-01	1.0755871116E22	9.8800399202E-01	1.2836178745E-01	3.4520468594E38	1.3635062414E-01	1.3286047471E-01	1.2496031746E-01	1.2001875000E-01	6.5000000000E-02	
Swaption Number Of Periods	2.8502755691E-01	2.9554574853E-01	4.3594545530E-01	5.0385163080E-01	4.2474013375E-01	4.3091794376E-01	3.7709906086E-01	3.7505630435E-01	3.7505630435E-01	4.4467915348E-01	3.3748057416E-01	3.3787266211E-01	3.3544276933E-01	3.3559315059E-01	3.3575978345E-01	3.3590054673E-01	3.3590054673E-01	3.3527857823E-01	4.4366655744E-01	3.9018909526E-01	3.6710609816E-01	3.8012094154E-01	3.6525268302E-01	2.9224370464E-01	2.9592454799E-01	2.7877854132E-01	2.7917651007E-01	2.8375706773E-01	3.3000000000E-01	0.0000000000E00	1.0755871116E22	9.7800399202E-01	3.2335686005E-01	3.4520468594E38	3.2245789701E-01	3.0438149429E-01	3.2246250000E-01	3.0500000000E-01	2.9500000000E-01	
Numeraire Single-Curve	1.0755871116E22	1.0755871116E22	1.0755871116E22	1.0755871116E22	1.0755871116E22	1.0755871116E22	1.0755871116E22	1.0755871116E22	1.0755871116E22	1.0755871116E22	1.0755871116E22	1.0755871116E22	1.0755871116E22	1.0755871116E22	1.0755871116E22	1.0755871116E22	1.0755871116E22	1.0755871116E22	1.0755871116E22	1.0755871116E22	1.0755871116E22	1.0755871116E22	1.0755871116E22	1.0755871116E22	1.0755871116E22	1.0755871116E22	1.0755871116E22	1.0755871116E22	1.0755871116E22	1.0755871116E22	0.0000000000E00	1.0755871116E22	1.0755871116E22	3.4520468594E38	1.0755871116E22	1.0755871116E22	1.0755871116E22	1.0755871116E22	1.0755871116E22	
Discount Single-Curve	6.9556228128E-01	6.8513325677E-01	7.5531957834E-01	7.5871791387E-01	7.7124626743E-01	7.7243504899E-01	7.7287189853E-01	7.7279978759E-01	7.7279978759E-01	7.6543667461E-01	9.9779834868E-01	9.9780122142E-01	9.9750021294E-01	9.9750264355E-01	9.9750378014E-01	9.9754395986E-01	9.9754395986E-01	9.9752895231E-01	7.1489487239E-01	7.1988368862E-01	7.4483618893E-01	7.4792189918E-01	7.4377707907E-01	9.9703113963E-01	9.9704817157E-01	9.9595202237E-01	9.9597690171E-01	9.9594348414E-01	9.8800399202E-01	9.7800399202E-01	1.0755871116E22	0.0000000000E00	9.9195444922E-01	3.4520468594E38	9.9196723536E-01	9.8339477410E-01	9.9195867952E-01	9.8343367952E-01	9.9300399202E-01	
OIS Spot Rate Single-Curve	3.0900759451E-01	3.2007290111E-01	4.2522000210E-01	4.8568911512E-01	4.1441918118E-01	4.1937642941E-01	3.6582059732E-01	3.6737564403E-01	3.6737564403E-01	5.0816576045E-01	3.0921319862E-02	3.0132351495E-02	2.9862194041E-02	2.9738921640E-02	3.1646224912E-02	3.0527107990E-02	3.0527107990E-02	3.0601478086E-02	4.3244457264E-01	3.8268411402E-01	3.4894358247E-01	3.6195842586E-01	3.5011102861E-01	7.6652490393E-02	5.5590441224E-02	9.8498442510E-02	9.5690093841E-02	9.6545474862E-02	1.2836178745E-01	3.2335686005E-01	1.0755871116E22	9.9195444922E-01	0.0000000000E00	3.4520468594E38	7.9888366876E-03	2.2132451595E-02	4.6456344745E-03	2.1397784024E-02	1.6336178745E-01	
Numeraire Multi-Curve	3.4520468594E38	3.4520468594E38	3.4520468594E38	3.4520468594E38	3.4520468594E38	3.4520468594E38	3.4520468594E38	3.4520468594E38	3.4520468594E38	3.4520468594E38	3.4520468594E38	3.4520468594E38	3.4520468594E38	3.4520468594E38	3.4520468594E38	3.4520468594E38	3.4520468594E38	3.4520468594E38	3.4520468594E38	3.4520468594E38	3.4520468594E38	3.4520468594E38	3.4520468594E38	3.4520468594E38	3.4520468594E38	3.4520468594E38	3.4520468594E38	3.4520468594E38	3.4520468594E38	3.4520468594E38	3.4520468594E38	3.4520468594E38	3.4520468594E38	0.0000000000E00	3.4520468594E38	3.4520468594E38	3.4520468594E38	3.4520468594E38	3.4520468594E38	
OIS Spot Rate Multi-Curve	3.0895937336E-01	3.1999225378E-01	4.2550416271E-01	4.9055713660E-01	4.1721823863E-01	4.2736526609E-01	3.7380943401E-01	3.7536448071E-01	3.7536448071E-01	5.0614965661E-01	3.1220483934E-02	3.1495088049E-02	3.0013316060E-02	2.9907445163E-02	3.1832816160E-02	3.0768486002E-02	3.0768486002E-02	2.8718475855E-02	4.2847491756E-01	3.8270468859E-01	3.5381160395E-01	3.6682644733E-01	3.5809986530E-01	7.5759727134E-02	5.2866325301E-02	9.7605679251E-02	9.4797330582E-02	9.5652711603E-02	1.3635062414E-01	3.2245789701E-01	1.0755871116E22	9.9196723536E-01	7.9888366876E-03	3.4520468594E38	0.0000000000E00	1.9625589704E-02	1.1399731280E-02	1.8863117755E-02	1.7135062414E-01	
LIBOR Spot Rate Multi-Curve	2.9496855019E-01	3.0600143060E-01	4.2128025236E-01	4.8449823368E-01	4.1372808921E-01	4.2387511667E-01	3.7031928459E-01	3.7187433129E-01	3.7187433129E-01	4.9742466890E-01	3.9945471635E-02	4.0698385327E-02	3.8738303762E-02	3.8632432864E-02	4.0557803862E-02	3.9493473704E-02	3.9493473704E-02	3.7443463556E-02	4.2241601465E-01	3.6871386542E-01	3.4775270104E-01	3.6076754442E-01	3.5460971587E-01	6.3677481940E-02	4.4868261031E-02	8.3226743730E-02	8.0418395061E-02	8.4365741613E-02	1.3286047471E-01	3.0438149429E-01	1.0755871116E22	9.8339477410E-01	2.2132451595E-02	3.4520468594E38	1.9625589704E-02	0.0000000000E00	2.0167564541E-02	1.2841724711E-02	1.6786047471E-01	
OIS Forward Rate Multi-Curve	3.0895353202E-01	3.1998641243E-01	4.2283593140E-01	4.8881194826E-01	4.1064728298E-01	4.1596553481E-01	3.6240970273E-01	3.6396474943E-01	3.6396474943E-01	5.0965683205E-01	2.7880169216E-02	2.8871631594E-02	2.6967583789E-02	2.6834674882E-02	2.8711687579E-02	2.7541913824E-02	2.7541913824E-02	3.0741128999E-02	4.2868772146E-01	3.8269884725E-01	3.5206641562E-01	3.6508125900E-01	3.5021300048E-01	7.3708831918E-02	5.4058666222E-02	9.5554784035E-02	9.2746435366E-02	9.3601816387E-02	1.2496031746E-01	3.2246250000E-01	1.0755871116E22	9.9195867952E-01	4.6456344745E-03	3.4520468594E38	1.1399731280E-02	2.0167564541E-02	0.0000000000E00	1.9405092593E-02	1.5995089286E-01	
LIBOR Forward Rate Multi-Curve	2.9495353202E-01	3.0598641243E-01	4.1139896864E-01	4.8317755673E-01	4.0151162388E-01	4.1103339196E-01	3.5747755987E-01	3.5903260658E-01	3.5903260658E-01	5.0332614422E-01	3.9393841720E-02	4.1034634259E-02	3.6377005712E-02	3.6807665910E-02	3.7892425628E-02	3.7843024288E-02	3.7843024288E-02	3.7947120157E-02	4.2109533769E-01	3.6869884725E-01	3.4643202409E-01	3.5944686747E-01	3.4457860895E-01	6.1867887131E-02	4.3058666222E-02	8.0554784035E-02	7.7746435366E-02	8.2556146804E-02	1.2001875000E-01	3.0500000000E-01	1.0755871116E22	9.8343367952E-01	2.1397784024E-02	3.4520468594E38	1.8863117755E-02	1.2841724711E-02	1.9405092593E-02	0.0000000000E00	1.5501875000E-01	
Time	3.0186982720E-01	3.1279637296E-01	3.4512736725E-01	3.3385163080E-01	3.1915869071E-01	2.9260286521E-01	2.7786143244E-01	2.5354442458E-01	2.5354442458E-01	3.5967915348E-01	1.8783106207E-01	1.8857819724E-01	1.8691847665E-01	1.8678556774E-01	1.8866258044E-01	1.8749280668E-01	1.8749280668E-01	1.9069202186E-01	3.7868081002E-01	3.7369884725E-01	2.9257772309E-01	2.8983863232E-01	3.0182259375E-01	1.7486525650E-01	1.7745715490E-01	1.7332728015E-01	1.7287466887E-01	1.7339248786E-01	6.5000000000E-02	2.9500000000E-01	1.0755871116E22	9.9300399202E-01	1.6336178745E-01	3.4520468594E38	1.7135062414E-01	1.6786047471E-01	1.5995089286E-01	1.5501875000E-01	0.0000000000E00	
