	Target (OIS)	Target (LIBOR)	Caplet Vola Analytic Single-Curve	Caplet Vola Monte-Carlo Single-Curve	Caplet Vola Analytic Multi-Curve Fenton-Wilkinson	Caplet Vola Analytic Multi-Curve Ju	Caplet Vola Analytic Multi-Curve Ho	Caplet Vola Analytic Multi-Curve Drift-Freeze	Caplet Vola Analytic Multi-Curve Integrated-Expectation	Caplet Vola Monte-Carlo Multi-Curve	Caplet Value Analytic Single-Curve	Caplet Value Monte-Carlo Single-Curve	Caplet Value Analytic Multi-Curve Fenton-Wilkinson	Caplet Value Analytic Multi-Curve Ju	Caplet Value Analytic Multi-Curve Ho	Caplet Value Analytic Multi-Curve Drift-Freeze	Caplet Value Analytic Multi-Curve Integrated-Expectation	Caplet Value Monte-Carlo Multi-Curve	Swaption Vola Analytic Single-Curve	Swaption Vola Monte-Carlo Single-Curve	Swaption Vola Analytic Multi-Curve Drift-Freeze	Swaption Vola Analytic Multi-Curve Integrated-Expectation	Swaption Vola Monte-Carlo Multi-Curve	Swaption Value Analytic Single-Curve	Swaption Value Monte-Carlo Single-Curve	Swaption Value Analytic Multi-Curve Drift-Freeze	Swaption Value Analytic Multi-Curve Integrated-Expectation	Swaption Value Monte-Carlo Multi-Curve	Swaption Exercise Date	Swaption Number Of Periods	Numeraire Single-Curve	Discount Single-Curve	OIS Spot Rate Single-Curve	Numeraire Multi-Curve	OIS Spot Rate Multi-Curve	LIBOR Spot Rate Multi-Curve	OIS Forward Rate Multi-Curve	LIBOR Forward Rate Multi-Curve	Time
Target (OIS)	0.0000000000E00	4.3501934934E-02	4.5410887543E-01	4.5371072818E-01	4.8589771779E-01	4.8644374868E-01	5.6448229655E-01	4.8862700667E-01	4.8862700667E-01	4.8741898808E-01	7.3654723827E-01	7.3654016826E-01	7.3526383964E-01	7.3527520857E-01	7.3741246359E-01	7.3531400508E-01	7.3531400508E-01	7.3529371690E-01	5.2660084686E-01	5.2882359931E-01	5.4930794942E-01	5.5176854564E-01	5.4985226475E-01	7.1951070662E-01	7.1977002827E-01	7.1061163556E-01	7.1116429646E-01	7.1064059537E-01	6.8881403242E-01	6.0924728847E-01	7.2915844335E-01	1.1090170072E-01	7.1591076603E-01	6.9041106054E-01	7.1598973228E-01	7.0198982835E-01	7.1596133310E-01	7.0198729175E-01	6.5752318686E-01	
Target (LIBOR)	4.3501934934E-02	0.0000000000E00	4.9760223289E-01	4.9720336517E-01	5.2938368755E-01	5.2993069100E-01	6.0792643883E-01	5.3211361701E-01	5.3211361701E-01	5.3090515422E-01	7.8004906046E-01	7.8004198932E-01	7.7876563620E-01	7.7877700654E-01	7.8091433868E-01	7.7881580579E-01	7.7881580579E-01	7.7879551619E-01	5.6976530298E-01	5.7199401192E-01	5.9258321008E-01	5.9504823868E-01	5.9314362757E-01	7.6300483417E-01	7.6326439485E-01	7.5410024901E-01	7.5465387738E-01	7.5412935522E-01	7.3217878221E-01	6.5234981453E-01	7.0105694941E-01	7.6766163837E-02	7.5940497914E-01	6.6165448353E-01	7.5948396295E-01	7.4548252232E-01	7.5945558133E-01	7.4548000704E-01	7.0075483205E-01	
Caplet Vola Analytic Single-Curve	4.5410887543E-01	4.9760223289E-01	0.0000000000E00	2.0778854762E-03	3.2118966008E-02	3.2599858903E-02	1.1183507768E-01	3.4746670211E-02	3.4746670211E-02	3.3607171255E-02	2.8267046408E-01	2.8266345235E-01	2.8139817665E-01	2.8140975930E-01	2.8353445649E-01	2.8144834083E-01	2.8144834083E-01	2.8142810423E-01	9.3882475015E-02	9.5322941736E-02	1.0704406022E-01	1.0911604191E-01	1.0670421960E-01	2.6575573569E-01	2.6600850169E-01	2.5705949151E-01	2.5758843731E-01	2.5709033456E-01	2.3765737095E-01	1.7295706056E-01	1.0810469144E00	5.5171897969E-01	2.6199668488E-01	1.0491092431E00	2.6207331708E-01	2.4818890376E-01	2.6204608924E-01	2.4818741609E-01	2.1073189677E-01	
Caplet Vola Monte-Carlo Single-Curve	4.5371072818E-01	4.9720336517E-01	2.0778854762E-03	0.0000000000E00	3.2562465502E-02	3.3051016893E-02	1.1214852851E-01	3.5200580222E-02	3.5200580222E-02	3.4036065352E-02	2.8308615267E-01	2.8307897547E-01	2.8181358099E-01	2.8182518611E-01	2.8395123416E-01	2.8186381978E-01	2.8186381978E-01	2.8184350019E-01	9.3954727222E-02	9.5408116907E-02	1.0723099001E-01	1.0932100238E-01	1.0690291263E-01	2.6614703084E-01	2.6640044053E-01	2.5743855101E-01	2.5796937526E-01	2.5747002064E-01	2.3802412894E-01	1.7332547236E-01	1.0805929660E00	5.5123362693E-01	2.6239157894E-01	1.0486323959E00	2.6246882720E-01	2.4857734468E-01	2.6244149336E-01	2.4857590608E-01	2.1102344768E-01	
Caplet Vola Analytic Multi-Curve Fenton-Wilkinson	4.8589771779E-01	5.2938368755E-01	3.2118966008E-02	3.2562465502E-02	0.0000000000E00	7.3999539351E-04	7.9804054094E-02	2.9122105460E-03	2.9122105460E-03	2.3088822735E-03	2.5116187477E-01	2.5115484235E-01	2.4989277153E-01	2.4990458207E-01	2.5203182462E-01	2.4994328593E-01	2.4994328593E-01	2.4992289496E-01	7.3091364185E-02	7.4023457521E-02	8.0439055611E-02	8.2311340434E-02	7.9772591026E-02	2.3415047244E-01	2.3440416105E-01	2.2548143293E-01	2.2601195553E-01	2.2551691301E-01	2.0559298498E-01	1.4689811589E-01	1.1061533254E00	5.8294828047E-01	2.3025501555E-01	1.0747092112E00	2.3033082203E-01	2.1646591304E-01	2.3030448017E-01	2.1646551857E-01	1.7919767576E-01	
Caplet Vola Analytic Multi-Curve Ju	4.8644374868E-01	5.2993069100E-01	3.2599858903E-02	3.3051016893E-02	7.3999539351E-04	0.0000000000E00	7.9358754039E-02	2.3012094443E-03	2.3012094443E-03	1.9005315588E-03	2.5058590901E-01	2.5057888891E-01	2.4931675934E-01	2.4932854993E-01	2.5145516756E-01	2.4936723321E-01	2.4936723321E-01	2.4934685446E-01	7.2904270230E-02	7.3816147590E-02	8.0095729291E-02	8.1948431610E-02	7.9413082032E-02	2.3359019912E-01	2.3384360626E-01	2.2492505665E-01	2.2545456027E-01	2.2496008189E-01	2.0514683098E-01	1.4642303720E-01	1.1068639419E00	5.8353920641E-01	2.2970257166E-01	1.0754198980E00	2.2977835171E-01	2.1591509615E-01	2.2975196915E-01	2.1591463814E-01	1.7884757563E-01	
Caplet Vola Analytic Multi-Curve Ho	5.6448229655E-01	6.0792643883E-01	1.1183507768E-01	1.1214852851E-01	7.9804054094E-02	7.9358754039E-02	0.0000000000E00	7.7242452641E-02	7.7242452641E-02	7.8381220751E-02	1.7526715531E-01	1.7525962119E-01	1.7403018985E-01	1.7404305911E-01	1.7615606444E-01	1.7408195138E-01	1.7408195138E-01	1.7406093066E-01	7.3257455405E-02	7.1898405286E-02	5.3081855116E-02	5.2762849567E-02	5.1395268540E-02	1.5784518038E-01	1.5810284780E-01	1.4935310302E-01	1.4989808158E-01	1.4941597443E-01	1.2624600391E-01	1.0174563081E-01	1.1677875340E00	6.5989083894E-01	1.5333724029E-01	1.1375291676E00	1.5340981715E-01	1.3978430016E-01	1.5338815630E-01	1.3979009137E-01	1.0180536202E-01	
Caplet Vola Analytic Multi-Curve Drift-Freeze	4.8862700667E-01	5.3211361701E-01	3.4746670211E-02	3.5200580222E-02	2.9122105460E-03	2.3012094443E-03	7.7242452641E-02	0.0000000000E00	0.0000000000E00	1.9130992873E-03	2.4842405626E-01	2.4841706076E-01	2.4715637702E-01	2.4716815981E-01	2.4929191770E-01	2.4720678080E-01	2.4720678080E-01	2.4718642328E-01	7.1737049110E-02	7.2584909764E-02	7.8395287175E-02	8.0209807588E-02	7.7677009002E-02	2.3144987031E-01	2.3170274028E-01	2.2279937491E-01	2.2332739616E-01	2.2283437322E-01	2.0305764246E-01	1.4486037069E-01	1.1088043996E00	5.8573077391E-01	2.2755642053E-01	1.0773939731E00	2.2763190793E-01	2.1378263300E-01	2.2760567425E-01	2.1378228774E-01	1.7690785564E-01	
Caplet Vola Analytic Multi-Curve Integrated-Expectation	4.8862700667E-01	5.3211361701E-01	3.4746670211E-02	3.5200580222E-02	2.9122105460E-03	2.3012094443E-03	7.7242452641E-02	0.0000000000E00	0.0000000000E00	1.9130992873E-03	2.4842405626E-01	2.4841706076E-01	2.4715637702E-01	2.4716815981E-01	2.4929191770E-01	2.4720678080E-01	2.4720678080E-01	2.4718642328E-01	7.1737049110E-02	7.2584909764E-02	7.8395287175E-02	8.0209807588E-02	7.7677009002E-02	2.3144987031E-01	2.3170274028E-01	2.2279937491E-01	2.2332739616E-01	2.2283437322E-01	2.0305764246E-01	1.4486037069E-01	1.1088043996E00	5.8573077391E-01	2.2755642053E-01	1.0773939731E00	2.2763190793E-01	2.1378263300E-01	2.2760567425E-01	2.1378228774E-01	1.7690785564E-01	
Caplet Vola Monte-Carlo Multi-Curve	4.8741898808E-01	5.3090515422E-01	3.3607171255E-02	3.4036065352E-02	2.3088822735E-03	1.9005315588E-03	7.8381220751E-02	1.9130992873E-03	1.9130992873E-03	0.0000000000E00	2.4964332840E-01	2.4963629040E-01	2.4837557703E-01	2.4838736151E-01	2.5051132386E-01	2.4842599135E-01	2.4842599135E-01	2.4840546535E-01	7.2451145983E-02	7.3342142442E-02	7.9394920586E-02	8.1227550560E-02	7.8702325928E-02	2.3266025790E-01	2.3291365430E-01	2.2400480929E-01	2.2453331511E-01	2.2404001971E-01	2.0421124475E-01	1.4576746819E-01	1.1076568371E00	5.8451704010E-01	2.2876874016E-01	1.0762487394E00	2.2884404889E-01	2.1499375463E-01	2.2881815114E-01	2.1499394672E-01	1.7798847737E-01	
Caplet Value Analytic Single-Curve	7.3654723827E-01	7.8004906046E-01	2.8267046408E-01	2.8308615267E-01	2.5116187477E-01	2.5058590901E-01	1.7526715531E-01	2.4842405626E-01	2.4842405626E-01	2.4964332840E-01	0.0000000000E00	2.5480594261E-05	1.3560038440E-03	1.3451083881E-03	1.0257568466E-03	1.3029921872E-03	1.3029921872E-03	1.3240790411E-03	2.2478475447E-01	2.2251620560E-01	1.9886321716E-01	1.9638514782E-01	1.9755477061E-01	2.1424708387E-02	2.1087171023E-02	3.1180246151E-02	3.0347337524E-02	3.1107274088E-02	7.4269495167E-02	1.5811919146E-01	1.3360779631E00	8.3374567854E-01	2.4086855145E-02	1.3069012521E00	2.4012563562E-02	3.7133553589E-02	2.4027713689E-02	3.7129502791E-02	1.1144733476E-01	
Caplet Value Monte-Carlo Single-Curve	7.3654016826E-01	7.8004198932E-01	2.8266345235E-01	2.8307897547E-01	2.5115484235E-01	2.5057888891E-01	1.7525962119E-01	2.4841706076E-01	2.4841706076E-01	2.4963629040E-01	2.5480594261E-05	0.0000000000E00	1.3472184625E-03	1.3363762498E-03	1.0374973627E-03	1.2943868021E-03	1.2943868021E-03	1.3152868801E-03	2.2477725610E-01	2.2250874627E-01	1.9885571609E-01	1.9637773554E-01	1.9754729122E-01	2.1414827097E-02	2.1077329807E-02	3.1170047726E-02	3.0337190107E-02	3.1097111511E-02	7.4263358892E-02	1.5811226877E-01	1.3360706636E00	8.3373793905E-01	2.4077475997E-02	1.3068936684E00	2.4003274524E-02	3.7124007496E-02	2.4018399206E-02	3.7119953486E-02	1.1143942889E-01	
Caplet Value Analytic Multi-Curve Fenton-Wilkinson	7.3526383964E-01	7.7876563620E-01	2.8139817665E-01	2.8181358099E-01	2.4989277153E-01	2.4931675934E-01	1.7403018985E-01	2.4715637702E-01	2.4715637702E-01	2.4837557703E-01	1.3560038440E-03	1.3472184625E-03	0.0000000000E00	1.5969844392E-05	2.3319781298E-03	5.8140749056E-05	5.8140749056E-05	4.6267017489E-05	2.2360589103E-01	2.2134007462E-01	1.9767930216E-01	1.9520402413E-01	1.9636697887E-01	2.0328934203E-02	1.9991975096E-02	3.0014826709E-02	2.9176650303E-02	2.9939798283E-02	7.3468203623E-02	1.5695777264E-01	1.3349406726E00	8.3246587574E-01	2.2965629095E-02	1.3057465060E00	2.2893695159E-02	3.5885599507E-02	2.2907077160E-02	3.5880865323E-02	1.1050360451E-01	
Caplet Value Analytic Multi-Curve Ju	7.3527520857E-01	7.7877700654E-01	2.8140975930E-01	2.8182518611E-01	2.4990458207E-01	2.4932854993E-01	1.7404305911E-01	2.4716815981E-01	2.4716815981E-01	2.4838736151E-01	1.3451083881E-03	1.3363762498E-03	1.5969844392E-05	0.0000000000E00	2.3194495281E-03	4.4264833974E-05	4.4264833974E-05	3.6472651830E-05	2.2361792269E-01	2.2135207275E-01	1.9769146087E-01	1.9521608857E-01	1.9637910147E-01	2.0342362918E-02	2.0005408195E-02	3.0027945913E-02	2.9189752836E-02	2.9952858024E-02	7.3483351635E-02	1.5696746514E-01	1.3349552696E00	8.3247795375E-01	2.2981120789E-02	1.3057610807E00	2.2909188281E-02	3.5900101946E-02	2.2922566933E-02	3.5895362220E-02	1.1051928918E-01	
Caplet Value Analytic Multi-Curve Ho	7.3741246359E-01	7.8091433868E-01	2.8353445649E-01	2.8395123416E-01	2.5203182462E-01	2.5145516756E-01	1.7615606444E-01	2.4929191770E-01	2.4929191770E-01	2.5051132386E-01	1.0257568466E-03	1.0374973627E-03	2.3319781298E-03	2.3194495281E-03	0.0000000000E00	2.2756027703E-03	2.2756027703E-03	2.2975311497E-03	2.2562976506E-01	2.2335825600E-01	1.9971455259E-01	1.9723148923E-01	1.9840604534E-01	2.2335737061E-02	2.1997805611E-02	3.2106823527E-02	3.1274954538E-02	3.2032662946E-02	7.5078768714E-02	1.5890254631E-01	1.3369893487E00	8.3463531697E-01	2.5054715742E-02	1.3078205660E00	2.4979093829E-02	3.8119474316E-02	2.4995098226E-02	3.8115668806E-02	1.1233877165E-01	
Caplet Value Analytic Multi-Curve Drift-Freeze	7.3531400508E-01	7.7881580579E-01	2.8144834083E-01	2.8186381978E-01	2.4994328593E-01	2.4936723321E-01	1.7408195138E-01	2.4720678080E-01	2.4720678080E-01	2.4842599135E-01	1.3029921872E-03	1.2943868021E-03	5.8140749056E-05	4.4264833974E-05	2.2756027703E-03	0.0000000000E00	0.0000000000E00	3.6488809825E-05	2.2365493991E-01	2.2138896879E-01	1.9772870221E-01	1.9525313933E-01	1.9641638288E-01	2.0380484615E-02	2.0043493336E-02	3.0067668699E-02	2.9229550018E-02	2.9992566612E-02	7.3514701221E-02	1.5700270480E-01	1.3349936960E00	8.3251748743E-01	2.3020936126E-02	1.3057999766E00	2.2948917251E-02	3.5942227091E-02	2.2962351129E-02	3.5937505055E-02	1.1055501743E-01	
Caplet Value Analytic Multi-Curve Integrated-Expectation	7.3531400508E-01	7.7881580579E-01	2.8144834083E-01	2.8186381978E-01	2.4994328593E-01	2.4936723321E-01	1.7408195138E-01	2.4720678080E-01	2.4720678080E-01	2.4842599135E-01	1.3029921872E-03	1.2943868021E-03	5.8140749056E-05	4.4264833974E-05	2.2756027703E-03	0.0000000000E00	0.0000000000E00	3.6488809825E-05	2.2365493991E-01	2.2138896879E-01	1.9772870221E-01	1.9525313933E-01	1.9641638288E-01	2.0380484615E-02	2.0043493336E-02	3.0067668699E-02	2.9229550018E-02	2.9992566612E-02	7.3514701221E-02	1.5700270480E-01	1.3349936960E00	8.3251748743E-01	2.3020936126E-02	1.3057999766E00	2.2948917251E-02	3.5942227091E-02	2.2962351129E-02	3.5937505055E-02	1.1055501743E-01	
Caplet Value Monte-Carlo Multi-Curve	7.3529371690E-01	7.7879551619E-01	2.8142810423E-01	2.8184350019E-01	2.4992289496E-01	2.4934685446E-01	1.7406093066E-01	2.4718642328E-01	2.4718642328E-01	2.4840546535E-01	1.3240790411E-03	1.3152868801E-03	4.6267017489E-05	3.6472651830E-05	2.2975311497E-03	3.6488809825E-05	3.6488809825E-05	0.0000000000E00	2.2363583581E-01	2.2137000883E-01	1.9770940432E-01	1.9523394055E-01	1.9639711876E-01	2.0360252369E-02	2.0023355503E-02	3.0046834301E-02	2.9208650298E-02	2.9971774304E-02	7.3496089125E-02	1.5698387458E-01	1.3349721464E00	8.3249679950E-01	2.2999291169E-02	1.3057785532E00	2.2927252942E-02	3.5920027911E-02	2.2940738998E-02	3.5915367028E-02	1.1053488363E-01	
Swaption Vola Analytic Single-Curve	5.2660084686E-01	5.6976530298E-01	9.3882475015E-02	9.3954727222E-02	7.3091364185E-02	7.2904270230E-02	7.3257455405E-02	7.1737049110E-02	7.1737049110E-02	7.2451145983E-02	2.2478475447E-01	2.2477725610E-01	2.2360589103E-01	2.2361792269E-01	2.2562976506E-01	2.2365493991E-01	2.2365493991E-01	2.2363583581E-01	0.0000000000E00	2.7857792574E-03	2.6270654001E-02	2.8608124456E-02	2.7721597616E-02	2.1024016764E-01	2.1045064891E-01	2.0289641658E-01	2.0332153087E-01	2.0298841359E-01	1.7642672924E-01	1.6968346033E-01	1.1331140153E00	6.2098487259E-01	2.0415651722E-01	1.1023930514E00	2.0423062942E-01	1.9133600385E-01	2.0420577374E-01	1.9133665891E-01	1.5401537507E-01	
Swaption Vola Monte-Carlo Single-Curve	5.2882359931E-01	5.7199401192E-01	9.5322941736E-02	9.5408116907E-02	7.4023457521E-02	7.3816147590E-02	7.1898405286E-02	7.2584909764E-02	7.2584909764E-02	7.3342142442E-02	2.2251620560E-01	2.2250874627E-01	2.2134007462E-01	2.2135207275E-01	2.2335825600E-01	2.2138896879E-01	2.2138896879E-01	2.2137000883E-01	2.7857792574E-03	0.0000000000E00	2.4184931080E-02	2.6426670079E-02	2.5615717146E-02	2.0802962605E-01	2.0823856079E-01	2.0071753648E-01	2.0113930072E-01	2.0080897171E-01	1.7444486986E-01	1.6840813855E-01	1.1354878795E00	6.2327677317E-01	2.0194851504E-01	1.1047725625E00	2.0202241502E-01	1.8915910752E-01	2.0199750233E-01	1.8915952428E-01	1.5236007855E-01	
Swaption Vola Analytic Multi-Curve Drift-Freeze	5.4930794942E-01	5.9258321008E-01	1.0704406022E-01	1.0723099001E-01	8.0439055611E-02	8.0095729291E-02	5.3081855116E-02	7.8395287175E-02	7.8395287175E-02	7.9394920586E-02	1.9886321716E-01	1.9885571609E-01	1.9767930216E-01	1.9769146087E-01	1.9971455259E-01	1.9772870221E-01	1.9772870221E-01	1.9770940432E-01	2.6270654001E-02	2.4184931080E-02	0.0000000000E00	3.2129521265E-03	2.3814815724E-03	1.8416651448E-01	1.8437860146E-01	1.7681688931E-01	1.7724194710E-01	1.7690761562E-01	1.5095126975E-01	1.5000257785E-01	1.1545430618E00	6.4413136351E-01	1.7808585870E-01	1.1240561816E00	1.7815971162E-01	1.6522783367E-01	1.7813512438E-01	1.6522897544E-01	1.2991525300E-01	
Swaption Vola Analytic Multi-Curve Integrated-Expectation	5.5176854564E-01	5.9504823868E-01	1.0911604191E-01	1.0932100238E-01	8.2311340434E-02	8.1948431610E-02	5.2762849567E-02	8.0209807588E-02	8.0209807588E-02	8.1227550560E-02	1.9638514782E-01	1.9637773554E-01	1.9520402413E-01	1.9521608857E-01	1.9723148923E-01	1.9525313933E-01	1.9525313933E-01	1.9523394055E-01	2.8608124456E-02	2.6426670079E-02	3.2129521265E-03	0.0000000000E00	2.9569610802E-03	1.8184873037E-01	1.8205780359E-01	1.7456718385E-01	1.7498262452E-01	1.7465625376E-01	1.4904878261E-01	1.4922278923E-01	1.1574717005E00	6.4675438597E-01	1.7573502603E-01	1.1270024403E00	1.7580830821E-01	1.6292169763E-01	1.7578378983E-01	1.6292272217E-01	1.2869157152E-01	
Swaption Vola Monte-Carlo Multi-Curve	5.4985226475E-01	5.9314362757E-01	1.0670421960E-01	1.0690291263E-01	7.9772591026E-02	7.9413082032E-02	5.1395268540E-02	7.7677009002E-02	7.7677009002E-02	7.8702325928E-02	1.9755477061E-01	1.9754729122E-01	1.9636697887E-01	1.9637910147E-01	1.9840604534E-01	1.9641638288E-01	1.9641638288E-01	1.9639711876E-01	2.7721597616E-02	2.5615717146E-02	2.3814815724E-03	2.9569610802E-03	0.0000000000E00	1.8281449081E-01	1.8302696805E-01	1.7543124620E-01	1.7585684650E-01	1.7551942395E-01	1.5003486728E-01	1.4804705102E-01	1.1557752186E00	6.4483339002E-01	1.7680282138E-01	1.1252628646E00	1.7687696530E-01	1.6390358854E-01	1.7685200720E-01	1.6390431056E-01	1.2916563004E-01	
Swaption Value Analytic Single-Curve	7.1951070662E-01	7.6300483417E-01	2.6575573569E-01	2.6614703084E-01	2.3415047244E-01	2.3359019912E-01	1.5784518038E-01	2.3144987031E-01	2.3144987031E-01	2.3266025790E-01	2.1424708387E-02	2.1414827097E-02	2.0328934203E-02	2.0342362918E-02	2.2335737061E-02	2.0380484615E-02	2.0380484615E-02	2.0360252369E-02	2.1024016764E-01	2.0802962605E-01	1.8416651448E-01	1.8184873037E-01	1.8281449081E-01	0.0000000000E00	3.5461827436E-04	1.0082303848E-02	9.3253958642E-03	1.0044037814E-02	6.0574359346E-02	1.3967978068E-01	1.3178557433E00	8.1618564628E-01	1.1274453152E-02	1.2885356588E00	1.1270282638E-02	2.0374364820E-02	1.1259324473E-02	2.0371521647E-02	9.4499547088E-02	
Swaption Value Monte-Carlo Single-Curve	7.1977002827E-01	7.6326439485E-01	2.6600850169E-01	2.6640044053E-01	2.3440416105E-01	2.3384360626E-01	1.5810284780E-01	2.3170274028E-01	2.3170274028E-01	2.3291365430E-01	2.1087171023E-02	2.1077329807E-02	1.9991975096E-02	2.0005408195E-02	2.1997805611E-02	2.0043493336E-02	2.0043493336E-02	2.0023355503E-02	2.1045064891E-01	2.0823856079E-01	1.8437860146E-01	1.8205780359E-01	1.8302696805E-01	3.5461827436E-04	0.0000000000E00	1.0408666368E-02	9.6468153363E-03	1.0368601103E-02	6.0752526309E-02	1.3996389369E-01	1.3181366610E00	8.1645386251E-01	1.1272728836E-02	1.2888181312E00	1.1265971381E-02	2.0569783946E-02	1.1255602503E-02	2.0566760521E-02	9.4749745145E-02	
Swaption Value Analytic Multi-Curve Drift-Freeze	7.1061163556E-01	7.5410024901E-01	2.5705949151E-01	2.5743855101E-01	2.2548143293E-01	2.2492505665E-01	1.4935310302E-01	2.2279937491E-01	2.2279937491E-01	2.2400480929E-01	3.1180246151E-02	3.1170047726E-02	3.0014826709E-02	3.0027945913E-02	3.2106823527E-02	3.0067668699E-02	3.0067668699E-02	3.0046834301E-02	2.0289641658E-01	2.0071753648E-01	1.7681688931E-01	1.7456718385E-01	1.7543124620E-01	1.0082303848E-02	1.0408666368E-02	0.0000000000E00	8.9539068457E-04	3.0334017515E-04	5.6986879664E-02	1.3075175753E-01	1.3094533832E00	8.0718063326E-01	1.5025794681E-02	1.2800097089E00	1.5088799684E-02	1.5616188727E-02	1.5056184841E-02	1.5607642473E-02	8.8186711718E-02	
Swaption Value Analytic Multi-Curve Integrated-Expectation	7.1116429646E-01	7.5465387738E-01	2.5758843731E-01	2.5796937526E-01	2.2601195553E-01	2.2545456027E-01	1.4989808158E-01	2.2332739616E-01	2.2332739616E-01	2.2453331511E-01	3.0347337524E-02	3.0337190107E-02	2.9176650303E-02	2.9189752836E-02	3.1274954538E-02	2.9229550018E-02	2.9229550018E-02	2.9208650298E-02	2.0332153087E-01	2.0113930072E-01	1.7724194710E-01	1.7498262452E-01	1.7585684650E-01	9.3253958642E-03	9.6468153363E-03	8.9539068457E-04	0.0000000000E00	8.3582925437E-04	5.7301945097E-02	1.3138022814E-01	1.3100995763E00	8.0776622990E-01	1.4445200605E-02	1.2806621852E00	1.4505731912E-02	1.5630482317E-02	1.4473165523E-02	1.5621823297E-02	8.8751971369E-02	
Swaption Value Monte-Carlo Multi-Curve	7.1064059537E-01	7.5412935522E-01	2.5709033456E-01	2.5747002064E-01	2.2551691301E-01	2.2496008189E-01	1.4941597443E-01	2.2283437322E-01	2.2283437322E-01	2.2404001971E-01	3.1107274088E-02	3.1097111511E-02	2.9939798283E-02	2.9952858024E-02	3.2032662946E-02	2.9992566612E-02	2.9992566612E-02	2.9971774304E-02	2.0298841359E-01	2.0080897171E-01	1.7690761562E-01	1.7465625376E-01	1.7551942395E-01	1.0044037814E-02	1.0368601103E-02	3.0334017515E-04	8.3582925437E-04	0.0000000000E00	5.7186291685E-02	1.3067363912E-01	1.3095697125E00	8.0722570072E-01	1.5090166346E-02	1.2801227079E00	1.5152759285E-02	1.5704866987E-02	1.5119901217E-02	1.5695767534E-02	8.8369342499E-02	
Swaption Exercise Date	6.8881403242E-01	7.3217878221E-01	2.3765737095E-01	2.3802412894E-01	2.0559298498E-01	2.0514683098E-01	1.2624600391E-01	2.0305764246E-01	2.0305764246E-01	2.0421124475E-01	7.4269495167E-02	7.4263358892E-02	7.3468203623E-02	7.3483351635E-02	7.5078768714E-02	7.3514701221E-02	7.3514701221E-02	7.3496089125E-02	1.7642672924E-01	1.7444486986E-01	1.5095126975E-01	1.4904878261E-01	1.5003486728E-01	6.0574359346E-02	6.0752526309E-02	5.6986879664E-02	5.7301945097E-02	5.7186291685E-02	0.0000000000E00	1.3723692783E-01	1.2685671804E00	7.8245940077E-01	5.2597520791E-02	1.2401549074E00	5.2617422567E-02	4.6926867377E-02	5.2632103441E-02	4.6967939525E-02	4.0596513681E-02	
Swaption Number Of Periods	6.0924728847E-01	6.5234981453E-01	1.7295706056E-01	1.7332547236E-01	1.4689811589E-01	1.4642303720E-01	1.0174563081E-01	1.4486037069E-01	1.4486037069E-01	1.4576746819E-01	1.5811919146E-01	1.5811226877E-01	1.5695777264E-01	1.5696746514E-01	1.5890254631E-01	1.5700270480E-01	1.5700270480E-01	1.5698387458E-01	1.6968346033E-01	1.6840813855E-01	1.5000257785E-01	1.4922278923E-01	1.4804705102E-01	1.3967978068E-01	1.3996389369E-01	1.3075175753E-01	1.3138022814E-01	1.3067363912E-01	1.3723692783E-01	0.0000000000E00	1.2215096297E00	7.0639972926E-01	1.4138433634E-01	1.1906077817E00	1.4145432496E-01	1.2999873042E-01	1.4142770681E-01	1.2999322935E-01	1.2423096769E-01	
Numeraire Single-Curve	7.2915844335E-01	7.0105694941E-01	1.0810469144E00	1.0805929660E00	1.1061533254E00	1.1068639419E00	1.1677875340E00	1.1088043996E00	1.1088043996E00	1.1076568371E00	1.3360779631E00	1.3360706636E00	1.3349406726E00	1.3349552696E00	1.3369893487E00	1.3349936960E00	1.3349936960E00	1.3349721464E00	1.1331140153E00	1.1354878795E00	1.1545430618E00	1.1574717005E00	1.1557752186E00	1.3178557433E00	1.3181366610E00	1.3094533832E00	1.3100995763E00	1.3095697125E00	1.2685671804E00	1.2215096297E00	0.0000000000E00	6.3102806441E-01	1.3124560731E00	5.1223314585E-02	1.3125185999E00	1.2998816084E00	1.3125078608E00	1.2998974766E00	1.2307546679E00	
Discount Single-Curve	1.1090170072E-01	7.6766163837E-02	5.5171897969E-01	5.5123362693E-01	5.8294828047E-01	5.8353920641E-01	6.5989083894E-01	5.8573077391E-01	5.8573077391E-01	5.8451704010E-01	8.3374567854E-01	8.3373793905E-01	8.3246587574E-01	8.3247795375E-01	8.3463531697E-01	8.3251748743E-01	8.3251748743E-01	8.3249679950E-01	6.2098487259E-01	6.2327677317E-01	6.4413136351E-01	6.4675438597E-01	6.4483339002E-01	8.1618564628E-01	8.1645386251E-01	8.0718063326E-01	8.0776622990E-01	8.0722570072E-01	7.8245940077E-01	7.0639972926E-01	6.3102806441E-01	0.0000000000E00	8.1235406469E-01	5.9038209869E-01	8.1243483885E-01	7.9842262517E-01	8.1240730044E-01	7.9842176181E-01	7.4933861389E-01	
OIS Spot Rate Single-Curve	7.1591076603E-01	7.5940497914E-01	2.6199668488E-01	2.6239157894E-01	2.3025501555E-01	2.2970257166E-01	1.5333724029E-01	2.2755642053E-01	2.2755642053E-01	2.2876874016E-01	2.4086855145E-02	2.4077475997E-02	2.2965629095E-02	2.2981120789E-02	2.5054715742E-02	2.3020936126E-02	2.3020936126E-02	2.2999291169E-02	2.0415651722E-01	2.0194851504E-01	1.7808585870E-01	1.7573502603E-01	1.7680282138E-01	1.1274453152E-02	1.1272728836E-02	1.5025794681E-02	1.4445200605E-02	1.5090166346E-02	5.2597520791E-02	1.4138433634E-01	1.3124560731E00	8.1235406469E-01	0.0000000000E00	1.2832647159E00	1.5166682865E-04	1.4263847246E-02	9.0833133131E-05	1.4274078776E-02	8.8115245655E-02	
Numeraire Multi-Curve	6.9041106054E-01	6.6165448353E-01	1.0491092431E00	1.0486323959E00	1.0747092112E00	1.0754198980E00	1.1375291676E00	1.0773939731E00	1.0773939731E00	1.0762487394E00	1.3069012521E00	1.3068936684E00	1.3057465060E00	1.3057610807E00	1.3078205660E00	1.3057999766E00	1.3057999766E00	1.3057785532E00	1.1023930514E00	1.1047725625E00	1.1240561816E00	1.1270024403E00	1.1252628646E00	1.2885356588E00	1.2888181312E00	1.2800097089E00	1.2806621852E00	1.2801227079E00	1.2401549074E00	1.1906077817E00	5.1223314585E-02	5.9038209869E-01	1.2832647159E00	0.0000000000E00	1.2833305131E00	1.2705157838E00	1.2833176692E00	1.2705296607E00	1.2022197256E00	
OIS Spot Rate Multi-Curve	7.1598973228E-01	7.5948396295E-01	2.6207331708E-01	2.6246882720E-01	2.3033082203E-01	2.2977835171E-01	1.5340981715E-01	2.2763190793E-01	2.2763190793E-01	2.2884404889E-01	2.4012563562E-02	2.4003274524E-02	2.2893695159E-02	2.2909188281E-02	2.4979093829E-02	2.2948917251E-02	2.2948917251E-02	2.2927252942E-02	2.0423062942E-01	2.0202241502E-01	1.7815971162E-01	1.7580830821E-01	1.7687696530E-01	1.1270282638E-02	1.1265971381E-02	1.5088799684E-02	1.4505731912E-02	1.5152759285E-02	5.2617422567E-02	1.4145432496E-01	1.3125185999E00	8.1243483885E-01	1.5166682865E-04	1.2833305131E00	0.0000000000E00	1.4361093180E-02	9.4913342051E-05	1.4371853064E-02	8.8164132399E-02	
LIBOR Spot Rate Multi-Curve	7.0198982835E-01	7.4548252232E-01	2.4818890376E-01	2.4857734468E-01	2.1646591304E-01	2.1591509615E-01	1.3978430016E-01	2.1378263300E-01	2.1378263300E-01	2.1499375463E-01	3.7133553589E-02	3.7124007496E-02	3.5885599507E-02	3.5900101946E-02	3.8119474316E-02	3.5942227091E-02	3.5942227091E-02	3.5920027911E-02	1.9133600385E-01	1.8915910752E-01	1.6522783367E-01	1.6292169763E-01	1.6390358854E-01	2.0374364820E-02	2.0569783946E-02	1.5616188727E-02	1.5630482317E-02	1.5704866987E-02	4.6926867377E-02	1.2999873042E-01	1.2998816084E00	7.9842262517E-01	1.4263847246E-02	1.2705157838E00	1.4361093180E-02	0.0000000000E00	1.4322811111E-02	1.0131699116E-04	7.8848930210E-02	
OIS Forward Rate Multi-Curve	7.1596133310E-01	7.5945558133E-01	2.6204608924E-01	2.6244149336E-01	2.3030448017E-01	2.2975196915E-01	1.5338815630E-01	2.2760567425E-01	2.2760567425E-01	2.2881815114E-01	2.4027713689E-02	2.4018399206E-02	2.2907077160E-02	2.2922566933E-02	2.4995098226E-02	2.2962351129E-02	2.2962351129E-02	2.2940738998E-02	2.0420577374E-01	2.0199750233E-01	1.7813512438E-01	1.7578378983E-01	1.7685200720E-01	1.1259324473E-02	1.1255602503E-02	1.5056184841E-02	1.4473165523E-02	1.5119901217E-02	5.2632103441E-02	1.4142770681E-01	1.3125078608E00	8.1240730044E-01	9.0833133131E-05	1.2833176692E00	9.4913342051E-05	1.4322811111E-02	0.0000000000E00	1.4332994521E-02	8.8164674561E-02	
LIBOR Forward Rate Multi-Curve	7.0198729175E-01	7.4548000704E-01	2.4818741609E-01	2.4857590608E-01	2.1646551857E-01	2.1591463814E-01	1.3979009137E-01	2.1378228774E-01	2.1378228774E-01	2.1499394672E-01	3.7129502791E-02	3.7119953486E-02	3.5880865323E-02	3.5895362220E-02	3.8115668806E-02	3.5937505055E-02	3.5937505055E-02	3.5915367028E-02	1.9133665891E-01	1.8915952428E-01	1.6522897544E-01	1.6292272217E-01	1.6390431056E-01	2.0371521647E-02	2.0566760521E-02	1.5607642473E-02	1.5621823297E-02	1.5695767534E-02	4.6967939525E-02	1.2999322935E-01	1.2998974766E00	7.9842176181E-01	1.4274078776E-02	1.2705296607E00	1.4371853064E-02	1.0131699116E-04	1.4332994521E-02	0.0000000000E00	7.8878021900E-02	
Time	6.5752318686E-01	7.0075483205E-01	2.1073189677E-01	2.1102344768E-01	1.7919767576E-01	1.7884757563E-01	1.0180536202E-01	1.7690785564E-01	1.7690785564E-01	1.7798847737E-01	1.1144733476E-01	1.1143942889E-01	1.1050360451E-01	1.1051928918E-01	1.1233877165E-01	1.1055501743E-01	1.1055501743E-01	1.1053488363E-01	1.5401537507E-01	1.5236007855E-01	1.2991525300E-01	1.2869157152E-01	1.2916563004E-01	9.4499547088E-02	9.4749745145E-02	8.8186711718E-02	8.8751971369E-02	8.8369342499E-02	4.0596513681E-02	1.2423096769E-01	1.2307546679E00	7.4933861389E-01	8.8115245655E-02	1.2022197256E00	8.8164132399E-02	7.8848930210E-02	8.8164674561E-02	7.8878021900E-02	0.0000000000E00	
