	Target (OIS)	Target (LIBOR)	Caplet Vola Analytic Single-Curve	Caplet Vola Monte-Carlo Single-Curve	Caplet Vola Analytic Multi-Curve Fenton-Wilkinson	Caplet Vola Analytic Multi-Curve Ju	Caplet Vola Analytic Multi-Curve Ho	Caplet Vola Analytic Multi-Curve Drift-Freeze	Caplet Vola Analytic Multi-Curve Integrated-Expectation	Caplet Vola Monte-Carlo Multi-Curve	Caplet Value Analytic Single-Curve	Caplet Value Monte-Carlo Single-Curve	Caplet Value Analytic Multi-Curve Fenton-Wilkinson	Caplet Value Analytic Multi-Curve Ju	Caplet Value Analytic Multi-Curve Ho	Caplet Value Analytic Multi-Curve Drift-Freeze	Caplet Value Analytic Multi-Curve Integrated-Expectation	Caplet Value Monte-Carlo Multi-Curve	Swaption Vola Analytic Single-Curve	Swaption Vola Monte-Carlo Single-Curve	Swaption Vola Analytic Multi-Curve Drift-Freeze	Swaption Vola Analytic Multi-Curve Integrated-Expectation	Swaption Vola Monte-Carlo Multi-Curve	Swaption Value Analytic Single-Curve	Swaption Value Monte-Carlo Single-Curve	Swaption Value Analytic Multi-Curve Drift-Freeze	Swaption Value Analytic Multi-Curve Integrated-Expectation	Swaption Value Monte-Carlo Multi-Curve	Swaption Exercise Date	Swaption Number Of Periods	Numeraire Single-Curve	Discount Single-Curve	OIS Spot Rate Single-Curve	Numeraire Multi-Curve	OIS Spot Rate Multi-Curve	LIBOR Spot Rate Multi-Curve	OIS Forward Rate Multi-Curve	LIBOR Forward Rate Multi-Curve	Time
Target (OIS)	0.0000000000E00	1.1065306597E-02	2.7759109865E-01	2.7330003423E-01	2.7003893549E-01	2.8018596295E-01	2.2663013087E-01	2.2818517757E-01	2.2818517757E-01	2.6524766918E-01	3.1974406545E-01	3.1979284355E-01	3.1851219510E-01	3.1856288383E-01	3.1860932633E-01	3.1867027888E-01	3.1867027888E-01	3.1861990400E-01	2.8887305926E-01	2.6132026427E-01	2.1420974566E-01	2.2722458904E-01	2.6255719196E-01	3.0670384732E-01	3.0713321572E-01	3.0259765725E-01	3.0268805044E-01	3.0270427804E-01	3.1089389132E-01	2.8502755691E-01	4.2959012325E74	6.9556228128E-01	3.0899154678E-01	1.9226989793E61	3.0893570981E-01	2.9494287653E-01	3.0895353202E-01	2.9495353202E-01	3.0186982720E-01	
Target (LIBOR)	1.1065306597E-02	0.0000000000E00	2.7170045454E-01	2.6733809104E-01	2.6414829139E-01	2.7429531885E-01	2.2073948677E-01	2.2229453347E-01	2.2229453347E-01	2.5928572599E-01	3.3080937205E-01	3.3085815014E-01	3.2957750170E-01	3.2962819042E-01	3.2967463292E-01	3.2973558548E-01	3.2973558548E-01	3.2968521060E-01	2.8291111607E-01	2.5469849298E-01	2.0824780247E-01	2.2126264585E-01	2.5634929663E-01	3.1759284768E-01	3.1805976148E-01	3.1332877253E-01	3.1341916571E-01	3.1343539331E-01	3.2195919791E-01	2.9554574853E-01	4.2959012325E74	6.8513325677E-01	3.2003082405E-01	1.9226989793E61	3.1996859022E-01	3.0597575694E-01	3.1998641243E-01	3.0598641243E-01	3.1279637296E-01	
Caplet Vola Analytic Single-Curve	2.7759109865E-01	2.7170045454E-01	0.0000000000E00	5.8567157983E-02	3.9584365458E-02	5.4259467331E-02	6.7471548715E-02	9.9240828028E-02	9.9240828028E-02	6.4725242312E-02	4.4872036887E-01	4.4913224527E-01	4.4644245944E-01	4.4661725404E-01	4.4835126916E-01	4.4776259452E-01	4.4776259452E-01	4.4715176585E-01	1.0008926693E-01	1.0138452376E-01	1.5548213878E-01	1.6234710351E-01	1.4784670454E-01	4.4265561774E-01	4.4276578645E-01	4.3943268188E-01	4.3938022379E-01	4.3782786948E-01	3.9512736725E-01	4.3594545530E-01	4.2959012325E74	7.5531957834E-01	4.2373686471E-01	1.9226989793E61	4.2321388107E-01	4.1271405269E-01	4.2283593140E-01	4.1139896864E-01	3.4512736725E-01	
Caplet Vola Monte-Carlo Single-Curve	2.7330003423E-01	2.6733809104E-01	5.8567157983E-02	0.0000000000E00	4.9355651492E-02	5.2990557245E-02	6.8839138874E-02	1.0089482495E-01	1.0089482495E-01	5.1148120271E-02	4.4767735807E-01	4.4764598833E-01	4.4466665819E-01	4.4515294295E-01	4.4638767430E-01	4.4626673876E-01	4.4626673876E-01	4.4510663288E-01	1.1050963437E-01	1.0394844980E-01	1.5804606481E-01	1.6491102955E-01	1.5041063058E-01	4.4071274968E-01	4.4143657057E-01	4.3719189636E-01	4.3729280006E-01	4.3625757201E-01	3.9449942942E-01	4.3208279288E-01	4.2959012325E74	7.6233419460E-01	4.2357379860E-01	1.9226989793E61	4.2406003651E-01	4.0799771170E-01	4.2349942942E-01	4.0849942942E-01	3.3714251518E-01	
Caplet Vola Analytic Multi-Curve Fenton-Wilkinson	2.7003893549E-01	2.6414829139E-01	3.9584365458E-02	4.9355651492E-02	0.0000000000E00	2.7090511831E-02	5.1436855991E-02	8.2232907561E-02	8.2232907561E-02	4.9495949311E-02	4.3729598728E-01	4.3772338617E-01	4.3550717014E-01	4.3552115742E-01	4.3740569137E-01	4.3657814420E-01	4.3657814420E-01	4.3623436085E-01	1.2991669120E-01	1.0798265132E-01	1.3975896207E-01	1.4803088273E-01	1.3156991588E-01	4.3145029619E-01	4.3156046490E-01	4.2822736032E-01	4.2817490223E-01	4.2662254793E-01	3.7565871472E-01	4.2474013375E-01	4.2959012325E74	7.7124626743E-01	4.1178244950E-01	1.9226989793E61	4.1121521862E-01	4.0254561299E-01	4.1064728298E-01	4.0151162388E-01	3.1915869071E-01	
Caplet Vola Analytic Multi-Curve Ju	2.8018596295E-01	2.7429531885E-01	5.4259467331E-02	5.2990557245E-02	2.7090511831E-02	0.0000000000E00	5.3818882901E-02	6.3991152968E-02	6.3991152968E-02	5.8694927210E-02	4.4384570403E-01	4.4439939377E-01	4.4293311860E-01	4.4280020969E-01	4.4467722239E-01	4.4350744864E-01	4.4350744864E-01	4.4360467991E-01	1.3464502249E-01	1.1271098261E-01	1.2952864464E-01	1.3780056530E-01	1.0710875068E-01	4.3578320026E-01	4.3652975081E-01	4.3424522391E-01	4.3379261264E-01	4.3378984805E-01	3.4995689754E-01	4.3091794376E-01	4.2959012325E74	7.7243504899E-01	4.1803637544E-01	1.9226989793E61	4.1733314531E-01	4.1269264045E-01	4.1596553481E-01	4.1103339196E-01	2.9260286521E-01	
Caplet Vola Analytic Multi-Curve Ho	2.2663013087E-01	2.2073948677E-01	6.7471548715E-02	6.8839138874E-02	5.1436855991E-02	5.3818882901E-02	0.0000000000E00	3.2301597295E-02	3.2301597295E-02	5.1111169887E-02	3.9028987195E-01	3.9084356169E-01	3.8937728652E-01	3.8924437761E-01	3.9112139031E-01	3.8995161656E-01	3.8995161656E-01	3.9004884783E-01	1.3744788271E-01	1.1551384283E-01	8.9284599095E-02	9.7556519758E-02	8.1571491703E-02	3.8196431736E-01	3.8271086790E-01	3.8042634101E-01	3.7997372974E-01	3.7997096515E-01	3.2776060142E-01	3.7709906086E-01	4.2959012325E74	7.7287189853E-01	3.6448054335E-01	1.9226989793E61	3.6377731323E-01	3.5913680836E-01	3.6240970273E-01	3.5747755987E-01	2.7786143244E-01	
Caplet Vola Analytic Multi-Curve Drift-Freeze	2.2818517757E-01	2.2229453347E-01	9.9240828028E-02	1.0089482495E-01	8.2232907561E-02	6.3991152968E-02	3.2301597295E-02	0.0000000000E00	0.0000000000E00	8.0683842966E-02	3.9184491865E-01	3.9239860839E-01	3.9093233322E-01	3.9079942431E-01	3.9267643701E-01	3.9150666326E-01	3.9150666326E-01	3.9160389453E-01	1.3938043419E-01	1.1744639432E-01	6.5739200615E-02	7.4011121277E-02	5.7304082292E-02	3.7992156084E-01	3.8066811139E-01	3.7838358449E-01	3.7793097322E-01	3.7792820863E-01	2.9870654429E-01	3.7505630435E-01	4.2959012325E74	7.7279978759E-01	3.6603559006E-01	1.9226989793E61	3.6533235993E-01	3.6069185507E-01	3.6396474943E-01	3.5903260658E-01	2.5354442458E-01	
Caplet Vola Analytic Multi-Curve Integrated-Expectation	2.2818517757E-01	2.2229453347E-01	9.9240828028E-02	1.0089482495E-01	8.2232907561E-02	6.3991152968E-02	3.2301597295E-02	0.0000000000E00	0.0000000000E00	8.0683842966E-02	3.9184491865E-01	3.9239860839E-01	3.9093233322E-01	3.9079942431E-01	3.9267643701E-01	3.9150666326E-01	3.9150666326E-01	3.9160389453E-01	1.3938043419E-01	1.1744639432E-01	6.5739200615E-02	7.4011121277E-02	5.7304082292E-02	3.7992156084E-01	3.8066811139E-01	3.7838358449E-01	3.7793097322E-01	3.7792820863E-01	2.9870654429E-01	3.7505630435E-01	4.2959012325E74	7.7279978759E-01	3.6603559006E-01	1.9226989793E61	3.6533235993E-01	3.6069185507E-01	3.6396474943E-01	3.5903260658E-01	2.5354442458E-01	
Caplet Vola Monte-Carlo Multi-Curve	2.6524766918E-01	2.5928572599E-01	6.4725242312E-02	5.1148120271E-02	4.9495949311E-02	5.8694927210E-02	5.1111169887E-02	8.0683842966E-02	8.0683842966E-02	0.0000000000E00	4.3461149587E-01	4.3486907389E-01	4.3190259092E-01	4.3226614096E-01	4.3376399609E-01	4.3342903531E-01	4.3342903531E-01	4.3189904255E-01	1.3727166609E-01	1.1533762622E-01	1.1598167569E-01	1.2425359636E-01	1.0793613081E-01	4.2300927818E-01	4.2375582873E-01	4.2147130183E-01	4.2101869056E-01	4.2101592597E-01	3.5680271017E-01	4.1814402169E-01	4.2959012325E74	7.7201344687E-01	4.0999089236E-01	1.9226989793E61	4.0922180702E-01	3.9661644755E-01	4.0930271017E-01	3.9746994761E-01	3.0680271017E-01	
Caplet Value Analytic Single-Curve	3.1974406545E-01	3.3080937205E-01	4.4872036887E-01	4.4767735807E-01	4.3729598728E-01	4.4384570403E-01	3.9028987195E-01	3.9184491865E-01	3.9184491865E-01	4.3461149587E-01	0.0000000000E00	7.4610691004E-04	3.1072684871E-03	2.6200584704E-03	2.1656023363E-03	1.9420511480E-03	1.9420511480E-03	2.7728523505E-03	4.5623385819E-01	4.4582962169E-01	3.7986490234E-01	3.9287974572E-01	4.3515345749E-01	9.9400891975E-02	9.5701335897E-02	1.1973271269E-01	1.1692436402E-01	1.2528502923E-01	1.5283106207E-01	3.3748057416E-01	4.2959012325E74	9.9779834868E-01	2.7684570597E-02	1.9226989793E61	2.8636950239E-02	4.0273328950E-02	2.7880169216E-02	3.9393841720E-02	1.8783106207E-01	
Caplet Value Monte-Carlo Single-Curve	3.1979284355E-01	3.3085815014E-01	4.4913224527E-01	4.4764598833E-01	4.3772338617E-01	4.4439939377E-01	3.9084356169E-01	3.9239860839E-01	3.9239860839E-01	4.3486907389E-01	7.4610691004E-04	0.0000000000E00	3.3140654416E-03	2.8675029788E-03	2.3762854196E-03	2.1415541871E-03	2.1415541871E-03	2.9700313397E-03	4.5697996510E-01	4.4589920080E-01	3.7990695078E-01	3.9292179416E-01	4.3589956440E-01	9.9662005402E-02	9.5962449324E-02	1.1970134294E-01	1.1689299427E-01	1.2554614265E-01	1.5338475181E-01	3.3758970589E-01	4.2959012325E74	9.9780427871E-01	2.7726619040E-02	1.9226989793E61	2.8738324036E-02	4.0530906976E-02	2.8433858955E-02	3.9675168889E-02	1.8838475181E-01	
Caplet Value Analytic Multi-Curve Fenton-Wilkinson	3.1851219510E-01	3.2957750170E-01	4.4644245944E-01	4.4466665819E-01	4.3550717014E-01	4.4293311860E-01	3.8937728652E-01	3.9093233322E-01	3.9093233322E-01	4.3190259092E-01	3.1072684871E-03	3.3140654416E-03	0.0000000000E00	5.2134979388E-04	1.9088097199E-03	1.6000805715E-03	1.6000805715E-03	8.2606756532E-04	4.5474680113E-01	4.4378534993E-01	3.7880577652E-01	3.9182061990E-01	4.3366640042E-01	9.7174923712E-02	9.3475367633E-02	1.1672201281E-01	1.1391366414E-01	1.2305906096E-01	1.5191847665E-01	3.3544276933E-01	4.2959012325E74	9.9750021294E-01	2.6625444776E-02	1.9226989793E61	2.7429782366E-02	3.7564423998E-02	2.6967583789E-02	3.6377005712E-02	1.8691847665E-01	
Caplet Value Analytic Multi-Curve Ju	3.1856288383E-01	3.2962819042E-01	4.4661725404E-01	4.4515294295E-01	4.3552115742E-01	4.4280020969E-01	3.8924437761E-01	3.9079942431E-01	3.9079942431E-01	4.3226614096E-01	2.6200584704E-03	2.8675029788E-03	5.2134979388E-04	0.0000000000E00	1.9313989606E-03	1.1669063824E-03	1.1669063824E-03	8.0447021402E-04	4.5469264599E-01	4.4389531503E-01	3.7868250412E-01	3.9169734750E-01	4.3361224528E-01	9.7349718307E-02	9.3650162228E-02	1.1720829757E-01	1.1439994890E-01	1.2323385556E-01	1.5178556774E-01	3.3559315059E-01	4.2959012325E74	9.9750264355E-01	2.6502172375E-02	1.9226989793E61	2.7323911468E-02	3.7927974043E-02	2.6834674882E-02	3.6807665910E-02	1.8678556774E-01	
Caplet Value Analytic Multi-Curve Ho	3.1860932633E-01	3.2967463292E-01	4.4835126916E-01	4.4638767430E-01	4.3740569137E-01	4.4467722239E-01	3.9112139031E-01	3.9267643701E-01	3.9267643701E-01	4.3376399609E-01	2.1656023363E-03	2.3762854196E-03	1.9088097199E-03	1.9313989606E-03	0.0000000000E00	1.1697737553E-03	1.1697737553E-03	1.8649535397E-03	4.5661885674E-01	4.4569251944E-01	3.8058980739E-01	3.9360465077E-01	4.3553845603E-01	9.9083733432E-02	9.5384177353E-02	1.1844302892E-01	1.1563468025E-01	1.2496787068E-01	1.5366258044E-01	3.3575978345E-01	4.2959012325E74	9.9750378014E-01	2.8409475647E-02	1.9226989793E61	2.9249282466E-02	3.9425829176E-02	2.8711687579E-02	3.7892425628E-02	1.8866258044E-01	
Caplet Value Analytic Multi-Curve Drift-Freeze	3.1867027888E-01	3.2973558548E-01	4.4776259452E-01	4.4626673876E-01	4.3657814420E-01	4.4350744864E-01	3.8995161656E-01	3.9150666326E-01	3.9150666326E-01	4.3342903531E-01	1.9420511480E-03	2.1415541871E-03	1.6000805715E-03	1.1669063824E-03	1.1697737553E-03	0.0000000000E00	0.0000000000E00	1.5299927578E-03	4.5566862381E-01	4.4501502212E-01	3.7947069046E-01	3.9248553385E-01	4.3458822311E-01	9.8495058792E-02	9.4795502713E-02	1.1832209338E-01	1.1551374471E-01	1.2437919604E-01	1.5249280668E-01	3.3590054673E-01	4.2959012325E74	9.9754395986E-01	2.7290358724E-02	1.9226989793E61	2.8184952308E-02	3.9090868394E-02	2.7541913824E-02	3.7843024288E-02	1.8749280668E-01	
Caplet Value Analytic Multi-Curve Integrated-Expectation	3.1867027888E-01	3.2973558548E-01	4.4776259452E-01	4.4626673876E-01	4.3657814420E-01	4.4350744864E-01	3.8995161656E-01	3.9150666326E-01	3.9150666326E-01	4.3342903531E-01	1.9420511480E-03	2.1415541871E-03	1.6000805715E-03	1.1669063824E-03	1.1697737553E-03	0.0000000000E00	0.0000000000E00	1.5299927578E-03	4.5566862381E-01	4.4501502212E-01	3.7947069046E-01	3.9248553385E-01	4.3458822311E-01	9.8495058792E-02	9.4795502713E-02	1.1832209338E-01	1.1551374471E-01	1.2437919604E-01	1.5249280668E-01	3.3590054673E-01	4.2959012325E74	9.9754395986E-01	2.7290358724E-02	1.9226989793E61	2.8184952308E-02	3.9090868394E-02	2.7541913824E-02	3.7843024288E-02	1.8749280668E-01	
Caplet Value Monte-Carlo Multi-Curve	3.1861990400E-01	3.2968521060E-01	4.4715176585E-01	4.4510663288E-01	4.3623436085E-01	4.4360467991E-01	3.9004884783E-01	3.9160389453E-01	3.9160389453E-01	4.3189904255E-01	2.7728523505E-03	2.9700313397E-03	8.2606756532E-04	8.0447021402E-04	1.8649535397E-03	1.5299927578E-03	1.5299927578E-03	0.0000000000E00	4.5516758629E-01	4.4455794212E-01	3.7885045501E-01	3.9186529840E-01	4.3408718558E-01	9.7575476571E-02	9.3875920493E-02	1.1716198749E-01	1.1435363882E-01	1.2345961382E-01	1.5259003795E-01	3.3562511789E-01	4.2959012325E74	9.9754235698E-01	2.6670123274E-02	1.9226989793E61	2.7584118634E-02	3.7560875636E-02	2.7639145096E-02	3.7015265063E-02	1.8759003795E-01	
Swaption Vola Analytic Single-Curve	2.8887305926E-01	2.8291111607E-01	1.0008926693E-01	1.1050963437E-01	1.2991669120E-01	1.3464502249E-01	1.3744788271E-01	1.3938043419E-01	1.3938043419E-01	1.3727166609E-01	4.5623385819E-01	4.5697996510E-01	4.5474680113E-01	4.5469264599E-01	4.5661885674E-01	4.5566862381E-01	4.5566862381E-01	4.5516758629E-01	0.0000000000E00	3.2305802324E-02	9.6357513314E-02	1.0103232020E-01	8.8447843094E-02	4.4908544204E-01	4.4988764177E-01	4.4661913945E-01	4.4632114250E-01	4.4464131605E-01	3.9087096730E-01	4.4366655744E-01	4.2959012325E74	7.1489487239E-01	4.3103744764E-01	1.9226989793E61	4.2891690271E-01	4.2135669620E-01	4.2868772146E-01	4.2109533769E-01	3.7868081002E-01	
Swaption Vola Monte-Carlo Single-Curve	2.6132026427E-01	2.5469849298E-01	1.0138452376E-01	1.0394844980E-01	1.0798265132E-01	1.1271098261E-01	1.1551384283E-01	1.1744639432E-01	1.1744639432E-01	1.1533762622E-01	4.4582962169E-01	4.4589920080E-01	4.4378534993E-01	4.4389531503E-01	4.4569251944E-01	4.4501502212E-01	4.4501502212E-01	4.4455794212E-01	3.2305802324E-02	0.0000000000E00	9.1753108929E-02	9.6367471519E-02	6.6449235420E-02	4.4006179401E-01	4.4017196272E-01	4.3683885814E-01	4.3678640005E-01	4.3523404575E-01	3.6887235963E-01	4.3335163157E-01	4.2959012325E74	7.2124510774E-01	4.1912441389E-01	1.9226989793E61	4.1971361861E-01	4.0975679240E-01	4.1893364215E-01	4.0875710996E-01	3.5674677015E-01	
Swaption Vola Analytic Multi-Curve Drift-Freeze	2.1420974566E-01	2.0824780247E-01	1.5548213878E-01	1.5804606481E-01	1.3975896207E-01	1.2952864464E-01	8.9284599095E-02	6.5739200615E-02	6.5739200615E-02	1.1598167569E-01	3.7986490234E-01	3.7990695078E-01	3.7880577652E-01	3.7868250412E-01	3.8058980739E-01	3.7947069046E-01	3.7947069046E-01	3.7885045501E-01	9.6357513314E-02	9.1753108929E-02	0.0000000000E00	1.3014843381E-02	6.9553584364E-02	3.7197135466E-01	3.7271790520E-01	3.7043337831E-01	3.6998076704E-01	3.6997800245E-01	3.0257772309E-01	3.6710609816E-01	4.2959012325E74	7.4483618893E-01	3.5218033174E-01	1.9226989793E61	3.5174767762E-01	3.4557852402E-01	3.5206641562E-01	3.4643202409E-01	2.9257772309E-01	
Swaption Vola Analytic Multi-Curve Integrated-Expectation	2.2722458904E-01	2.2126264585E-01	1.6234710351E-01	1.6491102955E-01	1.4803088273E-01	1.3780056530E-01	9.7556519758E-02	7.4011121277E-02	7.4011121277E-02	1.2425359636E-01	3.9287974572E-01	3.9292179416E-01	3.9182061990E-01	3.9169734750E-01	3.9360465077E-01	3.9248553385E-01	3.9248553385E-01	3.9186529840E-01	1.0103232020E-01	9.6367471519E-02	1.3014843381E-02	0.0000000000E00	6.1872041171E-02	3.8498619804E-01	3.8573274859E-01	3.8344822169E-01	3.8299561042E-01	3.8299284583E-01	2.9983863232E-01	3.8012094154E-01	4.2959012325E74	7.4792189918E-01	3.6519517512E-01	1.9226989793E61	3.6476252100E-01	3.5859336740E-01	3.6508125900E-01	3.5944686747E-01	2.8983863232E-01	
Swaption Vola Monte-Carlo Multi-Curve	2.6255719196E-01	2.5634929663E-01	1.4784670454E-01	1.5041063058E-01	1.3156991588E-01	1.0710875068E-01	8.1571491703E-02	5.7304082292E-02	5.7304082292E-02	1.0793613081E-01	4.3515345749E-01	4.3589956440E-01	4.3366640042E-01	4.3361224528E-01	4.3553845603E-01	4.3458822311E-01	4.3458822311E-01	4.3408718558E-01	8.8447843094E-02	6.6449235420E-02	6.9553584364E-02	6.1872041171E-02	0.0000000000E00	4.2800504134E-01	4.2880724106E-01	4.2553873875E-01	4.2524074180E-01	4.2294954438E-01	3.0758615673E-01	4.2258615673E-01	4.2959012325E74	7.4862230625E-01	4.0995704693E-01	1.9226989793E61	4.0783650200E-01	4.0027629550E-01	4.0760732076E-01	3.9998391908E-01	2.9349156608E-01	
Swaption Value Analytic Single-Curve	3.0670384732E-01	3.1759284768E-01	4.4265561774E-01	4.4071274968E-01	4.3145029619E-01	4.3578320026E-01	3.8196431736E-01	3.7992156084E-01	3.7992156084E-01	4.2300927818E-01	9.9400891975E-02	9.9662005402E-02	9.7174923712E-02	9.7349718307E-02	9.9083733432E-02	9.8495058792E-02	9.8495058792E-02	9.7575476571E-02	4.4908544204E-01	4.4006179401E-01	3.7197135466E-01	3.8498619804E-01	4.2800504134E-01	0.0000000000E00	5.5540344399E-03	2.1845952117E-02	2.0370467363E-02	2.6120572165E-02	1.4486525650E-01	2.9224370464E-01	4.2959012325E74	9.9703113963E-01	7.3783201102E-02	1.9226989793E61	7.4269439014E-02	6.1625304832E-02	7.3708831918E-02	6.1867887131E-02	1.7486525650E-01	
Swaption Value Monte-Carlo Single-Curve	3.0713321572E-01	3.1805976148E-01	4.4276578645E-01	4.4143657057E-01	4.3156046490E-01	4.3652975081E-01	3.8271086790E-01	3.8066811139E-01	3.8066811139E-01	4.2375582873E-01	9.5701335897E-02	9.5962449324E-02	9.3475367633E-02	9.3650162228E-02	9.5384177353E-02	9.4795502713E-02	9.4795502713E-02	9.3875920493E-02	4.4988764177E-01	4.4017196272E-01	3.7271790520E-01	3.8573274859E-01	4.2880724106E-01	5.5540344399E-03	0.0000000000E00	2.7380112763E-02	2.5835693974E-02	3.0796113354E-02	1.4561180704E-01	2.9506209734E-01	4.2959012325E74	9.9705282052E-01	6.9799310915E-02	1.9226989793E61	7.0133183220E-02	5.7925748753E-02	6.9572576124E-02	5.8168331052E-02	1.7561180704E-01	
Swaption Value Analytic Multi-Curve Drift-Freeze	3.0259765725E-01	3.1332877253E-01	4.3943268188E-01	4.3719189636E-01	4.2822736032E-01	4.3424522391E-01	3.8042634101E-01	3.7838358449E-01	3.7838358449E-01	4.2147130183E-01	1.1973271269E-01	1.1970134294E-01	1.1672201281E-01	1.1720829757E-01	1.1844302892E-01	1.1832209338E-01	1.1832209338E-01	1.1716198749E-01	4.4661913945E-01	4.3683885814E-01	3.7043337831E-01	3.8344822169E-01	4.2553873875E-01	2.1845952117E-02	2.7380112763E-02	0.0000000000E00	3.1646889519E-03	1.1086883616E-02	1.4332728015E-01	2.7877854132E-01	4.2959012325E74	9.9595202237E-01	9.5629153219E-02	1.9226989793E61	9.6115391131E-02	8.0053066319E-02	9.5554784035E-02	8.0554784035E-02	1.7332728015E-01	
Swaption Value Analytic Multi-Curve Integrated-Expectation	3.0268805044E-01	3.1341916571E-01	4.3938022379E-01	4.3729280006E-01	4.2817490223E-01	4.3379261264E-01	3.7997372974E-01	3.7793097322E-01	3.7793097322E-01	4.2101869056E-01	1.1692436402E-01	1.1689299427E-01	1.1391366414E-01	1.1439994890E-01	1.1563468025E-01	1.1551374471E-01	1.1551374471E-01	1.1435363882E-01	4.4632114250E-01	4.3678640005E-01	3.6998076704E-01	3.8299561042E-01	4.2524074180E-01	2.0370467363E-02	2.5835693974E-02	3.1646889519E-03	0.0000000000E00	1.2806821770E-02	1.4287466887E-01	2.7917651007E-01	4.2959012325E74	9.9597690171E-01	9.2820804549E-02	1.9226989793E61	9.3307042462E-02	7.7244717650E-02	9.2746435366E-02	7.7746435366E-02	1.7287466887E-01	
Swaption Value Monte-Carlo Multi-Curve	3.0270427804E-01	3.1343539331E-01	4.3782786948E-01	4.3625757201E-01	4.2662254793E-01	4.3378984805E-01	3.7997096515E-01	3.7792820863E-01	3.7792820863E-01	4.2101592597E-01	1.2528502923E-01	1.2554614265E-01	1.2305906096E-01	1.2323385556E-01	1.2496787068E-01	1.2437919604E-01	1.2437919604E-01	1.2345961382E-01	4.4464131605E-01	4.3523404575E-01	3.6997800245E-01	3.8299284583E-01	4.2294954438E-01	2.6120572165E-02	3.0796113354E-02	1.1086883616E-02	1.2806821770E-02	0.0000000000E00	1.4287190428E-01	2.7854212395E-01	4.2959012325E74	9.9598254960E-01	9.9383004243E-02	1.9226989793E61	9.9333559002E-02	8.7509442082E-02	9.8752024381E-02	8.7752024381E-02	1.7287190428E-01	
Swaption Exercise Date	3.1089389132E-01	3.2195919791E-01	3.9512736725E-01	3.9449942942E-01	3.7565871472E-01	3.4995689754E-01	3.2776060142E-01	2.9870654429E-01	2.9870654429E-01	3.5680271017E-01	1.5283106207E-01	1.5338475181E-01	1.5191847665E-01	1.5178556774E-01	1.5366258044E-01	1.5249280668E-01	1.5249280668E-01	1.5259003795E-01	3.9087096730E-01	3.6887235963E-01	3.0257772309E-01	2.9983863232E-01	3.0758615673E-01	1.4486525650E-01	1.4561180704E-01	1.4332728015E-01	1.4287466887E-01	1.4287190428E-01	0.0000000000E00	3.3000000000E-01	4.2959012325E74	9.8800399202E-01	1.2702173348E-01	1.9226989793E61	1.2631850335E-01	1.2167799849E-01	1.2496031746E-01	1.2001875000E-01	6.5000000000E-02	
Swaption Number Of Periods	2.8502755691E-01	2.9554574853E-01	4.3594545530E-01	4.3208279288E-01	4.2474013375E-01	4.3091794376E-01	3.7709906086E-01	3.7505630435E-01	3.7505630435E-01	4.1814402169E-01	3.3748057416E-01	3.3758970589E-01	3.3544276933E-01	3.3559315059E-01	3.3575978345E-01	3.3590054673E-01	3.3590054673E-01	3.3562511789E-01	4.4366655744E-01	4.3335163157E-01	3.6710609816E-01	3.8012094154E-01	4.2258615673E-01	2.9224370464E-01	2.9506209734E-01	2.7877854132E-01	2.7917651007E-01	2.7854212395E-01	3.3000000000E-01	0.0000000000E00	4.2959012325E74	9.7800399202E-01	3.2271024540E-01	1.9226989793E61	3.2237501317E-01	3.0477919004E-01	3.2246250000E-01	3.0500000000E-01	2.9500000000E-01	
Numeraire Single-Curve	4.2959012325E74	4.2959012325E74	4.2959012325E74	4.2959012325E74	4.2959012325E74	4.2959012325E74	4.2959012325E74	4.2959012325E74	4.2959012325E74	4.2959012325E74	4.2959012325E74	4.2959012325E74	4.2959012325E74	4.2959012325E74	4.2959012325E74	4.2959012325E74	4.2959012325E74	4.2959012325E74	4.2959012325E74	4.2959012325E74	4.2959012325E74	4.2959012325E74	4.2959012325E74	4.2959012325E74	4.2959012325E74	4.2959012325E74	4.2959012325E74	4.2959012325E74	4.2959012325E74	4.2959012325E74	0.0000000000E00	4.2959012325E74	4.2959012325E74	4.2959012325E74	4.2959012325E74	4.2959012325E74	4.2959012325E74	4.2959012325E74	4.2959012325E74	
Discount Single-Curve	6.9556228128E-01	6.8513325677E-01	7.5531957834E-01	7.6233419460E-01	7.7124626743E-01	7.7243504899E-01	7.7287189853E-01	7.7279978759E-01	7.7279978759E-01	7.7201344687E-01	9.9779834868E-01	9.9780427871E-01	9.9750021294E-01	9.9750264355E-01	9.9750378014E-01	9.9754395986E-01	9.9754395986E-01	9.9754235698E-01	7.1489487239E-01	7.2124510774E-01	7.4483618893E-01	7.4792189918E-01	7.4862230625E-01	9.9703113963E-01	9.9705282052E-01	9.9595202237E-01	9.9597690171E-01	9.9598254960E-01	9.8800399202E-01	9.7800399202E-01	4.2959012325E74	0.0000000000E00	9.9197277623E-01	1.9226989793E61	9.9196502041E-01	9.8341816818E-01	9.9195867952E-01	9.8343367952E-01	9.9300399202E-01	
OIS Spot Rate Single-Curve	3.0899154678E-01	3.2003082405E-01	4.2373686471E-01	4.2357379860E-01	4.1178244950E-01	4.1803637544E-01	3.6448054335E-01	3.6603559006E-01	3.6603559006E-01	4.0999089236E-01	2.7684570597E-02	2.7726619040E-02	2.6625444776E-02	2.6502172375E-02	2.8409475647E-02	2.7290358724E-02	2.7290358724E-02	2.6670123274E-02	4.3103744764E-01	4.1912441389E-01	3.5218033174E-01	3.6519517512E-01	4.0995704693E-01	7.3783201102E-02	6.9799310915E-02	9.5629153219E-02	9.2820804549E-02	9.9383004243E-02	1.2702173348E-01	3.2271024540E-01	4.2959012325E74	9.9197277623E-01	0.0000000000E00	1.9226989793E61	2.2691728736E-03	1.9871794895E-02	2.3497261787E-03	1.9795682064E-02	1.6202173348E-01	
Numeraire Multi-Curve	1.9226989793E61	1.9226989793E61	1.9226989793E61	1.9226989793E61	1.9226989793E61	1.9226989793E61	1.9226989793E61	1.9226989793E61	1.9226989793E61	1.9226989793E61	1.9226989793E61	1.9226989793E61	1.9226989793E61	1.9226989793E61	1.9226989793E61	1.9226989793E61	1.9226989793E61	1.9226989793E61	1.9226989793E61	1.9226989793E61	1.9226989793E61	1.9226989793E61	1.9226989793E61	1.9226989793E61	1.9226989793E61	1.9226989793E61	1.9226989793E61	1.9226989793E61	1.9226989793E61	1.9226989793E61	4.2959012325E74	1.9226989793E61	1.9226989793E61	0.0000000000E00	1.9226989793E61	1.9226989793E61	1.9226989793E61	1.9226989793E61	1.9226989793E61	
OIS Spot Rate Multi-Curve	3.0893570981E-01	3.1996859022E-01	4.2321388107E-01	4.2406003651E-01	4.1121521862E-01	4.1733314531E-01	3.6377731323E-01	3.6533235993E-01	3.6533235993E-01	4.0922180702E-01	2.8636950239E-02	2.8738324036E-02	2.7429782366E-02	2.7323911468E-02	2.9249282466E-02	2.8184952308E-02	2.8184952308E-02	2.7584118634E-02	4.2891690271E-01	4.1971361861E-01	3.5174767762E-01	3.6476252100E-01	4.0783650200E-01	7.4269439014E-02	7.0133183220E-02	9.6115391131E-02	9.3307042462E-02	9.9333559002E-02	1.2631850335E-01	3.2237501317E-01	4.2959012325E74	9.9196502041E-01	2.2691728736E-03	1.9226989793E61	0.0000000000E00	1.9419039190E-02	1.3676104944E-03	1.9342926358E-02	1.6131850335E-01	
LIBOR Spot Rate Multi-Curve	2.9494287653E-01	3.0597575694E-01	4.1271405269E-01	4.0799771170E-01	4.0254561299E-01	4.1269264045E-01	3.5913680836E-01	3.6069185507E-01	3.6069185507E-01	3.9661644755E-01	4.0273328950E-02	4.0530906976E-02	3.7564423998E-02	3.7927974043E-02	3.9425829176E-02	3.9090868394E-02	3.9090868394E-02	3.7560875636E-02	4.2135669620E-01	4.0975679240E-01	3.4557852402E-01	3.5859336740E-01	4.0027629550E-01	6.1625304832E-02	5.7925748753E-02	8.0053066319E-02	7.7244717650E-02	8.7509442082E-02	1.2167799849E-01	3.0477919004E-01	4.2959012325E74	9.8341816818E-01	1.9871794895E-02	1.9226989793E61	1.9419039190E-02	0.0000000000E00	1.9481205424E-02	1.6978765887E-03	1.5667799849E-01	
OIS Forward Rate Multi-Curve	3.0895353202E-01	3.1998641243E-01	4.2283593140E-01	4.2349942942E-01	4.1064728298E-01	4.1596553481E-01	3.6240970273E-01	3.6396474943E-01	3.6396474943E-01	4.0930271017E-01	2.7880169216E-02	2.8433858955E-02	2.6967583789E-02	2.6834674882E-02	2.8711687579E-02	2.7541913824E-02	2.7541913824E-02	2.7639145096E-02	4.2868772146E-01	4.1893364215E-01	3.5206641562E-01	3.6508125900E-01	4.0760732076E-01	7.3708831918E-02	6.9572576124E-02	9.5554784035E-02	9.2746435366E-02	9.8752024381E-02	1.2496031746E-01	3.2246250000E-01	4.2959012325E74	9.9195867952E-01	2.3497261787E-03	1.9226989793E61	1.3676104944E-03	1.9481205424E-02	0.0000000000E00	1.9405092593E-02	1.5995089286E-01	
LIBOR Forward Rate Multi-Curve	2.9495353202E-01	3.0598641243E-01	4.1139896864E-01	4.0849942942E-01	4.0151162388E-01	4.1103339196E-01	3.5747755987E-01	3.5903260658E-01	3.5903260658E-01	3.9746994761E-01	3.9393841720E-02	3.9675168889E-02	3.6377005712E-02	3.6807665910E-02	3.7892425628E-02	3.7843024288E-02	3.7843024288E-02	3.7015265063E-02	4.2109533769E-01	4.0875710996E-01	3.4643202409E-01	3.5944686747E-01	3.9998391908E-01	6.1867887131E-02	5.8168331052E-02	8.0554784035E-02	7.7746435366E-02	8.7752024381E-02	1.2001875000E-01	3.0500000000E-01	4.2959012325E74	9.8343367952E-01	1.9795682064E-02	1.9226989793E61	1.9342926358E-02	1.6978765887E-03	1.9405092593E-02	0.0000000000E00	1.5501875000E-01	
Time	3.0186982720E-01	3.1279637296E-01	3.4512736725E-01	3.3714251518E-01	3.1915869071E-01	2.9260286521E-01	2.7786143244E-01	2.5354442458E-01	2.5354442458E-01	3.0680271017E-01	1.8783106207E-01	1.8838475181E-01	1.8691847665E-01	1.8678556774E-01	1.8866258044E-01	1.8749280668E-01	1.8749280668E-01	1.8759003795E-01	3.7868081002E-01	3.5674677015E-01	2.9257772309E-01	2.8983863232E-01	2.9349156608E-01	1.7486525650E-01	1.7561180704E-01	1.7332728015E-01	1.7287466887E-01	1.7287190428E-01	6.5000000000E-02	2.9500000000E-01	4.2959012325E74	9.9300399202E-01	1.6202173348E-01	1.9226989793E61	1.6131850335E-01	1.5667799849E-01	1.5995089286E-01	1.5501875000E-01	0.0000000000E00	
