	Target (OIS)	Target (LIBOR)	Caplet Vola Analytic Single-Curve	Caplet Vola Monte-Carlo Single-Curve	Caplet Vola Analytic Multi-Curve Fenton-Wilkinson	Caplet Vola Analytic Multi-Curve Ju	Caplet Vola Analytic Multi-Curve Ho	Caplet Vola Analytic Multi-Curve Drift-Freeze	Caplet Vola Analytic Multi-Curve Integrated-Expectation	Caplet Vola Monte-Carlo Multi-Curve	Caplet Value Analytic Single-Curve	Caplet Value Monte-Carlo Single-Curve	Caplet Value Analytic Multi-Curve Fenton-Wilkinson	Caplet Value Analytic Multi-Curve Ju	Caplet Value Analytic Multi-Curve Ho	Caplet Value Analytic Multi-Curve Drift-Freeze	Caplet Value Analytic Multi-Curve Integrated-Expectation	Caplet Value Monte-Carlo Multi-Curve	Swaption Vola Analytic Single-Curve	Swaption Vola Monte-Carlo Single-Curve	Swaption Vola Analytic Multi-Curve Drift-Freeze	Swaption Vola Analytic Multi-Curve Integrated-Expectation	Swaption Vola Monte-Carlo Multi-Curve	Swaption Value Analytic Single-Curve	Swaption Value Monte-Carlo Single-Curve	Swaption Value Analytic Multi-Curve Drift-Freeze	Swaption Value Analytic Multi-Curve Integrated-Expectation	Swaption Value Monte-Carlo Multi-Curve	Swaption Exercise Date	Swaption Number Of Periods	Numeraire Single-Curve	Discount Single-Curve	OIS Spot Rate Single-Curve	Numeraire Multi-Curve	OIS Spot Rate Multi-Curve	LIBOR Spot Rate Multi-Curve	OIS Forward Rate Multi-Curve	LIBOR Forward Rate Multi-Curve	Time
Target (OIS)	0.0000000000E00	5.5326532986E-02	3.0623338685E-01	3.2592922033E-01	3.3678543481E-01	3.5290757792E-01	3.7091657378E-01	4.0538233458E-01	4.0538233458E-01	3.6636798073E-01	9.3893805463E-01	9.3894796033E-01	9.3850004741E-01	9.3854393007E-01	9.3865909717E-01	9.3871689764E-01	9.3871689764E-01	9.3857229223E-01	7.6939083930E-01	7.7210418171E-01	7.7465021653E-01	7.7737132550E-01	7.7626375039E-01	9.2403555376E-01	9.2430009561E-01	9.2319636930E-01	9.2339959235E-01	9.2329684043E-01	9.3055106076E-01	8.7404628749E-01	5.6953476326E37	1.6295623314E-01	9.3234397170E-01	1.3100117838E35	9.3235758650E-01	9.2925172394E-01	9.3233198483E-01	9.2925786341E-01	9.1779483522E-01	
Target (LIBOR)	5.5326532986E-02	0.0000000000E00	3.5819061694E-01	3.7852017842E-01	3.9194983688E-01	4.0807197999E-01	4.2624310676E-01	4.6054673666E-01	4.6054673666E-01	4.1895893882E-01	9.9426458762E-01	9.9427449331E-01	9.9382658040E-01	9.9387046306E-01	9.9398563016E-01	9.9404343063E-01	9.9404343063E-01	9.9389882522E-01	8.2285071548E-01	8.2556405789E-01	8.2811009271E-01	8.3083120168E-01	8.2972362657E-01	9.7936208675E-01	9.7962662860E-01	9.7852290228E-01	9.7872612533E-01	9.7862337341E-01	9.8587759374E-01	9.2663724558E-01	5.6953476326E37	1.2937182714E-01	9.8767050468E-01	1.3100117838E35	9.8768411949E-01	9.8457825693E-01	9.8765851781E-01	9.8458439640E-01	9.7295923729E-01	
Caplet Vola Analytic Single-Curve	3.0623338685E-01	3.5819061694E-01	0.0000000000E00	2.0329561476E-02	6.0667845618E-02	7.6789988725E-02	9.3854429408E-02	1.2926474539E-01	1.2926474539E-01	7.6104596441E-02	6.6055019607E-01	6.6055422805E-01	6.6013588955E-01	6.6017490043E-01	6.6024421739E-01	6.6030312839E-01	6.6030312839E-01	6.6017216811E-01	4.6590605706E-01	4.6861939947E-01	4.7116543428E-01	4.7388654326E-01	4.7277896814E-01	6.4724476370E-01	6.4742103407E-01	6.4639066052E-01	6.4650423496E-01	6.4641038832E-01	6.5167724602E-01	5.9404806481E-01	5.6953476326E37	4.1092739018E-01	6.5537063654E-01	1.3100117838E35	6.5536733842E-01	6.5219662025E-01	6.5536990795E-01	6.5223942601E-01	6.4252058171E-01	
Caplet Vola Monte-Carlo Single-Curve	3.2592922033E-01	3.7852017842E-01	2.0329561476E-02	0.0000000000E00	5.8121259322E-02	7.4243402430E-02	9.1307843112E-02	1.2671815909E-01	1.2671815909E-01	7.5916049565E-02	6.6229495318E-01	6.6229045660E-01	6.6180099608E-01	6.6184940297E-01	6.6190369531E-01	6.6191939467E-01	6.6191939467E-01	6.6185599054E-01	4.5516665481E-01	4.5817475260E-01	4.6276394564E-01	4.6566048898E-01	4.6450055020E-01	6.5238224820E-01	6.5243602636E-01	6.5148626267E-01	6.5151657242E-01	6.5136934521E-01	6.5287801936E-01	5.9419479721E-01	5.6953476326E37	4.1609129999E-01	6.5911958524E-01	1.3100117838E35	6.5913178113E-01	6.5555559641E-01	6.5913301033E-01	6.5556393312E-01	6.4787801936E-01	
Caplet Vola Analytic Multi-Curve Fenton-Wilkinson	3.3678543481E-01	3.9194983688E-01	6.0667845618E-02	5.8121259322E-02	0.0000000000E00	2.9150189655E-02	4.8108530710E-02	7.0970713904E-02	7.0970713904E-02	3.7055408324E-02	6.1948134622E-01	6.1947684965E-01	6.1898738912E-01	6.1903579602E-01	6.1909008835E-01	6.1910578771E-01	6.1910578771E-01	6.1904238359E-01	4.3854666047E-01	4.4126000289E-01	4.4380603770E-01	4.4652714668E-01	4.4541957156E-01	6.0956864124E-01	6.0962241940E-01	6.0867265571E-01	6.0870296547E-01	6.0855573825E-01	6.1006441240E-01	5.8314111610E-01	5.6953476326E37	4.2229288439E-01	6.1630597828E-01	1.3100117838E35	6.1631817417E-01	6.1274198945E-01	6.1631940337E-01	6.1275032616E-01	6.0506441240E-01	
Caplet Vola Analytic Multi-Curve Ju	3.5290757792E-01	4.0807197999E-01	7.6789988725E-02	7.4243402430E-02	2.9150189655E-02	0.0000000000E00	3.5809011288E-02	5.4273167851E-02	5.4273167851E-02	3.7747232549E-02	5.9167845862E-01	5.9169542178E-01	5.9124000906E-01	5.9128002822E-01	5.9145627722E-01	5.9148739840E-01	5.9148739840E-01	5.9131360762E-01	4.3643953464E-01	4.3915287705E-01	4.4169891186E-01	4.4442002084E-01	4.4331244572E-01	5.8736074033E-01	5.8735460970E-01	5.8673692479E-01	5.8674494477E-01	5.8668839653E-01	5.8380069094E-01	5.6817773604E-01	5.6953476326E37	4.1999519164E-01	5.8715578863E-01	1.3100117838E35	5.8716798451E-01	5.8359179980E-01	5.8716921371E-01	5.8360013651E-01	5.8317773604E-01	
Caplet Vola Analytic Multi-Curve Ho	3.7091657378E-01	4.2624310676E-01	9.3854429408E-02	9.1307843112E-02	4.8108530710E-02	3.5809011288E-02	0.0000000000E00	3.5410315982E-02	3.5410315982E-02	1.8191136338E-02	5.7570808274E-01	5.7570804775E-01	5.7544841855E-01	5.7545840350E-01	5.7546995326E-01	5.7546346828E-01	5.7546346828E-01	5.7545804762E-01	4.0119311206E-01	4.0390645447E-01	4.0645248929E-01	4.0917359826E-01	4.0806602315E-01	5.7503982213E-01	5.7503369150E-01	5.7441600659E-01	5.7442402657E-01	5.7436747833E-01	5.6585681784E-01	5.5585681784E-01	5.6953476326E37	4.4966519786E-01	5.7412374018E-01	1.3100117838E35	5.7412195166E-01	5.7099983988E-01	5.7412365195E-01	5.7101313506E-01	5.7085681784E-01	
Caplet Vola Analytic Multi-Curve Drift-Freeze	4.0538233458E-01	4.6054673666E-01	1.2926474539E-01	1.2671815909E-01	7.0970713904E-02	5.4273167851E-02	3.5410315982E-02	0.0000000000E00	0.0000000000E00	5.3601452319E-02	5.8044527297E-01	5.8044523798E-01	5.8018560878E-01	5.8019559373E-01	5.8020714348E-01	5.8020065851E-01	5.8020065851E-01	5.8019523785E-01	3.8960048440E-01	3.9231382681E-01	3.9485986163E-01	3.9758097060E-01	3.9647339549E-01	5.7977701236E-01	5.7977088173E-01	5.7915319682E-01	5.7916121680E-01	5.7910466856E-01	5.7059400807E-01	5.6059400807E-01	5.6953476326E37	4.6308173790E-01	5.7886093040E-01	1.3100117838E35	5.7885914188E-01	5.7573703010E-01	5.7886084218E-01	5.7575032528E-01	5.7559400807E-01	
Caplet Vola Analytic Multi-Curve Integrated-Expectation	4.0538233458E-01	4.6054673666E-01	1.2926474539E-01	1.2671815909E-01	7.0970713904E-02	5.4273167851E-02	3.5410315982E-02	0.0000000000E00	0.0000000000E00	5.3601452319E-02	5.8044527297E-01	5.8044523798E-01	5.8018560878E-01	5.8019559373E-01	5.8020714348E-01	5.8020065851E-01	5.8020065851E-01	5.8019523785E-01	3.8960048440E-01	3.9231382681E-01	3.9485986163E-01	3.9758097060E-01	3.9647339549E-01	5.7977701236E-01	5.7977088173E-01	5.7915319682E-01	5.7916121680E-01	5.7910466856E-01	5.7059400807E-01	5.6059400807E-01	5.6953476326E37	4.6308173790E-01	5.7886093040E-01	1.3100117838E35	5.7885914188E-01	5.7573703010E-01	5.7886084218E-01	5.7575032528E-01	5.7559400807E-01	
Caplet Vola Monte-Carlo Multi-Curve	3.6636798073E-01	4.1895893882E-01	7.6104596441E-02	7.5916049565E-02	3.7055408324E-02	3.7747232549E-02	1.8191136338E-02	5.3601452319E-02	5.3601452319E-02	0.0000000000E00	5.8856203629E-01	5.8856200131E-01	5.8830237210E-01	5.8831235705E-01	5.8832390681E-01	5.8831742183E-01	5.8831742183E-01	5.8831200117E-01	4.0798344458E-01	4.1069678699E-01	4.1324282181E-01	4.1596393078E-01	4.1485635567E-01	5.8789377569E-01	5.8788764506E-01	5.8726996015E-01	5.8727798013E-01	5.8722143189E-01	5.7871077139E-01	5.6871077139E-01	5.6953476326E37	4.4861100087E-01	5.8697769373E-01	1.3100117838E35	5.8697590521E-01	5.8385379343E-01	5.8697760550E-01	5.8386708861E-01	5.8371077139E-01	
Caplet Value Analytic Single-Curve	9.3893805463E-01	9.9426458762E-01	6.6055019607E-01	6.6229495318E-01	6.1948134622E-01	5.9167845862E-01	5.7570808274E-01	5.8044527297E-01	5.8044527297E-01	5.8856203629E-01	0.0000000000E00	1.6480090644E-04	4.9395709870E-04	4.7327790506E-04	3.9125787217E-04	3.7555850674E-04	3.7555850674E-04	4.3896263516E-04	6.6392660568E-01	6.6909919735E-01	5.6323236289E-01	5.6001286947E-01	5.8274476593E-01	4.6849652916E-02	4.4489791698E-02	4.7195073737E-02	4.0408386681E-02	4.4276220614E-02	1.5549453701E-01	3.3630856912E-01	5.6953476326E37	9.9935151328E-01	2.4870608571E-02	1.3100117838E35	2.4361758284E-02	2.5386673591E-02	2.4882607046E-02	2.5905782135E-02	1.9049453701E-01	
Caplet Value Monte-Carlo Single-Curve	9.3894796033E-01	9.9427449331E-01	6.6055422805E-01	6.6229045660E-01	6.1947684965E-01	5.9169542178E-01	5.7570804775E-01	5.8044523798E-01	5.8044523798E-01	5.8856200131E-01	1.6480090644E-04	0.0000000000E00	6.0130437375E-04	6.0255892784E-04	3.9510609468E-04	3.7106193160E-04	3.7106193160E-04	4.3446606003E-04	6.6392657069E-01	6.6909916237E-01	5.6323232791E-01	5.6001283449E-01	5.8274473094E-01	4.6890590083E-02	4.4530728865E-02	4.7236010904E-02	4.0449323848E-02	4.4317157781E-02	1.5559178715E-01	3.3641148180E-01	5.6953476326E37	9.9935147829E-01	2.4900429137E-02	1.3100117838E35	2.4398227841E-02	2.5462948369E-02	2.4919076602E-02	2.5982056913E-02	1.9059178715E-01	
Caplet Value Analytic Multi-Curve Fenton-Wilkinson	9.3850004741E-01	9.9382658040E-01	6.6013588955E-01	6.6180099608E-01	6.1898738912E-01	5.9124000906E-01	5.7544841855E-01	5.8018560878E-01	5.8018560878E-01	5.8830237210E-01	4.9395709870E-04	6.0130437375E-04	0.0000000000E00	4.8406893380E-05	6.4786912733E-04	3.2006002841E-04	3.2006002841E-04	3.2309853889E-04	6.6366694149E-01	6.6883953316E-01	5.6297269870E-01	5.5975320529E-01	5.8248510174E-01	4.6723563574E-02	4.4363702355E-02	4.7068984395E-02	4.0282297339E-02	4.4150131271E-02	1.5542114356E-01	3.3582696483E-01	5.6953476326E37	9.9909184909E-01	2.4786097113E-02	1.3100117838E35	2.4271966068E-02	2.5230983620E-02	2.4769809112E-02	2.5750092164E-02	1.9042114356E-01	
Caplet Value Analytic Multi-Curve Ju	9.3854393007E-01	9.9387046306E-01	6.6017490043E-01	6.6184940297E-01	6.1903579602E-01	5.9128002822E-01	5.7545840350E-01	5.8019559373E-01	5.8019559373E-01	5.8831235705E-01	4.7327790506E-04	6.0255892784E-04	4.8406893380E-05	0.0000000000E00	6.7474578413E-04	3.2593297647E-04	3.2593297647E-04	3.4440662266E-04	6.6367692644E-01	6.6884951811E-01	5.6298268365E-01	5.5976319024E-01	5.8249508669E-01	4.6715482466E-02	4.4355621248E-02	4.7060903287E-02	4.0274216231E-02	4.4142050164E-02	1.5541714456E-01	3.3584037562E-01	5.6953476326E37	9.9910183404E-01	2.4782554453E-02	1.3100117838E35	2.4268423408E-02	2.5220748532E-02	2.4766266452E-02	2.5739857076E-02	1.9041714456E-01	
Caplet Value Analytic Multi-Curve Ho	9.3865909717E-01	9.9398563016E-01	6.6024421739E-01	6.6190369531E-01	6.1909008835E-01	5.9145627722E-01	5.7546995326E-01	5.8020714348E-01	5.8020714348E-01	5.8832390681E-01	3.9125787217E-04	3.9510609468E-04	6.4786912733E-04	6.7474578413E-04	0.0000000000E00	4.2836256699E-04	4.2836256699E-04	4.0472894840E-04	6.6368847620E-01	6.6886106787E-01	5.6299423341E-01	5.5977473999E-01	5.8250663645E-01	4.7171862835E-02	4.4812001616E-02	4.7517283655E-02	4.0730596599E-02	4.4598430532E-02	1.5574295454E-01	3.3624217340E-01	5.6953476326E37	9.9911338379E-01	2.5231269739E-02	1.3100117838E35	2.4729367532E-02	2.5750442463E-02	2.5250216293E-02	2.6269551007E-02	1.9074295454E-01	
Caplet Value Analytic Multi-Curve Drift-Freeze	9.3871689764E-01	9.9404343063E-01	6.6030312839E-01	6.6191939467E-01	6.1910578771E-01	5.9148739840E-01	5.7546346828E-01	5.8020065851E-01	5.8020065851E-01	5.8831742183E-01	3.7555850674E-04	3.7106193160E-04	3.2006002841E-04	3.2593297647E-04	4.2836256699E-04	0.0000000000E00	0.0000000000E00	1.8755673482E-04	6.6368199122E-01	6.6885458289E-01	5.6298774843E-01	5.5976825501E-01	5.8250015147E-01	4.6816755571E-02	4.4456894352E-02	4.7162176391E-02	4.0375489335E-02	4.4243323268E-02	1.5547571414E-01	3.3614313288E-01	5.6953476326E37	9.9910689882E-01	2.4849055977E-02	1.3100117838E35	2.4334924932E-02	2.5345770365E-02	2.4852475884E-02	2.5864878909E-02	1.9047571414E-01	
Caplet Value Analytic Multi-Curve Integrated-Expectation	9.3871689764E-01	9.9404343063E-01	6.6030312839E-01	6.6191939467E-01	6.1910578771E-01	5.9148739840E-01	5.7546346828E-01	5.8020065851E-01	5.8020065851E-01	5.8831742183E-01	3.7555850674E-04	3.7106193160E-04	3.2006002841E-04	3.2593297647E-04	4.2836256699E-04	0.0000000000E00	0.0000000000E00	1.8755673482E-04	6.6368199122E-01	6.6885458289E-01	5.6298774843E-01	5.5976825501E-01	5.8250015147E-01	4.6816755571E-02	4.4456894352E-02	4.7162176391E-02	4.0375489335E-02	4.4243323268E-02	1.5547571414E-01	3.3614313288E-01	5.6953476326E37	9.9910689882E-01	2.4849055977E-02	1.3100117838E35	2.4334924932E-02	2.5345770365E-02	2.4852475884E-02	2.5864878909E-02	1.9047571414E-01	
Caplet Value Monte-Carlo Multi-Curve	9.3857229223E-01	9.9389882522E-01	6.6017216811E-01	6.6185599054E-01	6.1904238359E-01	5.9131360762E-01	5.7545804762E-01	5.8019523785E-01	5.8019523785E-01	5.8831200117E-01	4.3896263516E-04	4.3446606003E-04	3.2309853889E-04	3.4440662266E-04	4.0472894840E-04	1.8755673482E-04	1.8755673482E-04	0.0000000000E00	6.6367657056E-01	6.6884916223E-01	5.6298232777E-01	5.5976283436E-01	5.8249473081E-01	4.6888762850E-02	4.4528901631E-02	4.7234183670E-02	4.0447496614E-02	4.4315330547E-02	1.5550842508E-01	3.3602326094E-01	5.6953476326E37	9.9910147816E-01	2.5034462168E-02	1.3100117838E35	2.4520331123E-02	2.5533185754E-02	2.5040032619E-02	2.6052294298E-02	1.9050842508E-01	
Swaption Vola Analytic Single-Curve	7.6939083930E-01	8.2285071548E-01	4.6590605706E-01	4.5516665481E-01	4.3854666047E-01	4.3643953464E-01	4.0119311206E-01	3.8960048440E-01	3.8960048440E-01	4.0798344458E-01	6.6392660568E-01	6.6392657069E-01	6.6366694149E-01	6.6367692644E-01	6.6368847620E-01	6.6368199122E-01	6.6368199122E-01	6.6367657056E-01	0.0000000000E00	2.2661398635E-02	1.1514853544E-01	1.1508834316E-01	9.8250652406E-02	6.6325834508E-01	6.6325221445E-01	6.6263452954E-01	6.6264254952E-01	6.6258600128E-01	6.5407534078E-01	6.4407534078E-01	5.6953476326E37	8.3111903196E-01	6.6234226312E-01	1.3100117838E35	6.6234047460E-01	6.5921836282E-01	6.6234217489E-01	6.5923165800E-01	6.5907534078E-01	
Swaption Vola Monte-Carlo Single-Curve	7.7210418171E-01	8.2556405789E-01	4.6861939947E-01	4.5817475260E-01	4.4126000289E-01	4.3915287705E-01	4.0390645447E-01	3.9231382681E-01	3.9231382681E-01	4.1069678699E-01	6.6909919735E-01	6.6909916237E-01	6.6883953316E-01	6.6884951811E-01	6.6886106787E-01	6.6885458289E-01	6.6885458289E-01	6.6884916223E-01	2.2661398635E-02	0.0000000000E00	1.1660963929E-01	1.1654944701E-01	9.9711756258E-02	6.6843093675E-01	6.6842480612E-01	6.6780712121E-01	6.6781514119E-01	6.6775859295E-01	6.5924793245E-01	6.4924793245E-01	5.6953476326E37	8.3383237437E-01	6.6751485479E-01	1.3100117838E35	6.6751306627E-01	6.6439095449E-01	6.6751476656E-01	6.6440424967E-01	6.6424793245E-01	
Swaption Vola Analytic Multi-Curve Drift-Freeze	7.7465021653E-01	8.2811009271E-01	4.7116543428E-01	4.6276394564E-01	4.4380603770E-01	4.4169891186E-01	4.0645248929E-01	3.9485986163E-01	3.9485986163E-01	4.1324282181E-01	5.6323236289E-01	5.6323232791E-01	5.6297269870E-01	5.6298268365E-01	5.6299423341E-01	5.6298774843E-01	5.6298774843E-01	5.6298232777E-01	1.1514853544E-01	1.1660963929E-01	0.0000000000E00	2.3942275474E-02	2.1479624149E-02	5.6256410229E-01	5.6255797166E-01	5.6194028675E-01	5.6194830673E-01	5.6189175849E-01	5.5338109799E-01	5.4338109799E-01	5.6953476326E37	8.3637840918E-01	5.6164802033E-01	1.3100117838E35	5.6164623181E-01	5.5852412003E-01	5.6164793210E-01	5.5853741521E-01	5.5838109799E-01	
Swaption Vola Analytic Multi-Curve Integrated-Expectation	7.7737132550E-01	8.3083120168E-01	4.7388654326E-01	4.6566048898E-01	4.4652714668E-01	4.4442002084E-01	4.0917359826E-01	3.9758097060E-01	3.9758097060E-01	4.1596393078E-01	5.6001286947E-01	5.6001283449E-01	5.5975320529E-01	5.5976319024E-01	5.5977473999E-01	5.5976825501E-01	5.5976825501E-01	5.5976283436E-01	1.1508834316E-01	1.1654944701E-01	2.3942275474E-02	0.0000000000E00	2.2731896455E-02	5.5934460887E-01	5.5933847824E-01	5.5872079333E-01	5.5872881331E-01	5.5867226507E-01	5.5016160458E-01	5.4016160458E-01	5.6953476326E37	8.3909951816E-01	5.5842852691E-01	1.3100117838E35	5.5842673839E-01	5.5530462661E-01	5.5842843868E-01	5.5531792179E-01	5.5516160458E-01	
Swaption Vola Monte-Carlo Multi-Curve	7.7626375039E-01	8.2972362657E-01	4.7277896814E-01	4.6450055020E-01	4.4541957156E-01	4.4331244572E-01	4.0806602315E-01	3.9647339549E-01	3.9647339549E-01	4.1485635567E-01	5.8274476593E-01	5.8274473094E-01	5.8248510174E-01	5.8249508669E-01	5.8250663645E-01	5.8250015147E-01	5.8250015147E-01	5.8249473081E-01	9.8250652406E-02	9.9711756258E-02	2.1479624149E-02	2.2731896455E-02	0.0000000000E00	5.8207650532E-01	5.8207037470E-01	5.8145268979E-01	5.8146070977E-01	5.8140416152E-01	5.7289350103E-01	5.6289350103E-01	5.6953476326E37	8.3799194304E-01	5.8116042337E-01	1.3100117838E35	5.8115863485E-01	5.7803652307E-01	5.8116033514E-01	5.7804981825E-01	5.7789350103E-01	
Swaption Value Analytic Single-Curve	9.2403555376E-01	9.7936208675E-01	6.4724476370E-01	6.5238224820E-01	6.0956864124E-01	5.8736074033E-01	5.7503982213E-01	5.7977701236E-01	5.7977701236E-01	5.8789377569E-01	4.6849652916E-02	4.6890590083E-02	4.6723563574E-02	4.6715482466E-02	4.7171862835E-02	4.6816755571E-02	4.6816755571E-02	4.6888762850E-02	6.6325834508E-01	6.6843093675E-01	5.6256410229E-01	5.5934460887E-01	5.8207650532E-01	0.0000000000E00	2.9264329915E-03	9.0644440699E-04	6.4412662353E-03	2.5734323024E-03	1.4968093254E-01	3.2204378302E-01	5.6953476326E37	9.9868325267E-01	2.2996664222E-02	1.3100117838E35	2.3112637101E-02	2.2170465444E-02	2.2957204410E-02	2.1977758729E-02	1.7968093254E-01	
Swaption Value Monte-Carlo Single-Curve	9.2430009561E-01	9.7962662860E-01	6.4742103407E-01	6.5243602636E-01	6.0962241940E-01	5.8735460970E-01	5.7503369150E-01	5.7977088173E-01	5.7977088173E-01	5.8788764506E-01	4.4489791698E-02	4.4530728865E-02	4.4363702355E-02	4.4355621248E-02	4.4812001616E-02	4.4456894352E-02	4.4456894352E-02	4.4528901631E-02	6.6325221445E-01	6.6842480612E-01	5.6255797166E-01	5.5933847824E-01	5.8207037470E-01	2.9264329915E-03	0.0000000000E00	3.4991482104E-03	4.0814050167E-03	1.2072461057E-03	1.4993154244E-01	3.2239267351E-01	5.6953476326E37	9.9867712204E-01	2.0636803003E-02	1.3100117838E35	2.0752775882E-02	1.9810604225E-02	2.0597343191E-02	2.0250047873E-02	1.7993154244E-01	
Swaption Value Analytic Multi-Curve Drift-Freeze	9.2319636930E-01	9.7852290228E-01	6.4639066052E-01	6.5148626267E-01	6.0867265571E-01	5.8673692479E-01	5.7441600659E-01	5.7915319682E-01	5.7915319682E-01	5.8726996015E-01	4.7195073737E-02	4.7236010904E-02	4.7068984395E-02	4.7060903287E-02	4.7517283655E-02	4.7162176391E-02	4.7162176391E-02	4.7234183670E-02	6.6263452954E-01	6.6780712121E-01	5.6194028675E-01	5.5872079333E-01	5.8145268979E-01	9.0644440699E-04	3.4991482104E-03	0.0000000000E00	6.7866870560E-03	2.9188531232E-03	1.4965964621E-01	3.2117227542E-01	5.6953476326E37	9.9805943713E-01	2.3342085043E-02	1.3100117838E35	2.3458057922E-02	2.2515886264E-02	2.3302625231E-02	2.2323179550E-02	1.7965964621E-01	
Swaption Value Analytic Multi-Curve Integrated-Expectation	9.2339959235E-01	9.7872612533E-01	6.4650423496E-01	6.5151657242E-01	6.0870296547E-01	5.8674494477E-01	5.7442402657E-01	5.7916121680E-01	5.7916121680E-01	5.8727798013E-01	4.0408386681E-02	4.0449323848E-02	4.0282297339E-02	4.0274216231E-02	4.0730596599E-02	4.0375489335E-02	4.0375489335E-02	4.0447496614E-02	6.6264254952E-01	6.6781514119E-01	5.6194830673E-01	5.5872881331E-01	5.8146070977E-01	6.4412662353E-03	4.0814050167E-03	6.7866870560E-03	0.0000000000E00	3.8678339328E-03	1.4968226051E-01	3.2155357294E-01	5.6953476326E37	9.9806745711E-01	1.8813740021E-02	1.3100117838E35	1.8311837815E-02	1.9180114027E-02	1.8832686576E-02	1.9686474885E-02	1.7968226051E-01	
Swaption Value Monte-Carlo Multi-Curve	9.2329684043E-01	9.7862337341E-01	6.4641038832E-01	6.5136934521E-01	6.0855573825E-01	5.8668839653E-01	5.7436747833E-01	5.7910466856E-01	5.7910466856E-01	5.8722143189E-01	4.4276220614E-02	4.4317157781E-02	4.4150131271E-02	4.4142050164E-02	4.4598430532E-02	4.4243323268E-02	4.4243323268E-02	4.4315330547E-02	6.6258600128E-01	6.6775859295E-01	5.6189175849E-01	5.5867226507E-01	5.8140416152E-01	2.5734323024E-03	1.2072461057E-03	2.9188531232E-03	3.8678339328E-03	0.0000000000E00	1.4990092026E-01	3.2139836895E-01	5.6953476326E37	9.9801090887E-01	2.0423231919E-02	1.3100117838E35	2.0539204799E-02	1.9597033141E-02	2.0383772107E-02	2.0045063480E-02	1.7990092026E-01	
Swaption Exercise Date	9.3055106076E-01	9.8587759374E-01	6.5167724602E-01	6.5287801936E-01	6.1006441240E-01	5.8380069094E-01	5.6585681784E-01	5.7059400807E-01	5.7059400807E-01	5.7871077139E-01	1.5549453701E-01	1.5559178715E-01	1.5542114356E-01	1.5541714456E-01	1.5574295454E-01	1.5547571414E-01	1.5547571414E-01	1.5550842508E-01	6.5407534078E-01	6.5924793245E-01	5.5338109799E-01	5.5016160458E-01	5.7289350103E-01	1.4968093254E-01	1.4993154244E-01	1.4965964621E-01	1.4968226051E-01	1.4990092026E-01	0.0000000000E00	3.3000000000E-01	5.6953476326E37	9.8950024838E-01	1.3326909798E-01	1.3100117838E35	1.3313253814E-01	1.3247881866E-01	1.3294661912E-01	1.3229003377E-01	6.5000000000E-02	
Swaption Number Of Periods	8.7404628749E-01	9.2663724558E-01	5.9404806481E-01	5.9419479721E-01	5.8314111610E-01	5.6817773604E-01	5.5585681784E-01	5.6059400807E-01	5.6059400807E-01	5.6871077139E-01	3.3630856912E-01	3.3641148180E-01	3.3582696483E-01	3.3584037562E-01	3.3624217340E-01	3.3614313288E-01	3.3614313288E-01	3.3602326094E-01	6.4407534078E-01	6.4924793245E-01	5.4338109799E-01	5.4016160458E-01	5.6289350103E-01	3.2204378302E-01	3.2239267351E-01	3.2117227542E-01	3.2155357294E-01	3.2139836895E-01	3.3000000000E-01	0.0000000000E00	5.6953476326E37	9.7950024838E-01	3.2418646706E-01	1.3100117838E35	3.2416912538E-01	3.2128822102E-01	3.2399748882E-01	3.2116214923E-01	2.9500000000E-01	
Numeraire Single-Curve	5.6953476326E37	5.6953476326E37	5.6953476326E37	5.6953476326E37	5.6953476326E37	5.6953476326E37	5.6953476326E37	5.6953476326E37	5.6953476326E37	5.6953476326E37	5.6953476326E37	5.6953476326E37	5.6953476326E37	5.6953476326E37	5.6953476326E37	5.6953476326E37	5.6953476326E37	5.6953476326E37	5.6953476326E37	5.6953476326E37	5.6953476326E37	5.6953476326E37	5.6953476326E37	5.6953476326E37	5.6953476326E37	5.6953476326E37	5.6953476326E37	5.6953476326E37	5.6953476326E37	5.6953476326E37	0.0000000000E00	5.6953476326E37	5.6953476326E37	5.6822475148E37	5.6953476326E37	5.6953476326E37	5.6953476326E37	5.6953476326E37	5.6953476326E37	
Discount Single-Curve	1.6295623314E-01	1.2937182714E-01	4.1092739018E-01	4.1609129999E-01	4.2229288439E-01	4.1999519164E-01	4.4966519786E-01	4.6308173790E-01	4.6308173790E-01	4.4861100087E-01	9.9935151328E-01	9.9935147829E-01	9.9909184909E-01	9.9910183404E-01	9.9911338379E-01	9.9910689882E-01	9.9910689882E-01	9.9910147816E-01	8.3111903196E-01	8.3383237437E-01	8.3637840918E-01	8.3909951816E-01	8.3799194304E-01	9.9868325267E-01	9.9867712204E-01	9.9805943713E-01	9.9806745711E-01	9.9801090887E-01	9.8950024838E-01	9.7950024838E-01	5.6953476326E37	0.0000000000E00	9.9776717071E-01	1.3100117838E35	9.9776538219E-01	9.9464327041E-01	9.9776708249E-01	9.9465656559E-01	9.9450024838E-01	
OIS Spot Rate Single-Curve	9.3234397170E-01	9.8767050468E-01	6.5537063654E-01	6.5911958524E-01	6.1630597828E-01	5.8715578863E-01	5.7412374018E-01	5.7886093040E-01	5.7886093040E-01	5.8697769373E-01	2.4870608571E-02	2.4900429137E-02	2.4786097113E-02	2.4782554453E-02	2.5231269739E-02	2.4849055977E-02	2.4849055977E-02	2.5034462168E-02	6.6234226312E-01	6.6751485479E-01	5.6164802033E-01	5.5842852691E-01	5.8116042337E-01	2.2996664222E-02	2.0636803003E-02	2.3342085043E-02	1.8813740021E-02	2.0423231919E-02	1.3326909798E-01	3.2418646706E-01	5.6953476326E37	9.9776717071E-01	0.0000000000E00	1.3100117838E35	6.0386453581E-04	3.5639888311E-03	3.9776074801E-04	3.5556521219E-03	1.6826909798E-01	
Numeraire Multi-Curve	1.3100117838E35	1.3100117838E35	1.3100117838E35	1.3100117838E35	1.3100117838E35	1.3100117838E35	1.3100117838E35	1.3100117838E35	1.3100117838E35	1.3100117838E35	1.3100117838E35	1.3100117838E35	1.3100117838E35	1.3100117838E35	1.3100117838E35	1.3100117838E35	1.3100117838E35	1.3100117838E35	1.3100117838E35	1.3100117838E35	1.3100117838E35	1.3100117838E35	1.3100117838E35	1.3100117838E35	1.3100117838E35	1.3100117838E35	1.3100117838E35	1.3100117838E35	1.3100117838E35	1.3100117838E35	5.6822475148E37	1.3100117838E35	1.3100117838E35	0.0000000000E00	1.3100117838E35	1.3100117838E35	1.3100117838E35	1.3100117838E35	1.3100117838E35	
OIS Spot Rate Multi-Curve	9.3235758650E-01	9.8768411949E-01	6.5536733842E-01	6.5913178113E-01	6.1631817417E-01	5.8716798451E-01	5.7412195166E-01	5.7885914188E-01	5.7885914188E-01	5.8697590521E-01	2.4361758284E-02	2.4398227841E-02	2.4271966068E-02	2.4268423408E-02	2.4729367532E-02	2.4334924932E-02	2.4334924932E-02	2.4520331123E-02	6.6234047460E-01	6.6751306627E-01	5.6164623181E-01	5.5842673839E-01	5.8115863485E-01	2.3112637101E-02	2.0752775882E-02	2.3458057922E-02	1.8311837815E-02	2.0539204799E-02	1.3313253814E-01	3.2416912538E-01	5.6953476326E37	9.9776538219E-01	6.0386453581E-04	1.3100117838E35	0.0000000000E00	3.5761847144E-03	5.3748728453E-04	3.5678480052E-03	1.6813253814E-01	
LIBOR Spot Rate Multi-Curve	9.2925172394E-01	9.8457825693E-01	6.5219662025E-01	6.5555559641E-01	6.1274198945E-01	5.8359179980E-01	5.7099983988E-01	5.7573703010E-01	5.7573703010E-01	5.8385379343E-01	2.5386673591E-02	2.5462948369E-02	2.5230983620E-02	2.5220748532E-02	2.5750442463E-02	2.5345770365E-02	2.5345770365E-02	2.5533185754E-02	6.5921836282E-01	6.6439095449E-01	5.5852412003E-01	5.5530462661E-01	5.7803652307E-01	2.2170465444E-02	1.9810604225E-02	2.2515886264E-02	1.9180114027E-02	1.9597033141E-02	1.3247881866E-01	3.2128822102E-01	5.6953476326E37	9.9464327041E-01	3.5639888311E-03	1.3100117838E35	3.5761847144E-03	0.0000000000E00	3.5774139168E-03	5.1910854414E-04	1.6747881866E-01	
OIS Forward Rate Multi-Curve	9.3233198483E-01	9.8765851781E-01	6.5536990795E-01	6.5913301033E-01	6.1631940337E-01	5.8716921371E-01	5.7412365195E-01	5.7886084218E-01	5.7886084218E-01	5.8697760550E-01	2.4882607046E-02	2.4919076602E-02	2.4769809112E-02	2.4766266452E-02	2.5250216293E-02	2.4852475884E-02	2.4852475884E-02	2.5040032619E-02	6.6234217489E-01	6.6751476656E-01	5.6164793210E-01	5.5842843868E-01	5.8116033514E-01	2.2957204410E-02	2.0597343191E-02	2.3302625231E-02	1.8832686576E-02	2.0383772107E-02	1.3294661912E-01	3.2399748882E-01	5.6953476326E37	9.9776708249E-01	3.9776074801E-04	1.3100117838E35	5.3748728453E-04	3.5774139168E-03	0.0000000000E00	3.5690772076E-03	1.6794661912E-01	
LIBOR Forward Rate Multi-Curve	9.2925786341E-01	9.8458439640E-01	6.5223942601E-01	6.5556393312E-01	6.1275032616E-01	5.8360013651E-01	5.7101313506E-01	5.7575032528E-01	5.7575032528E-01	5.8386708861E-01	2.5905782135E-02	2.5982056913E-02	2.5750092164E-02	2.5739857076E-02	2.6269551007E-02	2.5864878909E-02	2.5864878909E-02	2.6052294298E-02	6.5923165800E-01	6.6440424967E-01	5.5853741521E-01	5.5531792179E-01	5.7804981825E-01	2.1977758729E-02	2.0250047873E-02	2.2323179550E-02	1.9686474885E-02	2.0045063480E-02	1.3229003377E-01	3.2116214923E-01	5.6953476326E37	9.9465656559E-01	3.5556521219E-03	1.3100117838E35	3.5678480052E-03	5.1910854414E-04	3.5690772076E-03	0.0000000000E00	1.6729003377E-01	
Time	9.1779483522E-01	9.7295923729E-01	6.4252058171E-01	6.4787801936E-01	6.0506441240E-01	5.8317773604E-01	5.7085681784E-01	5.7559400807E-01	5.7559400807E-01	5.8371077139E-01	1.9049453701E-01	1.9059178715E-01	1.9042114356E-01	1.9041714456E-01	1.9074295454E-01	1.9047571414E-01	1.9047571414E-01	1.9050842508E-01	6.5907534078E-01	6.6424793245E-01	5.5838109799E-01	5.5516160458E-01	5.7789350103E-01	1.7968093254E-01	1.7993154244E-01	1.7965964621E-01	1.7968226051E-01	1.7990092026E-01	6.5000000000E-02	2.9500000000E-01	5.6953476326E37	9.9450024838E-01	1.6826909798E-01	1.3100117838E35	1.6813253814E-01	1.6747881866E-01	1.6794661912E-01	1.6729003377E-01	0.0000000000E00	
