	Target (OIS)	Target (LIBOR)	Caplet Vola Analytic Single-Curve	Caplet Vola Monte-Carlo Single-Curve	Caplet Vola Analytic Multi-Curve Fenton-Wilkinson	Caplet Vola Analytic Multi-Curve Ju	Caplet Vola Analytic Multi-Curve Ho	Caplet Vola Analytic Multi-Curve Drift-Freeze	Caplet Vola Analytic Multi-Curve Integrated-Expectation	Caplet Vola Monte-Carlo Multi-Curve	Caplet Value Analytic Single-Curve	Caplet Value Monte-Carlo Single-Curve	Caplet Value Analytic Multi-Curve Fenton-Wilkinson	Caplet Value Analytic Multi-Curve Ju	Caplet Value Analytic Multi-Curve Ho	Caplet Value Analytic Multi-Curve Drift-Freeze	Caplet Value Analytic Multi-Curve Integrated-Expectation	Caplet Value Monte-Carlo Multi-Curve	Swaption Vola Analytic Single-Curve	Swaption Vola Monte-Carlo Single-Curve	Swaption Vola Analytic Multi-Curve Drift-Freeze	Swaption Vola Analytic Multi-Curve Integrated-Expectation	Swaption Vola Monte-Carlo Multi-Curve	Swaption Value Analytic Single-Curve	Swaption Value Monte-Carlo Single-Curve	Swaption Value Analytic Multi-Curve Drift-Freeze	Swaption Value Analytic Multi-Curve Integrated-Expectation	Swaption Value Monte-Carlo Multi-Curve	Swaption Exercise Date	Swaption Number Of Periods	Numeraire Single-Curve	Discount Single-Curve	OIS Spot Rate Single-Curve	Numeraire Multi-Curve	OIS Spot Rate Multi-Curve	LIBOR Spot Rate Multi-Curve	OIS Forward Rate Multi-Curve	LIBOR Forward Rate Multi-Curve	Time
Target (OIS)	0.0000000000E00	2.6101160960E-02	1.7377938274E-01	2.0561225910E-01	1.9011057694E-01	1.9148119060E-01	2.0037125437E-01	1.9404974505E-01	1.9404394621E-01	1.9371100670E-01	4.9170808576E-01	4.9236720586E-01	4.9153693277E-01	4.9154429636E-01	4.9213355240E-01	4.9160671145E-01	4.9160632417E-01	4.9174553510E-01	1.4860380794E-01	1.7814997078E-01	1.7322053506E-01	1.7329839729E-01	1.7636069209E-01	4.5629249016E-01	4.6270841024E-01	4.5556257398E-01	4.5566180478E-01	4.5720322155E-01	4.4646496522E-01	3.6960670619E-01	4.7739530752E17	3.6136751638E-01	4.7666142421E-01	3.4302754037E34	4.7553706008E-01	4.7360909057E-01	4.7504871584E-01	4.7310081517E-01	4.1646752606E-01	
Target (LIBOR)	2.6101160960E-02	0.0000000000E00	1.9077073104E-01	2.2742724785E-01	2.0778315587E-01	2.0915890260E-01	2.1987751532E-01	2.1232197174E-01	2.1231256478E-01	2.1275952730E-01	5.1780872953E-01	5.1846796834E-01	5.1763756890E-01	5.1764493050E-01	5.1823433864E-01	5.1770735861E-01	5.1770697122E-01	5.1784623296E-01	1.6776411191E-01	2.0236121438E-01	1.9368044162E-01	1.9378451142E-01	1.9842993824E-01	4.8232674054E-01	4.8876873924E-01	4.8159531421E-01	4.8169565906E-01	4.8324415329E-01	4.7236885188E-01	3.9505024844E-01	4.7739530752E17	3.3571113090E-01	5.0275489340E-01	3.4302754037E34	5.0162971649E-01	4.9970253720E-01	5.0114073728E-01	4.9919357391E-01	4.4216097139E-01	
Caplet Vola Analytic Single-Curve	1.7377938274E-01	1.9077073104E-01	0.0000000000E00	7.7395896554E-02	1.9354244514E-02	2.0644261669E-02	3.9145235852E-02	2.5952781149E-02	2.5926778664E-02	5.9461566647E-02	4.0897439972E-01	4.0972088753E-01	4.0880806089E-01	4.0881261075E-01	4.0953512435E-01	4.0888327936E-01	4.0888282277E-01	4.0907694753E-01	4.9305353736E-02	1.0534963515E-01	4.8448648959E-02	4.9361091692E-02	6.3861187279E-02	3.6920651385E-01	3.7700105065E-01	3.6847827812E-01	3.6861779143E-01	3.7056309216E-01	3.4869575374E-01	2.9887304410E-01	4.7739530752E17	4.6803271547E-01	3.9182106393E-01	3.4302754037E34	3.9060634130E-01	3.8901727979E-01	3.8995741309E-01	3.8832786675E-01	3.1110151195E-01	
Caplet Vola Monte-Carlo Single-Curve	2.0561225910E-01	2.2742724785E-01	7.7395896554E-02	0.0000000000E00	6.9041449871E-02	6.8555100296E-02	5.2564840186E-02	6.2778779684E-02	6.2813417866E-02	7.0019249591E-02	3.4387103881E-01	3.4456168878E-01	3.4370861275E-01	3.4371233117E-01	3.4442839800E-01	3.4378081013E-01	3.4378036653E-01	3.4396616173E-01	7.6859300452E-02	6.7071761199E-02	5.3075613618E-02	5.3570700510E-02	4.8732162429E-02	3.0512972899E-01	3.1257969071E-01	3.0442988319E-01	3.0456725242E-01	3.0649418310E-01	2.8321503511E-01	2.4029954571E-01	4.7739530752E17	5.2756255082E-01	3.2685478588E-01	3.4302754037E34	3.2578157259E-01	3.2419822982E-01	3.2516022599E-01	3.2353639438E-01	2.4658384432E-01	
Caplet Vola Analytic Multi-Curve Fenton-Wilkinson	1.9011057694E-01	2.0778315587E-01	1.9354244514E-02	6.9041449871E-02	0.0000000000E00	1.7382773679E-03	2.3682149133E-02	8.2575882461E-03	8.2182960454E-03	5.5189755602E-02	3.9670157227E-01	3.9745269916E-01	3.9653677826E-01	3.9654099573E-01	3.9727232143E-01	3.9661203016E-01	3.9661156926E-01	3.9681058348E-01	5.9496247588E-02	1.0480724908E-01	4.9510865279E-02	5.0404160181E-02	6.2610026382E-02	3.5683539879E-01	3.6471343153E-01	3.5611394538E-01	3.5625645616E-01	3.5822457261E-01	3.3534835621E-01	2.8992812081E-01	4.7739530752E17	4.8498127815E-01	3.7946477833E-01	3.4302754037E34	3.7824830517E-01	3.7670328055E-01	3.7758629111E-01	3.7599886317E-01	2.9733287697E-01	
Caplet Vola Analytic Multi-Curve Ju	1.9148119060E-01	2.0915890260E-01	2.0644261669E-02	6.8555100296E-02	1.7382773679E-03	0.0000000000E00	2.3094503326E-02	7.4172945752E-03	7.3756012510E-03	5.5416993459E-02	3.9615198629E-01	3.9690286935E-01	3.9598743311E-01	3.9599158704E-01	3.9672379404E-01	3.9606262103E-01	3.9606215989E-01	3.9626189645E-01	6.0231153946E-02	1.0503015891E-01	4.9741968071E-02	5.0641929357E-02	6.2964641543E-02	3.5627834251E-01	3.6416269038E-01	3.5555779962E-01	3.5570076560E-01	3.5767352251E-01	3.3466469361E-01	2.8965983316E-01	4.7739530752E17	4.8608349647E-01	3.7890937592E-01	3.4302754037E34	3.7769536212E-01	3.7615511418E-01	3.7703124876E-01	3.7544834253E-01	2.9660284190E-01	
Caplet Vola Analytic Multi-Curve Ho	2.0037125437E-01	2.1987751532E-01	3.9145235852E-02	5.2564840186E-02	2.3682149133E-02	2.3094503326E-02	0.0000000000E00	1.6052476961E-02	1.6091605009E-02	5.0617787865E-02	3.7344928131E-01	3.7419971421E-01	3.7328528959E-01	3.7328944451E-01	3.7402065765E-01	3.7336021111E-01	3.7335975178E-01	3.7355657094E-01	6.5320236087E-02	9.1458869276E-02	4.5034060985E-02	4.5820094260E-02	5.2070940129E-02	3.3366854516E-01	3.4151250291E-01	3.3295128252E-01	3.3309268230E-01	3.3506019478E-01	3.1198916172E-01	2.6839501591E-01	4.7739530752E17	5.0593169280E-01	3.5620657604E-01	3.4302754037E34	3.5498566230E-01	3.5344893346E-01	3.5432946315E-01	3.5275050543E-01	2.7397893667E-01	
Caplet Vola Analytic Multi-Curve Drift-Freeze	1.9404974505E-01	2.1232197174E-01	2.5952781149E-02	6.2778779684E-02	8.2575882461E-03	7.4172945752E-03	1.6052476961E-02	0.0000000000E00	4.3142797743E-05	5.2560547065E-02	3.8920818959E-01	3.8995791140E-01	3.8904406945E-01	3.8904817821E-01	3.8977988115E-01	3.8911899763E-01	3.8911853777E-01	3.8931691160E-01	6.0577355354E-02	1.0015347342E-01	4.6798608270E-02	4.7699122164E-02	5.8929854460E-02	3.4939569961E-01	3.5726041065E-01	3.4867717561E-01	3.4881978251E-01	3.5079276937E-01	3.2764530037E-01	2.8334053398E-01	4.7739530752E17	4.9214087131E-01	3.7197171756E-01	3.4302754037E34	3.7075687859E-01	3.6921890193E-01	3.7009637735E-01	3.6851587748E-01	2.8960278380E-01	
Caplet Vola Analytic Multi-Curve Integrated-Expectation	1.9404394621E-01	2.1231256478E-01	2.5926778664E-02	6.2813417866E-02	8.2182960454E-03	7.3756012510E-03	1.6091605009E-02	4.3142797743E-05	0.0000000000E00	5.2577962374E-02	3.8924730750E-01	3.8999703969E-01	3.8908318591E-01	3.8908729467E-01	3.8981900772E-01	3.8915811573E-01	3.8915765586E-01	3.8935604293E-01	6.0582073536E-02	1.0018777196E-01	4.6820847822E-02	4.7721330201E-02	5.8958620368E-02	3.4943433052E-01	3.5729924253E-01	3.4871579853E-01	3.4885841058E-01	3.5083142028E-01	3.2768408363E-01	2.8337800572E-01	4.7739530752E17	4.9211164187E-01	3.7201073575E-01	3.4302754037E34	3.7079590452E-01	3.6925794980E-01	3.7013536763E-01	3.6855488724E-01	2.8964109526E-01	
Caplet Vola Monte-Carlo Multi-Curve	1.9371100670E-01	2.1275952730E-01	5.9461566647E-02	7.0019249591E-02	5.5189755602E-02	5.5416993459E-02	5.0617787865E-02	5.2560547065E-02	5.2577962374E-02	0.0000000000E00	3.8142727183E-01	3.8215617473E-01	3.8126583442E-01	3.8127041781E-01	3.8197783992E-01	3.8133842681E-01	3.8133798811E-01	3.8145520530E-01	7.2271907068E-02	9.4406224754E-02	5.9985477049E-02	6.0604669036E-02	6.8918450638E-02	3.4207849299E-01	3.4967667455E-01	3.4136668559E-01	3.4151052524E-01	3.4343864551E-01	3.2154921308E-01	2.7461140631E-01	4.7739530752E17	4.9858475432E-01	3.6442839594E-01	3.4302754037E34	3.6303433495E-01	3.6147532144E-01	3.6263857765E-01	3.6104247693E-01	2.8429938714E-01	
Caplet Value Analytic Single-Curve	4.9170808576E-01	5.1780872953E-01	4.0897439972E-01	3.4387103881E-01	3.9670157227E-01	3.9615198629E-01	3.7344928131E-01	3.8920818959E-01	3.8924730750E-01	3.8142727183E-01	0.0000000000E00	8.8976095822E-04	1.8327978334E-04	1.7487726955E-04	6.4635295366E-04	1.0500721779E-04	1.0539184908E-04	6.0720416572E-04	4.0234975052E-01	3.3535502955E-01	3.7754159013E-01	3.7724782667E-01	3.5960147770E-01	4.8314592922E-02	3.8624915684E-02	4.9103091910E-02	4.8835369650E-02	4.6479203072E-02	7.2536910063E-02	1.5704695453E-01	4.7739530752E17	8.4954199743E-01	1.7525358746E-02	3.4302754037E34	1.8817006297E-02	2.0217749215E-02	1.9445744666E-02	2.0880558176E-02	1.0963887884E-01	
Caplet Value Monte-Carlo Single-Curve	4.9236720586E-01	5.1846796834E-01	4.0972088753E-01	3.4456168878E-01	3.9745269916E-01	3.9690286935E-01	3.7419971421E-01	3.8995791140E-01	3.8999703969E-01	3.8215617473E-01	8.8976095822E-04	0.0000000000E00	1.0456675475E-03	1.0390559229E-03	5.5259140459E-04	9.6702773749E-04	9.6748988252E-04	9.3632541562E-04	4.0306606412E-01	3.3603852451E-01	3.7826393738E-01	3.7797011635E-01	3.6032374254E-01	4.9003962506E-02	3.9299727829E-02	4.9793910561E-02	4.9527544142E-02	4.7173234524E-02	7.3151115528E-02	1.5763493764E-01	4.7739530752E17	8.5022711292E-01	1.8281415579E-02	3.4302754037E34	1.9595131791E-02	2.0994125612E-02	2.0232126755E-02	2.1665123889E-02	1.1032615350E-01	
Caplet Value Analytic Multi-Curve Fenton-Wilkinson	4.9153693277E-01	5.1763756890E-01	4.0880806089E-01	3.4370861275E-01	3.9653677826E-01	3.9598743311E-01	3.7328528959E-01	3.8904406945E-01	3.8908318591E-01	3.8126583442E-01	1.8327978334E-04	1.0456675475E-03	0.0000000000E00	1.6509373096E-05	7.8422586041E-04	8.6129680803E-05	8.5628881423E-05	6.6380568659E-04	4.0218329237E-01	3.3518997984E-01	3.7737652771E-01	3.7708274885E-01	3.5943387269E-01	4.8172715888E-02	3.8482860151E-02	4.8960590180E-02	4.8692526536E-02	4.6335110633E-02	7.2424339585E-02	1.5689828119E-01	4.7739530752E17	8.4937037642E-01	1.7367363425E-02	3.4302754037E34	1.8658577282E-02	2.0053801792E-02	1.9286321172E-02	2.0715852432E-02	1.0950888919E-01	
Caplet Value Analytic Multi-Curve Ju	4.9154429636E-01	5.1764493050E-01	4.0881261075E-01	3.4371233117E-01	3.9654099573E-01	3.9599158704E-01	3.7328944451E-01	3.8904817821E-01	3.8908729467E-01	3.8127041781E-01	1.7487726955E-04	1.0390559229E-03	1.6509373096E-05	0.0000000000E00	7.8351677577E-04	7.9604372359E-05	7.9084383482E-05	6.6520992119E-04	4.0218804148E-01	3.3519510240E-01	3.7738095783E-01	3.7708719754E-01	3.5943894221E-01	4.8176072074E-02	3.8486520203E-02	4.8964020233E-02	4.8695994207E-02	4.6338961149E-02	7.2422430552E-02	1.5690537485E-01	4.7739530752E17	8.4937703239E-01	1.7370735513E-02	3.4302754037E34	1.8662604095E-02	2.0058586425E-02	1.9290014902E-02	2.0720266159E-02	1.0950852009E-01	
Caplet Value Analytic Multi-Curve Ho	4.9213355240E-01	5.1823433864E-01	4.0953512435E-01	3.4442839800E-01	3.9727232143E-01	3.9672379404E-01	3.7402065765E-01	3.8977988115E-01	3.8981900772E-01	3.8197783992E-01	6.4635295366E-04	5.5259140459E-04	7.8422586041E-04	7.8351677577E-04	0.0000000000E00	7.1021651101E-04	7.1070717443E-04	7.1140262339E-04	4.0287992359E-01	3.3585183817E-01	3.7808457799E-01	3.7779033244E-01	3.6013550988E-01	4.8828548579E-02	3.9126516397E-02	4.9616577722E-02	4.9349149491E-02	4.6988245336E-02	7.3143754323E-02	1.5741080404E-01	4.7739530752E17	8.5000290246E-01	1.8130829950E-02	3.4302754037E34	1.9412846201E-02	2.0797531262E-02	2.0050356296E-02	2.1470067075E-02	1.1026395357E-01	
Caplet Value Analytic Multi-Curve Drift-Freeze	4.9160671145E-01	5.1770735861E-01	4.0888327936E-01	3.4378081013E-01	3.9661203016E-01	3.9606262103E-01	3.7336021111E-01	3.8911899763E-01	3.8915811573E-01	3.8133842681E-01	1.0500721779E-04	9.6702773749E-04	8.6129680803E-05	7.9604372359E-05	7.1021651101E-04	0.0000000000E00	5.2397680575E-07	6.2453504216E-04	4.0225579693E-01	3.3525943687E-01	3.7744927243E-01	3.7715548637E-01	3.5950761617E-01	4.8241293488E-02	3.8550411862E-02	4.9029373025E-02	4.8761450004E-02	4.6404564797E-02	7.2481303768E-02	1.5696116686E-01	4.7739530752E17	8.4944191421E-01	1.7443675596E-02	3.4302754037E34	1.8735163198E-02	2.0131240750E-02	1.9363779592E-02	2.0794127213E-02	1.0957387648E-01	
Caplet Value Analytic Multi-Curve Integrated-Expectation	4.9160632417E-01	5.1770697122E-01	4.0888282277E-01	3.4378036653E-01	3.9661156926E-01	3.9606215989E-01	3.7335975178E-01	3.8911853777E-01	3.8915765586E-01	3.8133798811E-01	1.0539184908E-04	9.6748988252E-04	8.5628881423E-05	7.9084383482E-05	7.1070717443E-04	5.2397680575E-07	0.0000000000E00	6.2479495315E-04	4.0225536238E-01	3.3525902841E-01	3.7744883273E-01	3.7715504692E-01	3.5950717653E-01	4.8240865635E-02	3.8549995456E-02	4.9028944565E-02	4.8761020994E-02	4.6404136210E-02	7.2480902126E-02	1.5696082361E-01	4.7739530752E17	8.4944150680E-01	1.7443196582E-02	3.4302754037E34	1.8734688440E-02	2.0130769052E-02	1.9363295394E-02	2.0793645898E-02	1.0957343607E-01	
Caplet Value Monte-Carlo Multi-Curve	4.9174553510E-01	5.1784623296E-01	4.0907694753E-01	3.4396616173E-01	3.9681058348E-01	3.9626189645E-01	3.7355657094E-01	3.8931691160E-01	3.8935604293E-01	3.8145520530E-01	6.0720416572E-04	9.3632541562E-04	6.6380568659E-04	6.6520992119E-04	7.1140262339E-04	6.2453504216E-04	6.2479495315E-04	0.0000000000E00	4.0243441012E-01	3.3541452490E-01	3.7763246561E-01	3.7733862573E-01	3.5969443706E-01	4.8410904210E-02	3.8704417460E-02	4.9199094389E-02	4.8931824353E-02	4.6573424679E-02	7.2699806397E-02	1.5706282703E-01	4.7739530752E17	8.4959624070E-01	1.7661948434E-02	3.4302754037E34	1.8908561813E-02	2.0301317875E-02	1.9593719392E-02	2.1017802247E-02	1.0978912607E-01	
Swaption Vola Analytic Single-Curve	1.4860380794E-01	1.6776411191E-01	4.9305353736E-02	7.6859300452E-02	5.9496247588E-02	6.0231153946E-02	6.5320236087E-02	6.0577355354E-02	6.0582073536E-02	7.2271907068E-02	4.0234975052E-01	4.0306606412E-01	4.0218329237E-01	4.0218804148E-01	4.0287992359E-01	4.0225579693E-01	4.0225536238E-01	4.0243441012E-01	0.0000000000E00	7.6088292398E-02	2.9774621034E-02	2.9824552891E-02	4.8852487119E-02	3.6489399562E-01	3.7203554989E-01	3.6418240070E-01	3.6429513375E-01	3.6611484113E-01	3.4430807580E-01	2.9423052062E-01	4.7739530752E17	4.6194312840E-01	3.8567879590E-01	3.4302754037E34	3.8450601219E-01	3.8282200276E-01	3.8390060082E-01	3.8218097964E-01	3.0895654678E-01	
Swaption Vola Monte-Carlo Single-Curve	1.7814997078E-01	2.0236121438E-01	1.0534963515E-01	6.7071761199E-02	1.0480724908E-01	1.0503015891E-01	9.1458869276E-02	1.0015347342E-01	1.0018777196E-01	9.4406224754E-02	3.3535502955E-01	3.3603852451E-01	3.3518997984E-01	3.3519510240E-01	3.3585183817E-01	3.3525943687E-01	3.3525902841E-01	3.3541452490E-01	7.6088292398E-02	0.0000000000E00	6.2781517775E-02	6.2473591940E-02	5.1083952397E-02	2.9935053461E-01	3.0592031492E-01	2.9865670806E-01	2.9875654710E-01	3.0045442707E-01	2.8075779926E-01	2.2965231864E-01	4.7739530752E17	5.2085565195E-01	3.1924188828E-01	3.4302754037E34	3.1809769138E-01	3.1633933300E-01	3.1756022739E-01	3.1577161608E-01	2.4812986771E-01	
Swaption Vola Analytic Multi-Curve Drift-Freeze	1.7322053506E-01	1.9368044162E-01	4.8448648959E-02	5.3075613618E-02	4.9510865279E-02	4.9741968071E-02	4.5034060985E-02	4.6798608270E-02	4.6820847822E-02	5.9985477049E-02	3.7754159013E-01	3.7826393738E-01	3.7737652771E-01	3.7738095783E-01	3.7808457799E-01	3.7744927243E-01	3.7744883273E-01	3.7763246561E-01	2.9774621034E-02	6.2781517775E-02	0.0000000000E00	1.9451080215E-03	2.9763504512E-02	3.3965203466E-01	3.4690624340E-01	3.3894418090E-01	3.3906021573E-01	3.4091866358E-01	3.1810711921E-01	2.7136340455E-01	4.7739530752E17	4.9003307027E-01	3.6069689108E-01	3.4302754037E34	3.5952036809E-01	3.5788142946E-01	3.5890125979E-01	3.5722482242E-01	2.8204780012E-01	
Swaption Vola Analytic Multi-Curve Integrated-Expectation	1.7329839729E-01	1.9378451142E-01	4.9361091692E-02	5.3570700510E-02	5.0404160181E-02	5.0641929357E-02	4.5820094260E-02	4.7699122164E-02	4.7721330201E-02	6.0604669036E-02	3.7724782667E-01	3.7797011635E-01	3.7708274885E-01	3.7708719754E-01	3.7779033244E-01	3.7715548637E-01	3.7715504692E-01	3.7733862573E-01	2.9824552891E-02	6.2473591940E-02	1.9451080215E-03	0.0000000000E00	2.9713959829E-02	3.3948874106E-01	3.4671472659E-01	3.3878237451E-01	3.3889644156E-01	3.4074871940E-01	3.1783480725E-01	2.7144147006E-01	4.7739530752E17	4.9030708467E-01	3.6041021111E-01	3.4302754037E34	3.5923358108E-01	3.5759370548E-01	3.5861471763E-01	3.5693749743E-01	2.8183943400E-01	
Swaption Vola Monte-Carlo Multi-Curve	1.7636069209E-01	1.9842993824E-01	6.3861187279E-02	4.8732162429E-02	6.2610026382E-02	6.2964641543E-02	5.2070940129E-02	5.8929854460E-02	5.8958620368E-02	6.8918450638E-02	3.5960147770E-01	3.6032374254E-01	3.5943387269E-01	3.5943894221E-01	3.6013550988E-01	3.5950761617E-01	3.5950717653E-01	3.5969443706E-01	4.8852487119E-02	5.1083952397E-02	2.9763504512E-02	2.9713959829E-02	0.0000000000E00	3.2200465685E-01	3.2915985293E-01	3.2129519181E-01	3.2140802006E-01	3.2313844990E-01	3.0133948549E-01	2.5431021500E-01	4.7739530752E17	5.0352264833E-01	3.4283100459E-01	3.4302754037E34	3.4166939090E-01	3.3999100444E-01	3.4103838012E-01	3.3932452157E-01	2.6608213227E-01	
Swaption Value Analytic Single-Curve	4.5629249016E-01	4.8232674054E-01	3.6920651385E-01	3.0512972899E-01	3.5683539879E-01	3.5627834251E-01	3.3366854516E-01	3.4939569961E-01	3.4943433052E-01	3.4207849299E-01	4.8314592922E-02	4.9003962506E-02	4.8172715888E-02	4.8176072074E-02	4.8828548579E-02	4.8241293488E-02	4.8240865635E-02	4.8410904210E-02	3.6489399562E-01	2.9935053461E-01	3.3965203466E-01	3.3948874106E-01	3.2200465685E-01	0.0000000000E00	1.0082091522E-02	8.4815706749E-04	7.4192838948E-04	2.7496835186E-03	5.3731563573E-02	1.1614759449E-01	4.7739530752E17	8.1230832935E-01	3.4504569580E-02	3.4302754037E34	3.3525619707E-02	3.2606966175E-02	3.3107642640E-02	3.2158296208E-02	7.7570697021E-02	
Swaption Value Monte-Carlo Single-Curve	4.6270841024E-01	4.8876873924E-01	3.7700105065E-01	3.1257969071E-01	3.6471343153E-01	3.6416269038E-01	3.4151250291E-01	3.5726041065E-01	3.5729924253E-01	3.4967667455E-01	3.8624915684E-02	3.9299727829E-02	3.8482860151E-02	3.8486520203E-02	3.9126516397E-02	3.8550411862E-02	3.8549995456E-02	3.8704417460E-02	3.7203554989E-01	3.0592031492E-01	3.4690624340E-01	3.4671472659E-01	3.2915985293E-01	1.0082091522E-02	0.0000000000E00	1.0841950522E-02	1.0581179474E-02	8.3966588392E-03	5.5124288275E-02	1.2297372152E-01	4.7739530752E17	8.1932013489E-01	2.5447077591E-02	3.4302754037E34	2.4573515339E-02	2.3726220272E-02	2.4285488938E-02	2.3424736410E-02	8.3155731238E-02	
Swaption Value Analytic Multi-Curve Drift-Freeze	4.5556257398E-01	4.8159531421E-01	3.6847827812E-01	3.0442988319E-01	3.5611394538E-01	3.5555779962E-01	3.3295128252E-01	3.4867717561E-01	3.4871579853E-01	3.4136668559E-01	4.9103091910E-02	4.9793910561E-02	4.8960590180E-02	4.8964020233E-02	4.9616577722E-02	4.9029373025E-02	4.9028944565E-02	4.9199094389E-02	3.6418240070E-01	2.9865670806E-01	3.3894418090E-01	3.3878237451E-01	3.2129519181E-01	8.4815706749E-04	1.0841950522E-02	0.0000000000E00	4.0177100682E-04	3.2565204387E-03	5.3776653479E-02	1.1541302203E-01	4.7739530752E17	8.1155942368E-01	3.5241970536E-02	3.4302754037E34	3.4252640000E-02	3.3312256568E-02	3.3830273245E-02	3.2858649187E-02	7.7213369153E-02	
Swaption Value Analytic Multi-Curve Integrated-Expectation	4.5566180478E-01	4.8169565906E-01	3.6861779143E-01	3.0456725242E-01	3.5625645616E-01	3.5570076560E-01	3.3309268230E-01	3.4881978251E-01	3.4885841058E-01	3.4151052524E-01	4.8835369650E-02	4.9527544142E-02	4.8692526536E-02	4.8695994207E-02	4.9349149491E-02	4.8761450004E-02	4.8761020994E-02	4.8931824353E-02	3.6429513375E-01	2.9875654710E-01	3.3906021573E-01	3.3889644156E-01	3.2140802006E-01	7.4192838948E-04	1.0581179474E-02	4.0177100682E-04	0.0000000000E00	3.0274750427E-03	5.3723412096E-02	1.1557570812E-01	4.7739530752E17	8.1167897829E-01	3.4955168157E-02	3.4302754037E34	3.3964464576E-02	3.3019421826E-02	3.3539901342E-02	3.2563826795E-02	7.7289531284E-02	
Swaption Value Monte-Carlo Multi-Curve	4.5720322155E-01	4.8324415329E-01	3.7056309216E-01	3.0649418310E-01	3.5822457261E-01	3.5767352251E-01	3.3506019478E-01	3.5079276937E-01	3.5083142028E-01	3.4343864551E-01	4.6479203072E-02	4.7173234524E-02	4.6335110633E-02	4.6338961149E-02	4.6988245336E-02	4.6404564797E-02	4.6404136210E-02	4.6573424679E-02	3.6611484113E-01	3.0045442707E-01	3.4091866358E-01	3.4074871940E-01	3.2313844990E-01	2.7496835186E-03	8.3966588392E-03	3.2565204387E-03	3.0274750427E-03	0.0000000000E00	5.4123011787E-02	1.1724652889E-01	4.7739530752E17	8.1339138968E-01	3.2739157369E-02	3.4302754037E34	3.1754554196E-02	3.0808265781E-02	3.1348794535E-02	3.0374924107E-02	7.8811856645E-02	
Swaption Exercise Date	4.4646496522E-01	4.7236885188E-01	3.4869575374E-01	2.8321503511E-01	3.3534835621E-01	3.3466469361E-01	3.1198916172E-01	3.2764530037E-01	3.2768408363E-01	3.2154921308E-01	7.2536910063E-02	7.3151115528E-02	7.2424339585E-02	7.2422430552E-02	7.3143754323E-02	7.2481303768E-02	7.2480902126E-02	7.2699806397E-02	3.4430807580E-01	2.8075779926E-01	3.1810711921E-01	3.1783480725E-01	3.0133948549E-01	5.3731563573E-02	5.5124288275E-02	5.3776653479E-02	5.3723412096E-02	5.4123011787E-02	0.0000000000E00	1.3723692783E-01	4.7739530752E17	7.9902528083E-01	5.7310839386E-02	3.4302754037E34	5.6647014770E-02	5.6099514886E-02	5.5949513722E-02	5.5354389650E-02	4.0596513681E-02	
Swaption Number Of Periods	3.6960670619E-01	3.9505024844E-01	2.9887304410E-01	2.4029954571E-01	2.8992812081E-01	2.8965983316E-01	2.6839501591E-01	2.8334053398E-01	2.8337800572E-01	2.7461140631E-01	1.5704695453E-01	1.5763493764E-01	1.5689828119E-01	1.5690537485E-01	1.5741080404E-01	1.5696116686E-01	1.5696082361E-01	1.5706282703E-01	2.9423052062E-01	2.2965231864E-01	2.7136340455E-01	2.7144147006E-01	2.5431021500E-01	1.1614759449E-01	1.2297372152E-01	1.1541302203E-01	1.1557570812E-01	1.1724652889E-01	1.3723692783E-01	0.0000000000E00	4.7739530752E17	7.2345790659E-01	1.4436333691E-01	3.4302754037E34	1.4335627503E-01	1.4178218771E-01	1.4303431067E-01	1.4144732075E-01	1.2423096769E-01	
Numeraire Single-Curve	4.7739530752E17	4.7739530752E17	4.7739530752E17	4.7739530752E17	4.7739530752E17	4.7739530752E17	4.7739530752E17	4.7739530752E17	4.7739530752E17	4.7739530752E17	4.7739530752E17	4.7739530752E17	4.7739530752E17	4.7739530752E17	4.7739530752E17	4.7739530752E17	4.7739530752E17	4.7739530752E17	4.7739530752E17	4.7739530752E17	4.7739530752E17	4.7739530752E17	4.7739530752E17	4.7739530752E17	4.7739530752E17	4.7739530752E17	4.7739530752E17	4.7739530752E17	4.7739530752E17	4.7739530752E17	0.0000000000E00	4.7739530752E17	4.7739530752E17	3.4302754037E34	4.7739530752E17	4.7739530752E17	4.7739530752E17	4.7739530752E17	4.7739530752E17	
Discount Single-Curve	3.6136751638E-01	3.3571113090E-01	4.6803271547E-01	5.2756255082E-01	4.8498127815E-01	4.8608349647E-01	5.0593169280E-01	4.9214087131E-01	4.9211164187E-01	4.9858475432E-01	8.4954199743E-01	8.5022711292E-01	8.4937037642E-01	8.4937703239E-01	8.5000290246E-01	8.4944191421E-01	8.4944150680E-01	8.4959624070E-01	4.6194312840E-01	5.2085565195E-01	4.9003307027E-01	4.9030708467E-01	5.0352264833E-01	8.1230832935E-01	8.1932013489E-01	8.1155942368E-01	8.1167897829E-01	8.1339138968E-01	7.9902528083E-01	7.2345790659E-01	4.7739530752E17	0.0000000000E00	8.3386291144E-01	3.4302754037E34	8.3270532074E-01	8.3083885046E-01	8.3216882949E-01	8.3027679136E-01	7.6566517376E-01	
OIS Spot Rate Single-Curve	4.7666142421E-01	5.0275489340E-01	3.9182106393E-01	3.2685478588E-01	3.7946477833E-01	3.7890937592E-01	3.5620657604E-01	3.7197171756E-01	3.7201073575E-01	3.6442839594E-01	1.7525358746E-02	1.8281415579E-02	1.7367363425E-02	1.7370735513E-02	1.8130829950E-02	1.7443675596E-02	1.7443196582E-02	1.7661948434E-02	3.8567879590E-01	3.1924188828E-01	3.6069689108E-01	3.6041021111E-01	3.4283100459E-01	3.4504569580E-02	2.5447077591E-02	3.5241970536E-02	3.4955168157E-02	3.2739157369E-02	5.7310839386E-02	1.4436333691E-01	4.7739530752E17	8.3386291144E-01	0.0000000000E00	3.4302754037E34	2.2821783403E-03	3.6298760919E-03	2.3464606802E-03	3.8716734651E-03	9.3020636977E-02	
Numeraire Multi-Curve	3.4302754037E34	3.4302754037E34	3.4302754037E34	3.4302754037E34	3.4302754037E34	3.4302754037E34	3.4302754037E34	3.4302754037E34	3.4302754037E34	3.4302754037E34	3.4302754037E34	3.4302754037E34	3.4302754037E34	3.4302754037E34	3.4302754037E34	3.4302754037E34	3.4302754037E34	3.4302754037E34	3.4302754037E34	3.4302754037E34	3.4302754037E34	3.4302754037E34	3.4302754037E34	3.4302754037E34	3.4302754037E34	3.4302754037E34	3.4302754037E34	3.4302754037E34	3.4302754037E34	3.4302754037E34	3.4302754037E34	3.4302754037E34	3.4302754037E34	0.0000000000E00	3.4302754037E34	3.4302754037E34	3.4302754037E34	3.4302754037E34	3.4302754037E34	
OIS Spot Rate Multi-Curve	4.7553706008E-01	5.0162971649E-01	3.9060634130E-01	3.2578157259E-01	3.7824830517E-01	3.7769536212E-01	3.5498566230E-01	3.7075687859E-01	3.7079590452E-01	3.6303433495E-01	1.8817006297E-02	1.9595131791E-02	1.8658577282E-02	1.8662604095E-02	1.9412846201E-02	1.8735163198E-02	1.8734688440E-02	1.8908561813E-02	3.8450601219E-01	3.1809769138E-01	3.5952036809E-01	3.5923358108E-01	3.4166939090E-01	3.3525619707E-02	2.4573515339E-02	3.4252640000E-02	3.3964464576E-02	3.1754554196E-02	5.6647014770E-02	1.4335627503E-01	4.7739530752E17	8.3270532074E-01	2.2821783403E-03	3.4302754037E34	0.0000000000E00	2.0450802952E-03	1.9667100799E-03	3.0844726253E-03	9.2048253619E-02	
LIBOR Spot Rate Multi-Curve	4.7360909057E-01	4.9970253720E-01	3.8901727979E-01	3.2419822982E-01	3.7670328055E-01	3.7615511418E-01	3.5344893346E-01	3.6921890193E-01	3.6925794980E-01	3.6147532144E-01	2.0217749215E-02	2.0994125612E-02	2.0053801792E-02	2.0058586425E-02	2.0797531262E-02	2.0131240750E-02	2.0130769052E-02	2.0301317875E-02	3.8282200276E-01	3.1633933300E-01	3.5788142946E-01	3.5759370548E-01	3.3999100444E-01	3.2606966175E-02	2.3726220272E-02	3.3312256568E-02	3.3019421826E-02	3.0808265781E-02	5.6099514886E-02	1.4178218771E-01	4.7739530752E17	8.3083885046E-01	3.6298760919E-03	3.4302754037E34	2.0450802952E-03	0.0000000000E00	2.5924315295E-03	2.0004388310E-03	9.1176987364E-02	
OIS Forward Rate Multi-Curve	4.7504871584E-01	5.0114073728E-01	3.8995741309E-01	3.2516022599E-01	3.7758629111E-01	3.7703124876E-01	3.5432946315E-01	3.7009637735E-01	3.7013536763E-01	3.6263857765E-01	1.9445744666E-02	2.0232126755E-02	1.9286321172E-02	1.9290014902E-02	2.0050356296E-02	1.9363779592E-02	1.9363295394E-02	1.9593719392E-02	3.8390060082E-01	3.1756022739E-01	3.5890125979E-01	3.5861471763E-01	3.4103838012E-01	3.3107642640E-02	2.4285488938E-02	3.3830273245E-02	3.3539901342E-02	3.1348794535E-02	5.5949513722E-02	1.4303431067E-01	4.7739530752E17	8.3216882949E-01	2.3464606802E-03	3.4302754037E34	1.9667100799E-03	2.5924315295E-03	0.0000000000E00	2.0472352341E-03	9.1343941348E-02	
LIBOR Forward Rate Multi-Curve	4.7310081517E-01	4.9919357391E-01	3.8832786675E-01	3.2353639438E-01	3.7599886317E-01	3.7544834253E-01	3.5275050543E-01	3.6851587748E-01	3.6855488724E-01	3.6104247693E-01	2.0880558176E-02	2.1665123889E-02	2.0715852432E-02	2.0720266159E-02	2.1470067075E-02	2.0794127213E-02	2.0793645898E-02	2.1017802247E-02	3.8218097964E-01	3.1577161608E-01	3.5722482242E-01	3.5693749743E-01	3.3932452157E-01	3.2158296208E-02	2.3424736410E-02	3.2858649187E-02	3.2563826795E-02	3.0374924107E-02	5.5354389650E-02	1.4144732075E-01	4.7739530752E17	8.3027679136E-01	3.8716734651E-03	3.4302754037E34	3.0844726253E-03	2.0004388310E-03	2.0472352341E-03	0.0000000000E00	9.0417842597E-02	
Time	4.1646752606E-01	4.4216097139E-01	3.1110151195E-01	2.4658384432E-01	2.9733287697E-01	2.9660284190E-01	2.7397893667E-01	2.8960278380E-01	2.8964109526E-01	2.8429938714E-01	1.0963887884E-01	1.1032615350E-01	1.0950888919E-01	1.0950852009E-01	1.1026395357E-01	1.0957387648E-01	1.0957343607E-01	1.0978912607E-01	3.0895654678E-01	2.4812986771E-01	2.8204780012E-01	2.8183943400E-01	2.6608213227E-01	7.7570697021E-02	8.3155731238E-02	7.7213369153E-02	7.7289531284E-02	7.8811856645E-02	4.0596513681E-02	1.2423096769E-01	4.7739530752E17	7.6566517376E-01	9.3020636977E-02	3.4302754037E34	9.2048253619E-02	9.1176987364E-02	9.1343941348E-02	9.0417842597E-02	0.0000000000E00	
