	Target (OIS)	Target (LIBOR)	Caplet Vola Analytic Single-Curve	Caplet Vola Monte-Carlo Single-Curve	Caplet Vola Analytic Multi-Curve Fenton-Wilkinson	Caplet Vola Analytic Multi-Curve Ju	Caplet Vola Analytic Multi-Curve Ho	Caplet Vola Analytic Multi-Curve Drift-Freeze	Caplet Vola Analytic Multi-Curve Integrated-Expectation	Caplet Vola Monte-Carlo Multi-Curve	Caplet Value Analytic Single-Curve	Caplet Value Monte-Carlo Single-Curve	Caplet Value Analytic Multi-Curve Fenton-Wilkinson	Caplet Value Analytic Multi-Curve Ju	Caplet Value Analytic Multi-Curve Ho	Caplet Value Analytic Multi-Curve Drift-Freeze	Caplet Value Analytic Multi-Curve Integrated-Expectation	Caplet Value Monte-Carlo Multi-Curve	Swaption Vola Analytic Single-Curve	Swaption Vola Monte-Carlo Single-Curve	Swaption Vola Analytic Multi-Curve Drift-Freeze	Swaption Vola Analytic Multi-Curve Integrated-Expectation	Swaption Vola Monte-Carlo Multi-Curve	Swaption Value Analytic Single-Curve	Swaption Value Monte-Carlo Single-Curve	Swaption Value Analytic Multi-Curve Drift-Freeze	Swaption Value Analytic Multi-Curve Integrated-Expectation	Swaption Value Monte-Carlo Multi-Curve	Swaption Exercise Date	Swaption Number Of Periods	Numeraire Single-Curve	Discount Single-Curve	OIS Spot Rate Single-Curve	Numeraire Multi-Curve	OIS Spot Rate Multi-Curve	LIBOR Spot Rate Multi-Curve	OIS Forward Rate Multi-Curve	LIBOR Forward Rate Multi-Curve	Time
Target (OIS)	0.0000000000E00	4.3501934934E-02	3.7549900363E-01	3.7501680178E-01	3.6922317157E-01	?	4.0174508640E-01	3.4061093063E-01	3.4061094143E-01	3.3155685266E-01	7.3951173603E-01	7.3951176021E-01	7.3919292783E-01	?	7.3922370289E-01	7.3942879422E-01	7.3942879422E-01	7.3942667486E-01	3.7178064089E-01	3.7010774435E-01	3.4810721444E-01	3.5090369039E-01	3.3975028148E-01	7.3936503311E-01	7.3936350418E-01	7.3859900821E-01	7.3860609963E-01	7.3857807360E-01	6.8881403242E-01	6.0924728847E-01	3.0718070481E-01	3.2499701161E-01	7.4014249551E-01	3.0718410178E-01	7.4014237899E-01	7.3965294626E-01	7.4014245848E-01	7.3965287509E-01	6.5752318686E-01	
Target (LIBOR)	4.3501934934E-02	0.0000000000E00	4.1626339951E-01	4.1580359589E-01	4.0496434919E-01	?	4.3984356822E-01	3.8308437183E-01	3.8308438139E-01	3.7335883007E-01	7.8301367093E-01	7.8301369512E-01	7.8269486146E-01	?	7.8272563641E-01	7.8293072911E-01	7.8293072911E-01	7.8292860975E-01	4.1347082760E-01	4.1173037400E-01	3.9073846468E-01	3.9361833914E-01	3.8201523814E-01	7.8286696656E-01	7.8286543759E-01	7.8210093553E-01	7.8210802710E-01	7.8208000055E-01	7.3217878221E-01	6.5234981453E-01	2.7601271626E-01	2.9329602331E-01	7.8364441719E-01	2.7601625308E-01	7.8364430066E-01	7.8315487729E-01	7.8364438015E-01	7.8315480611E-01	7.0075483205E-01	
Caplet Vola Analytic Single-Curve	3.7549900363E-01	4.1626339951E-01	0.0000000000E00	3.4477233903E-03	2.3092963917E-01	?	2.4344949612E-01	7.4318030609E-02	7.4317888063E-02	5.5000700843E-02	4.1396733307E-01	4.1396737831E-01	4.1372627528E-01	?	4.1375971816E-01	4.1389826691E-01	4.1389826690E-01	4.1389498744E-01	4.0099674828E-02	3.8068129873E-02	8.8631636110E-02	8.9042994408E-02	7.3082212192E-02	4.1379256744E-01	4.1379053885E-01	4.1310972991E-01	4.1311738304E-01	4.1308144866E-01	3.4869575374E-01	2.9887304410E-01	5.8511250288E-01	6.0211171229E-01	4.1438036536E-01	5.8511453569E-01	4.1438017813E-01	4.1400514101E-01	4.1438028649E-01	4.1400505573E-01	3.1110151195E-01	
Caplet Vola Monte-Carlo Single-Curve	3.7501680178E-01	4.1580359589E-01	3.4477233903E-03	0.0000000000E00	2.3099678223E-01	?	2.4350198237E-01	7.3563064393E-02	7.3562925860E-02	5.4207263981E-02	4.1395504538E-01	4.1395508852E-01	4.1371341331E-01	?	4.1374687276E-01	4.1388583880E-01	4.1388583879E-01	4.1388256579E-01	4.0158197430E-02	3.8152153212E-02	8.7905992918E-02	8.8422136649E-02	7.2527684360E-02	4.1378049011E-01	4.1377846691E-01	4.1309640879E-01	4.1310407995E-01	4.1306819617E-01	3.4879435587E-01	2.9871012726E-01	5.8502724417E-01	6.0203073970E-01	4.1436940155E-01	5.8502928736E-01	4.1436921800E-01	4.1399347167E-01	4.1436932682E-01	4.1399339031E-01	3.1123699425E-01	
Caplet Vola Analytic Multi-Curve Fenton-Wilkinson	3.6922317157E-01	4.0496434919E-01	2.3092963917E-01	2.3099678223E-01	0.0000000000E00	?	1.2998127894E-01	2.2977788506E-01	2.2977784815E-01	2.2304843117E-01	4.9496033442E-01	4.9496037377E-01	4.9473322177E-01	?	4.9475961198E-01	4.9490334040E-01	4.9490334039E-01	4.9490048919E-01	2.1625472433E-01	2.1575551610E-01	2.1468656568E-01	2.1496293536E-01	2.0799377250E-01	4.9481349214E-01	4.9481177218E-01	4.9421679434E-01	4.9422325576E-01	4.9419261791E-01	4.4041410537E-01	4.0133738711E-01	5.7139786468E-01	5.8888650682E-01	4.9541235821E-01	5.7139989621E-01	4.9541219846E-01	4.9502423906E-01	4.9541228911E-01	4.9502420472E-01	4.1194467859E-01	
Caplet Vola Analytic Multi-Curve Ju	?	?	?	?	?	?	?	?	?	?	?	?	?	?	?	?	?	?	?	?	?	?	?	?	?	?	?	?	?	?	?	?	?	?	?	?	?	?	?	
Caplet Vola Analytic Multi-Curve Ho	4.0174508640E-01	4.3984356822E-01	2.4344949612E-01	2.4350198237E-01	1.2998127894E-01	?	0.0000000000E00	2.3344412876E-01	2.3344408674E-01	2.3413399330E-01	4.4202306881E-01	4.4202310559E-01	4.4177829879E-01	?	4.4180187471E-01	4.4196509320E-01	4.4196509319E-01	4.4196247497E-01	2.1900778232E-01	2.1947956874E-01	2.1142074956E-01	2.1011946885E-01	2.1060928685E-01	4.4188926398E-01	4.4188770536E-01	4.4130925545E-01	4.4131491268E-01	4.4128711290E-01	3.9384773716E-01	3.5333655058E-01	6.2972996064E-01	6.4783102587E-01	4.4253858559E-01	6.2973210662E-01	4.4253843648E-01	4.4211989597E-01	4.4253852127E-01	4.4211987606E-01	3.6967776078E-01	
Caplet Vola Analytic Multi-Curve Drift-Freeze	3.4061093063E-01	3.8308437183E-01	7.4318030609E-02	7.3563064393E-02	2.2977788506E-01	?	2.3344412876E-01	0.0000000000E00	3.7181002125E-07	3.2548716698E-02	4.1537039683E-01	4.1537043133E-01	4.1508588607E-01	?	4.1511908404E-01	4.1529201960E-01	4.1529201959E-01	4.1528945506E-01	6.5700469104E-02	6.5652362863E-02	5.3675834084E-02	5.2535262261E-02	5.1447356613E-02	4.1520717010E-01	4.1520539166E-01	4.1445634410E-01	4.1446397732E-01	4.1443200105E-01	3.5832688464E-01	2.9199387707E-01	5.8081945928E-01	5.9837059194E-01	4.1589577146E-01	5.8082182869E-01	4.1589562274E-01	4.1546094488E-01	4.1589571424E-01	4.1546084387E-01	3.2435964833E-01	
Caplet Vola Analytic Multi-Curve Integrated-Expectation	3.4061094143E-01	3.8308438139E-01	7.4317888063E-02	7.3562925860E-02	2.2977784815E-01	?	2.3344408674E-01	3.7181002125E-07	0.0000000000E00	3.2548582510E-02	4.1537040617E-01	4.1537044067E-01	4.1508589545E-01	?	4.1511909341E-01	4.1529202895E-01	4.1529202894E-01	4.1528946442E-01	6.5700303091E-02	6.5652192102E-02	5.3675849888E-02	5.2535266649E-02	5.1447268535E-02	4.1520717940E-01	4.1520540096E-01	4.1445635357E-01	4.1446398678E-01	4.1443201050E-01	3.5832687286E-01	2.9199389579E-01	5.8081941734E-01	5.9837055032E-01	4.1589578071E-01	5.8082178675E-01	4.1589563198E-01	4.1546095417E-01	4.1589572348E-01	4.1546085315E-01	3.2435962773E-01	
Caplet Vola Monte-Carlo Multi-Curve	3.3155685266E-01	3.7335883007E-01	5.5000700843E-02	5.4207263981E-02	2.2304843117E-01	?	2.3413399330E-01	3.2548716698E-02	3.2548582510E-02	0.0000000000E00	4.3364829010E-01	4.3364832738E-01	4.3337544641E-01	?	4.3340871480E-01	4.3357261659E-01	4.3357261659E-01	4.3356977579E-01	5.4278232063E-02	5.2760571382E-02	6.2754677407E-02	6.3376142062E-02	4.7702317575E-02	4.3348073505E-01	4.3347886208E-01	4.3275193642E-01	4.3275953692E-01	4.3272612486E-01	3.7337333591E-01	3.1167391177E-01	5.6019652421E-01	5.7763541587E-01	4.3414369698E-01	5.6019876918E-01	4.3414353108E-01	4.3372384433E-01	4.3414363425E-01	4.3372376029E-01	3.3803188351E-01	
Caplet Value Analytic Single-Curve	7.3951173603E-01	7.8301367093E-01	4.1396733307E-01	4.1395504538E-01	4.9496033442E-01	?	4.4202306881E-01	4.1537039683E-01	4.1537040617E-01	4.3364829010E-01	0.0000000000E00	2.6816450259E-07	3.7987702189E-04	?	3.5935608203E-04	9.4763160726E-05	9.4763153106E-05	9.5095111591E-05	4.0093012795E-01	4.0351053137E-01	4.0592405415E-01	4.0194518747E-01	4.1940108468E-01	2.3355044604E-04	2.3674990022E-04	1.0207385281E-03	1.0124209460E-03	1.0434903007E-03	7.7347413514E-02	1.6071825205E-01	9.9115918397E-01	1.0088897814E00	8.5112473778E-04	9.9116139050E-01	8.5115197135E-04	3.3039233222E-04	8.5116502845E-04	3.3036833550E-04	1.1471268170E-01	
Caplet Value Monte-Carlo Single-Curve	7.3951176021E-01	7.8301369512E-01	4.1396737831E-01	4.1395508852E-01	4.9496037377E-01	?	4.4202310559E-01	4.1537043133E-01	4.1537044067E-01	4.3364832738E-01	2.6816450259E-07	0.0000000000E00	3.7987047288E-04	?	3.5934516370E-04	9.4760796892E-05	9.4760789352E-05	9.5096393983E-05	4.0093017310E-01	4.0351057679E-01	4.0592408543E-01	4.0194522078E-01	4.1940112163E-01	2.3361280934E-04	2.3681266653E-04	1.0207464150E-03	1.0124293806E-03	1.0435011682E-03	7.7347495319E-02	1.6071826574E-01	9.9115922427E-01	1.0088898218E00	8.5114110255E-04	9.9116143080E-01	8.5116848858E-04	3.3043197316E-04	8.5118155888E-04	3.3040849796E-04	1.1471275511E-01	
Caplet Value Analytic Multi-Curve Fenton-Wilkinson	7.3919292783E-01	7.8269486146E-01	4.1372627528E-01	4.1371341331E-01	4.9473322177E-01	?	4.4177829879E-01	4.1508588607E-01	4.1508589545E-01	4.3337544641E-01	3.7987702189E-04	3.7987047288E-04	0.0000000000E00	?	3.5544757423E-05	2.8918421551E-04	2.8918422176E-04	2.8948259203E-04	4.0067372068E-01	4.0325475512E-01	4.0563919956E-01	4.0165893718E-01	4.1912376098E-01	3.8052484594E-04	3.8204499941E-04	7.6114052559E-04	7.5201697405E-04	7.8910156672E-04	7.7249973198E-02	1.6044539409E-01	9.9088496619E-01	1.0086167766E00	1.2240327443E-03	9.9088717325E-01	1.2240484179E-03	6.8041383816E-04	1.2240677000E-03	6.8035392261E-04	1.1458795063E-01	
Caplet Value Analytic Multi-Curve Ju	?	?	?	?	?	?	?	?	?	?	?	?	?	?	?	?	?	?	?	?	?	?	?	?	?	?	?	?	?	?	?	?	?	?	?	?	?	?	?	
Caplet Value Analytic Multi-Curve Ho	7.3922370289E-01	7.8272563641E-01	4.1375971816E-01	4.1374687276E-01	4.9475961198E-01	?	4.4180187471E-01	4.1511908404E-01	4.1511909341E-01	4.3340871480E-01	3.5935608203E-04	3.5934516370E-04	3.5544757423E-05	?	0.0000000000E00	2.7116063699E-04	2.7116064467E-04	2.7182646268E-04	4.0070650587E-01	4.0328755839E-01	4.0567140304E-01	4.0169114619E-01	4.1915616459E-01	3.7604408755E-04	3.7776026520E-04	7.9072258163E-04	7.8159784169E-04	8.1874917369E-04	7.7278751889E-02	1.6047272292E-01	9.9091729761E-01	1.0086491758E00	1.2072004557E-03	9.9091950469E-01	1.2072212579E-03	6.6756045598E-04	1.2072379535E-03	6.6751114192E-04	1.1461882251E-01	
Caplet Value Analytic Multi-Curve Drift-Freeze	7.3942879422E-01	7.8293072911E-01	4.1389826691E-01	4.1388583880E-01	4.9490334040E-01	?	4.4196509320E-01	4.1529201960E-01	4.1529202895E-01	4.3357261659E-01	9.4763160726E-05	9.4760796892E-05	2.8918421551E-04	?	2.7116063699E-04	0.0000000000E00	6.1029874255E-11	5.1590374751E-06	4.0085891706E-01	4.0343944122E-01	4.0584704509E-01	4.0186792214E-01	4.1932574122E-01	2.1332131217E-04	2.1650351106E-04	9.4018978407E-04	9.3171355665E-04	9.6402768388E-04	7.7312341671E-02	1.6064398299E-01	9.9108489095E-01	1.0088156520E00	9.3633990772E-04	9.9108709760E-01	9.3636213164E-04	4.0314375741E-04	9.3637811984E-04	4.0309599479E-04	1.1466983253E-01	
Caplet Value Analytic Multi-Curve Integrated-Expectation	7.3942879422E-01	7.8293072911E-01	4.1389826690E-01	4.1388583879E-01	4.9490334039E-01	?	4.4196509319E-01	4.1529201959E-01	4.1529202894E-01	4.3357261659E-01	9.4763153106E-05	9.4760789352E-05	2.8918422176E-04	?	2.7116064467E-04	6.1029874255E-11	0.0000000000E00	5.1590035102E-06	4.0085891705E-01	4.0343944121E-01	4.0584704509E-01	4.0186792214E-01	4.1932574121E-01	2.1332128971E-04	2.1650348852E-04	9.4018978801E-04	9.3171356047E-04	9.6402768631E-04	7.7312341648E-02	1.6064398299E-01	9.9108489094E-01	1.0088156520E00	9.3633989820E-04	9.9108709759E-01	9.3636212210E-04	4.0314374176E-04	9.3637811030E-04	4.0309597907E-04	1.1466983251E-01	
Caplet Value Monte-Carlo Multi-Curve	7.3942667486E-01	7.8292860975E-01	4.1389498744E-01	4.1388256579E-01	4.9490048919E-01	?	4.4196247497E-01	4.1528945506E-01	4.1528946442E-01	4.3356977579E-01	9.5095111591E-05	9.5096393983E-05	2.8948259203E-04	?	2.7182646268E-04	5.1590374751E-06	5.1590035102E-06	0.0000000000E00	4.0085574192E-01	4.0343625653E-01	4.0584440962E-01	4.0186529710E-01	4.1932291569E-01	2.0994272311E-04	2.1312066641E-04	9.3895205717E-04	9.3048295809E-04	9.6264119153E-04	7.7307813417E-02	1.6064237895E-01	9.9108194321E-01	1.0088126922E00	9.3563259423E-04	9.9108414985E-01	9.3565306431E-04	4.0119391558E-04	9.3567012962E-04	4.0114729729E-04	1.1466547087E-01	
Swaption Vola Analytic Single-Curve	3.7178064089E-01	4.1347082760E-01	4.0099674828E-02	4.0158197430E-02	2.1625472433E-01	?	2.1900778232E-01	6.5700469104E-02	6.5700303091E-02	5.4278232063E-02	4.0093012795E-01	4.0093017310E-01	4.0067372068E-01	?	4.0070650587E-01	4.0085891706E-01	4.0085891705E-01	4.0085574192E-01	0.0000000000E00	3.6598015577E-03	6.1417996172E-02	6.0553668388E-02	4.6352795166E-02	4.0076514714E-01	4.0076327685E-01	4.0007422080E-01	4.0008156389E-01	4.0004780442E-01	3.3738158701E-01	2.8828102032E-01	5.9325297085E-01	6.1066190340E-01	4.0138848930E-01	5.9325505827E-01	4.0138831144E-01	4.0098769319E-01	4.0138841050E-01	4.0098759876E-01	3.0148784547E-01	
Swaption Vola Monte-Carlo Single-Curve	3.7010774435E-01	4.1173037400E-01	3.8068129873E-02	3.8152153212E-02	2.1575551610E-01	?	2.1947956874E-01	6.5652362863E-02	6.5652192102E-02	5.2760571382E-02	4.0351053137E-01	4.0351057679E-01	4.0325475512E-01	?	4.0328755839E-01	4.0343944122E-01	4.0343944121E-01	4.0343625653E-01	3.6598015577E-03	0.0000000000E00	6.2878375936E-02	6.2145005239E-02	4.6789307920E-02	4.0334469671E-01	4.0334280853E-01	4.0265418121E-01	4.0266152718E-01	4.0262758494E-01	3.3982509834E-01	2.9053082580E-01	5.9071944134E-01	6.0811565308E-01	4.0396717399E-01	5.9072151853E-01	4.0396699495E-01	4.0356729983E-01	4.0396709466E-01	4.0356720603E-01	3.0382420203E-01	
Swaption Vola Analytic Multi-Curve Drift-Freeze	3.4810721444E-01	3.9073846468E-01	8.8631636110E-02	8.7905992918E-02	2.1468656568E-01	?	2.1142074956E-01	5.3675834084E-02	5.3675849888E-02	6.2754677407E-02	4.0592405415E-01	4.0592408543E-01	4.0563919956E-01	?	4.0567140304E-01	4.0584704509E-01	4.0584704509E-01	4.0584440962E-01	6.1417996172E-02	6.2878375936E-02	0.0000000000E00	8.3856090224E-03	2.5372000465E-02	4.0577675096E-01	4.0577516497E-01	4.0505120905E-01	4.0505858406E-01	4.0502923436E-01	3.4909195531E-01	2.9419832634E-01	5.9076474271E-01	6.0850958614E-01	4.0645931707E-01	5.9076714749E-01	4.0645918214E-01	4.0601856597E-01	4.0645926611E-01	4.0601847871E-01	3.1666435727E-01	
Swaption Vola Analytic Multi-Curve Integrated-Expectation	3.5090369039E-01	3.9361833914E-01	8.9042994408E-02	8.8422136649E-02	2.1496293536E-01	?	2.1011946885E-01	5.2535262261E-02	5.2535266649E-02	6.3376142062E-02	4.0194518747E-01	4.0194522078E-01	4.0165893718E-01	?	4.0169114619E-01	4.0186792214E-01	4.0186792214E-01	4.0186529710E-01	6.0553668388E-02	6.2145005239E-02	8.3856090224E-03	0.0000000000E00	2.7007348932E-02	4.0179752799E-01	4.0179593756E-01	4.0107148318E-01	4.0107875678E-01	4.0104944855E-01	3.4511814774E-01	2.9026655807E-01	5.9429669450E-01	6.1207005068E-01	4.0248411905E-01	5.9429907262E-01	4.0248397951E-01	4.0204137823E-01	4.0248406409E-01	4.0204128641E-01	3.1282119422E-01	
Swaption Vola Monte-Carlo Multi-Curve	3.3975028148E-01	3.8201523814E-01	7.3082212192E-02	7.2527684360E-02	2.0799377250E-01	?	2.1060928685E-01	5.1447356613E-02	5.1447268535E-02	4.7702317575E-02	4.1940108468E-01	4.1940112163E-01	4.1912376098E-01	?	4.1915616459E-01	4.1932574122E-01	4.1932574121E-01	4.1932291569E-01	4.6352795166E-02	4.6789307920E-02	2.5372000465E-02	2.7007348932E-02	0.0000000000E00	4.1924774465E-01	4.1924605201E-01	4.1853453843E-01	4.1854182884E-01	4.1851097647E-01	3.6002030455E-01	3.0684359151E-01	5.7465723960E-01	5.9234776340E-01	4.1991605955E-01	5.7465952709E-01	4.1991590812E-01	4.1948526891E-01	4.1991599721E-01	4.1948517604E-01	3.2636754479E-01	
Swaption Value Analytic Single-Curve	7.3936503311E-01	7.8286696656E-01	4.1379256744E-01	4.1378049011E-01	4.9481349214E-01	?	4.4188926398E-01	4.1520717010E-01	4.1520717940E-01	4.3348073505E-01	2.3355044604E-04	2.3361280934E-04	3.8052484594E-04	?	3.7604408755E-04	2.1332131217E-04	2.1332128971E-04	2.0994272311E-04	4.0076514714E-01	4.0334469671E-01	4.0577675096E-01	4.0179752799E-01	4.1924774465E-01	0.0000000000E00	3.5753968945E-06	8.6815784759E-04	8.6015437652E-04	8.8387016148E-04	7.7182350354E-02	1.6053396354E-01	9.9099347731E-01	1.0087236449E00	9.1929560730E-04	9.9099568362E-01	9.1924811140E-04	3.7730791596E-04	9.1930354783E-04	3.7731478274E-04	1.1453057678E-01	
Swaption Value Monte-Carlo Single-Curve	7.3936350418E-01	7.8286543759E-01	4.1379053885E-01	4.1377846691E-01	4.9481177218E-01	?	4.4188770536E-01	4.1520539166E-01	4.1520540096E-01	4.3347886208E-01	2.3674990022E-04	2.3681266653E-04	3.8204499941E-04	?	3.7776026520E-04	2.1650351106E-04	2.1650348852E-04	2.1312066641E-04	4.0076327685E-01	4.0334280853E-01	4.0577516497E-01	4.0179593756E-01	4.1924605201E-01	3.5753968945E-06	0.0000000000E00	8.6701647277E-04	8.5901986482E-04	8.8258388718E-04	7.7180121161E-02	1.6053200695E-01	9.9099159972E-01	1.0087217611E00	9.2015778942E-04	9.9099380602E-01	9.2010898643E-04	3.7855293869E-04	9.2016511059E-04	3.7856006678E-04	1.1452820010E-01	
Swaption Value Analytic Multi-Curve Drift-Freeze	7.3859900821E-01	7.8210093553E-01	4.1310972991E-01	4.1309640879E-01	4.9421679434E-01	?	4.4130925545E-01	4.1445634410E-01	4.1445635357E-01	4.3275193642E-01	1.0207385281E-03	1.0207464150E-03	7.6114052559E-04	?	7.9072258163E-04	9.4018978407E-04	9.4018978801E-04	9.3895205717E-04	4.0007422080E-01	4.0265418121E-01	4.0505120905E-01	4.0107148318E-01	4.1853453843E-01	8.6815784759E-04	8.6701647277E-04	0.0000000000E00	1.1011715356E-05	4.4479143779E-05	7.6817561628E-02	1.5974632574E-01	9.9028199317E-01	1.0080127093E00	1.7112872593E-03	9.9028420083E-01	1.7112530658E-03	1.1937004089E-03	1.7113040271E-03	1.1936490057E-03	1.1406721514E-01	
Swaption Value Analytic Multi-Curve Integrated-Expectation	7.3860609963E-01	7.8210802710E-01	4.1311738304E-01	4.1310407995E-01	4.9422325576E-01	?	4.4131491268E-01	4.1446397732E-01	4.1446398678E-01	4.3275953692E-01	1.0124209460E-03	1.0124293806E-03	7.5201697405E-04	?	7.8159784169E-04	9.3171355665E-04	9.3171356047E-04	9.3048295809E-04	4.0008156389E-01	4.0266152718E-01	4.0505858406E-01	4.0107875678E-01	4.1854182884E-01	8.6015437652E-04	8.5901986482E-04	1.1011715356E-05	0.0000000000E00	5.0286380558E-05	7.6822693716E-02	1.5975413827E-01	9.9028930599E-01	1.0080200452E00	1.7050086792E-03	9.9029151364E-01	1.7049741781E-03	1.1866605184E-03	1.7050248891E-03	1.1866072771E-03	1.1407358127E-01	
Swaption Value Monte-Carlo Multi-Curve	7.3857807360E-01	7.8208000055E-01	4.1308144866E-01	4.1306819617E-01	4.9419261791E-01	?	4.4128711290E-01	4.1443200105E-01	4.1443201050E-01	4.3272612486E-01	1.0434903007E-03	1.0435011682E-03	7.8910156672E-04	?	8.1874917369E-04	9.6402768388E-04	9.6402768631E-04	9.6264119153E-04	4.0004780442E-01	4.0262758494E-01	4.0502923436E-01	4.0104944855E-01	4.1851097647E-01	8.8387016148E-04	8.8258388718E-04	4.4479143779E-05	5.0286380558E-05	0.0000000000E00	7.6786329802E-02	1.5971974512E-01	9.9025594953E-01	1.0079865751E00	1.7245590514E-03	9.9025815714E-01	1.7245172330E-03	1.2094371897E-03	1.7245720199E-03	1.2093893086E-03	1.1403388468E-01	
Swaption Exercise Date	6.8881403242E-01	7.3217878221E-01	3.4869575374E-01	3.4879435587E-01	4.4041410537E-01	?	3.9384773716E-01	3.5832688464E-01	3.5832687286E-01	3.7337333591E-01	7.7347413514E-02	7.7347495319E-02	7.7249973198E-02	?	7.7278751889E-02	7.7312341671E-02	7.7312341648E-02	7.7307813417E-02	3.3738158701E-01	3.3982509834E-01	3.4909195531E-01	3.4511814774E-01	3.6002030455E-01	7.7182350354E-02	7.7180121161E-02	7.6817561628E-02	7.6822693716E-02	7.6786329802E-02	0.0000000000E00	1.3723692783E-01	9.2915142167E-01	9.4666695968E-01	7.7431143321E-02	9.2915344393E-01	7.7430827567E-02	7.7256160031E-02	7.7430990833E-02	7.7256075597E-02	4.0596513681E-02	
Swaption Number Of Periods	6.0924728847E-01	6.5234981453E-01	2.9887304410E-01	2.9871012726E-01	4.0133738711E-01	?	3.5333655058E-01	2.9199387707E-01	2.9199389579E-01	3.1167391177E-01	1.6071825205E-01	1.6071826574E-01	1.6044539409E-01	?	1.6047272292E-01	1.6064398299E-01	1.6064398299E-01	1.6064237895E-01	2.8828102032E-01	2.9053082580E-01	2.9419832634E-01	2.9026655807E-01	3.0684359151E-01	1.6053396354E-01	1.6053200695E-01	1.5974632574E-01	1.5975413827E-01	1.5971974512E-01	1.3723692783E-01	0.0000000000E00	8.6311077260E-01	8.8077600480E-01	1.6124075130E-01	8.6311314100E-01	1.6124064607E-01	1.6083380434E-01	1.6124073380E-01	1.6083380321E-01	1.2423096769E-01	
Numeraire Single-Curve	3.0718070481E-01	2.7601271626E-01	5.8511250288E-01	5.8502724417E-01	5.7139786468E-01	?	6.2972996064E-01	5.8081945928E-01	5.8081941734E-01	5.6019652421E-01	9.9115918397E-01	9.9115922427E-01	9.9088496619E-01	?	9.9091729761E-01	9.9108489095E-01	9.9108489094E-01	9.9108194321E-01	5.9325297085E-01	5.9071944134E-01	5.9076474271E-01	5.9429669450E-01	5.7465723960E-01	9.9099347731E-01	9.9099159972E-01	9.9028199317E-01	9.9028930599E-01	9.9025594953E-01	9.2915142167E-01	8.6311077260E-01	0.0000000000E00	1.8837124695E-02	9.9166742399E-01	5.3828867059E-06	9.9166725251E-01	9.9123933102E-01	9.9166735495E-01	9.9123925438E-01	8.9311496680E-01	
Discount Single-Curve	3.2499701161E-01	2.9329602331E-01	6.0211171229E-01	6.0203073970E-01	5.8888650682E-01	?	6.4783102587E-01	5.9837059194E-01	5.9837055032E-01	5.7763541587E-01	1.0088897814E00	1.0088898218E00	1.0086167766E00	?	1.0086491758E00	1.0088156520E00	1.0088156520E00	1.0088126922E00	6.1066190340E-01	6.0811565308E-01	6.0850958614E-01	6.1207005068E-01	5.9234776340E-01	1.0087236449E00	1.0087217611E00	1.0080127093E00	1.0080200452E00	1.0079865751E00	9.4666695968E-01	8.8077600480E-01	1.8837124695E-02	0.0000000000E00	1.0093943324E00	1.8834716714E-02	1.0093941605E00	1.0089682371E00	1.0093942631E00	1.0089681600E00	9.1050343975E-01	
OIS Spot Rate Single-Curve	7.4014249551E-01	7.8364441719E-01	4.1438036536E-01	4.1436940155E-01	4.9541235821E-01	?	4.4253858559E-01	4.1589577146E-01	4.1589578071E-01	4.3414369698E-01	8.5112473778E-04	8.5114110255E-04	1.2240327443E-03	?	1.2072004557E-03	9.3633990772E-04	9.3633989820E-04	9.3563259423E-04	4.0138848930E-01	4.0396717399E-01	4.0645931707E-01	4.0248411905E-01	4.1991605955E-01	9.1929560730E-04	9.2015778942E-04	1.7112872593E-03	1.7050086792E-03	1.7245590514E-03	7.7431143321E-02	1.6124075130E-01	9.9166742399E-01	1.0093943324E00	0.0000000000E00	9.9166962914E-01	8.3751603173E-07	5.6109752122E-04	5.2872236525E-07	5.6115005500E-04	1.1484773120E-01	
Numeraire Multi-Curve	3.0718410178E-01	2.7601625308E-01	5.8511453569E-01	5.8502928736E-01	5.7139989621E-01	?	6.2973210662E-01	5.8082182869E-01	5.8082178675E-01	5.6019876918E-01	9.9116139050E-01	9.9116143080E-01	9.9088717325E-01	?	9.9091950469E-01	9.9108709760E-01	9.9108709759E-01	9.9108414985E-01	5.9325505827E-01	5.9072151853E-01	5.9076714749E-01	5.9429907262E-01	5.7465952709E-01	9.9099568362E-01	9.9099380602E-01	9.9028420083E-01	9.9029151364E-01	9.9025815714E-01	9.2915344393E-01	8.6311314100E-01	5.3828867059E-06	1.8834716714E-02	9.9166962914E-01	0.0000000000E00	9.9166945766E-01	9.9124153691E-01	9.9166956010E-01	9.9124146027E-01	8.9311696433E-01	
OIS Spot Rate Multi-Curve	7.4014237899E-01	7.8364430066E-01	4.1438017813E-01	4.1436921800E-01	4.9541219846E-01	?	4.4253843648E-01	4.1589562274E-01	4.1589563198E-01	4.3414353108E-01	8.5115197135E-04	8.5116848858E-04	1.2240484179E-03	?	1.2072212579E-03	9.3636213164E-04	9.3636212210E-04	9.3565306431E-04	4.0138831144E-01	4.0396699495E-01	4.0645918214E-01	4.0248397951E-01	4.1991590812E-01	9.1924811140E-04	9.2010898643E-04	1.7112530658E-03	1.7049741781E-03	1.7245172330E-03	7.7430827567E-02	1.6124064607E-01	9.9166725251E-01	1.0093941605E00	8.3751603173E-07	9.9166945766E-01	0.0000000000E00	5.6107171792E-04	6.9909392813E-07	5.6112457641E-04	1.1484744934E-01	
LIBOR Spot Rate Multi-Curve	7.3965294626E-01	7.8315487729E-01	4.1400514101E-01	4.1399347167E-01	4.9502423906E-01	?	4.4211989597E-01	4.1546094488E-01	4.1546095417E-01	4.3372384433E-01	3.3039233222E-04	3.3043197316E-04	6.8041383816E-04	?	6.6756045598E-04	4.0314375741E-04	4.0314374176E-04	4.0119391558E-04	4.0098769319E-01	4.0356729983E-01	4.0601856597E-01	4.0204137823E-01	4.1948526891E-01	3.7730791596E-04	3.7855293869E-04	1.1937004089E-03	1.1866605184E-03	1.2094371897E-03	7.7256160031E-02	1.6083380434E-01	9.9123933102E-01	1.0089682371E00	5.6109752122E-04	9.9124153691E-01	5.6107171792E-04	0.0000000000E00	5.6110985966E-04	1.1911634416E-06	1.1463760706E-01	
OIS Forward Rate Multi-Curve	7.4014245848E-01	7.8364438015E-01	4.1438028649E-01	4.1436932682E-01	4.9541228911E-01	?	4.4253852127E-01	4.1589571424E-01	4.1589572348E-01	4.3414363425E-01	8.5116502845E-04	8.5118155888E-04	1.2240677000E-03	?	1.2072379535E-03	9.3637811984E-04	9.3637811030E-04	9.3567012962E-04	4.0138841050E-01	4.0396709466E-01	4.0645926611E-01	4.0248406409E-01	4.1991599721E-01	9.1930354783E-04	9.2016511059E-04	1.7113040271E-03	1.7050248891E-03	1.7245720199E-03	7.7430990833E-02	1.6124073380E-01	9.9166735495E-01	1.0093942631E00	5.2872236525E-07	9.9166956010E-01	6.9909392813E-07	5.6110985966E-04	0.0000000000E00	5.6116176870E-04	1.1484759529E-01	
LIBOR Forward Rate Multi-Curve	7.3965287509E-01	7.8315480611E-01	4.1400505573E-01	4.1399339031E-01	4.9502420472E-01	?	4.4211987606E-01	4.1546084387E-01	4.1546085315E-01	4.3372376029E-01	3.3036833550E-04	3.3040849796E-04	6.8035392261E-04	?	6.6751114192E-04	4.0309599479E-04	4.0309597907E-04	4.0114729729E-04	4.0098759876E-01	4.0356720603E-01	4.0601847871E-01	4.0204128641E-01	4.1948517604E-01	3.7731478274E-04	3.7856006678E-04	1.1936490057E-03	1.1866072771E-03	1.2093893086E-03	7.7256075597E-02	1.6083380321E-01	9.9123925438E-01	1.0089681600E00	5.6115005500E-04	9.9124146027E-01	5.6112457641E-04	1.1911634416E-06	5.6116176870E-04	0.0000000000E00	1.1463752093E-01	
Time	6.5752318686E-01	7.0075483205E-01	3.1110151195E-01	3.1123699425E-01	4.1194467859E-01	?	3.6967776078E-01	3.2435964833E-01	3.2435962773E-01	3.3803188351E-01	1.1471268170E-01	1.1471275511E-01	1.1458795063E-01	?	1.1461882251E-01	1.1466983253E-01	1.1466983251E-01	1.1466547087E-01	3.0148784547E-01	3.0382420203E-01	3.1666435727E-01	3.1282119422E-01	3.2636754479E-01	1.1453057678E-01	1.1452820010E-01	1.1406721514E-01	1.1407358127E-01	1.1403388468E-01	4.0596513681E-02	1.2423096769E-01	8.9311496680E-01	9.1050343975E-01	1.1484773120E-01	8.9311696433E-01	1.1484744934E-01	1.1463760706E-01	1.1484759529E-01	1.1463752093E-01	0.0000000000E00	
