	Target (OIS)	Target (LIBOR)	Caplet Vola Analytic Single-Curve	Caplet Vola Monte-Carlo Single-Curve	Caplet Vola Analytic Multi-Curve Fenton-Wilkinson	Caplet Vola Analytic Multi-Curve Ju	Caplet Vola Analytic Multi-Curve Ho	Caplet Vola Analytic Multi-Curve Drift-Freeze	Caplet Vola Analytic Multi-Curve Integrated-Expectation	Caplet Vola Monte-Carlo Multi-Curve	Caplet Value Analytic Single-Curve	Caplet Value Monte-Carlo Single-Curve	Caplet Value Analytic Multi-Curve Fenton-Wilkinson	Caplet Value Analytic Multi-Curve Ju	Caplet Value Analytic Multi-Curve Ho	Caplet Value Analytic Multi-Curve Drift-Freeze	Caplet Value Analytic Multi-Curve Integrated-Expectation	Caplet Value Monte-Carlo Multi-Curve	Swaption Vola Analytic Single-Curve	Swaption Vola Monte-Carlo Single-Curve	Swaption Vola Analytic Multi-Curve Drift-Freeze	Swaption Vola Analytic Multi-Curve Integrated-Expectation	Swaption Vola Monte-Carlo Multi-Curve	Swaption Value Analytic Single-Curve	Swaption Value Monte-Carlo Single-Curve	Swaption Value Analytic Multi-Curve Drift-Freeze	Swaption Value Analytic Multi-Curve Integrated-Expectation	Swaption Value Monte-Carlo Multi-Curve	Swaption Exercise Date	Swaption Number Of Periods	Numeraire Single-Curve	Discount Single-Curve	OIS Spot Rate Single-Curve	Numeraire Multi-Curve	OIS Spot Rate Multi-Curve	LIBOR Spot Rate Multi-Curve	OIS Forward Rate Multi-Curve	LIBOR Forward Rate Multi-Curve	Time
Target (OIS)	0.0000000000E00	5.7142857143E-02	5.5420880525E-01	5.5410913391E-01	4.7746583598E-01	?	6.1154768036E-01	5.4756388440E-01	5.4756382045E-01	5.0405660815E-01	1.9998550598E00	1.9998552830E00	1.9983429006E00	?	1.9985216907E00	1.9994448462E00	1.9994448461E00	1.9994285211E00	5.7764504553E-01	5.7177295454E-01	5.6984746796E-01	5.7841025612E-01	5.3583177203E-01	1.9989379432E00	1.9989275485E00	1.9950112859E00	1.9950516897E00	1.9948674114E00	1.6786412714E00	1.3795891253E00	3.1219686517E-01	3.2947076358E-01	2.0026550805E00	3.1219904020E-01	2.0026541294E00	2.0002931755E00	2.0026546972E00	2.0002927504E00	1.5142792931E00	
Target (LIBOR)	5.7142857143E-02	0.0000000000E00	6.0654944747E-01	6.0645141579E-01	5.2618263892E-01	?	6.5788713324E-01	6.0001323330E-01	6.0001317039E-01	5.5718726639E-01	1.9998631118E00	1.9998633226E00	1.9984349256E00	?	1.9986037904E00	1.9994756840E00	1.9994756840E00	1.9994602656E00	6.2959246031E-01	6.2382033177E-01	6.2192741421E-01	6.3034457375E-01	5.8847004422E-01	1.9989969316E00	1.9989871141E00	1.9952881102E00	1.9953262746E00	1.9951522096E00	1.6951338201E00	1.4089635427E00	2.5619663354E-01	2.7361574054E-01	2.0025074836E00	2.5619882631E-01	2.0025065853E00	2.0002768869E00	2.0025071216E00	2.0002764854E00	1.5381480678E00	
Caplet Vola Analytic Single-Curve	5.5420880525E-01	6.0654944747E-01	0.0000000000E00	5.5040795478E-03	2.9543210409E-01	?	4.4028421880E-01	1.7129912500E-01	1.7129874040E-01	1.1672604667E-01	1.9997439483E00	1.9997443426E00	1.9970734127E00	?	1.9973890829E00	1.9990193412E00	1.9990193411E00	1.9989905066E00	7.9302768319E-02	7.3979793382E-02	1.8681529363E-01	1.9009915528E-01	1.4670864155E-01	1.9981240980E00	1.9981057416E00	1.9911951008E00	1.9912663446E00	1.9909414172E00	1.4652102507E00	1.0204306489E00	8.3048267483E-01	8.4510161030E-01	2.0046929895E00	8.3048451978E-01	2.0046913074E00	2.0005179680E00	2.0046923116E00	2.0005172170E00	1.2149818577E00	
Caplet Vola Monte-Carlo Single-Curve	5.5410913391E-01	6.0645141579E-01	5.5040795478E-03	0.0000000000E00	2.9775620973E-01	?	4.3986089735E-01	1.6961215413E-01	1.6961176961E-01	1.1508149615E-01	1.9997439760E00	1.9997443702E00	1.9970737284E00	?	1.9973893646E00	1.9990194470E00	1.9990194469E00	1.9989906156E00	8.0430615599E-02	7.5104367315E-02	1.8490693303E-01	1.8855538455E-01	1.4486573698E-01	1.9981243004E00	1.9981059460E00	1.9911960493E00	1.9912672853E00	1.9909423929E00	1.4652602654E00	1.0205105024E00	8.3039332809E-01	8.4501292466E-01	2.0046924823E00	8.3039517313E-01	2.0046908004E00	2.0005179121E00	2.0046918044E00	2.0005171611E00	1.2150499732E00	
Caplet Vola Analytic Multi-Curve Fenton-Wilkinson	4.7746583598E-01	5.2618263892E-01	2.9543210409E-01	2.9775620973E-01	0.0000000000E00	?	2.3052797077E-01	3.8362370916E-01	3.8362352609E-01	3.2512756013E-01	1.9997691498E00	1.9997695053E00	1.9973612840E00	?	1.9976459218E00	1.9991158452E00	1.9991158451E00	1.9990898475E00	3.1496231634E-01	3.0972782392E-01	3.6394754645E-01	3.6950584542E-01	3.2295820259E-01	1.9983086632E00	1.9982921121E00	1.9920600387E00	1.9921242977E00	1.9918312244E00	1.5149684121E00	1.2048194937E00	7.5139382179E-01	7.6643537393E-01	2.0042305743E00	7.5139573058E-01	2.0042290581E00	2.0004669790E00	2.0042299632E00	2.0004663018E00	1.2853237253E00	
Caplet Vola Analytic Multi-Curve Ju	?	?	?	?	?	?	?	?	?	?	?	?	?	?	?	?	?	?	?	?	?	?	?	?	?	?	?	?	?	?	?	?	?	?	?	?	?	?	?	
Caplet Vola Analytic Multi-Curve Ho	6.1154768036E-01	6.5788713324E-01	4.4028421880E-01	4.3986089735E-01	2.3052797077E-01	?	0.0000000000E00	3.8799910776E-01	3.8799853025E-01	4.1001265582E-01	1.9997336557E00	1.9997340659E00	1.9969558531E00	?	1.9972841950E00	1.9989799286E00	1.9989799285E00	1.9989499355E00	3.6867116189E-01	3.7290892459E-01	3.7442459314E-01	3.6919119383E-01	3.5784170123E-01	1.9980487233E00	1.9980296297E00	1.9908419534E00	1.9909160481E00	1.9905781190E00	1.4466855209E00	1.0821065019E00	8.7153583649E-01	8.8570788397E-01	2.0048818784E00	8.7153763703E-01	2.0048801285E00	2.0005387932E00	2.0048811732E00	2.0005380119E00	1.1898159575E00	
Caplet Vola Analytic Multi-Curve Drift-Freeze	5.4756388440E-01	6.0001323330E-01	1.7129912500E-01	1.6961215413E-01	3.8362370916E-01	?	3.8799910776E-01	0.0000000000E00	6.5016656060E-07	5.3019668234E-02	1.9997457827E00	1.9997461742E00	1.9970943655E00	?	1.9974077771E00	1.9990263656E00	1.9990263655E00	1.9989977375E00	1.4617045934E-01	1.4648096912E-01	1.0545591752E-01	1.0476007285E-01	1.0001701017E-01	1.9981375319E00	1.9981193070E00	1.9912580472E00	1.9913287827E00	1.9910061730E00	1.4685327527E00	1.0257395313E00	8.2452315934E-01	8.3918603782E-01	2.0046593266E00	8.2452500979E-01	2.0046576566E00	2.0005142565E00	2.0046586536E00	2.0005135108E00	1.2195088076E00	
Caplet Vola Analytic Multi-Curve Integrated-Expectation	5.4756382045E-01	6.0001317039E-01	1.7129874040E-01	1.6961176961E-01	3.8362352609E-01	?	3.8799853025E-01	6.5016656060E-07	0.0000000000E00	5.3019458001E-02	1.9997457828E00	1.9997461742E00	1.9970943657E00	?	1.9974077773E00	1.9990263656E00	1.9990263655E00	1.9989977376E00	1.4616997598E-01	1.4648048727E-01	1.0545604748E-01	1.0476008111E-01	1.0001677640E-01	1.9981375321E00	1.9981193071E00	1.9912580478E00	1.9913287833E00	1.9910061737E00	1.4685327846E00	1.0257395823E00	8.2452310196E-01	8.3918598086E-01	2.0046593263E00	8.2452495240E-01	2.0046576563E00	2.0005142565E00	2.0046586532E00	2.0005135108E00	1.2195088510E00	
Caplet Vola Monte-Carlo Multi-Curve	5.0405660815E-01	5.5718726639E-01	1.1672604667E-01	1.1508149615E-01	3.2512756013E-01	?	4.1001265582E-01	5.3019668234E-02	5.3019458001E-02	0.0000000000E00	1.9997573908E00	1.9997577644E00	1.9972269588E00	?	1.9975260773E00	1.9990708161E00	1.9990708160E00	1.9990434947E00	1.1021371716E-01	1.0621970974E-01	1.2770433267E-01	1.2656712256E-01	9.1644613683E-02	1.9982225434E00	1.9982051499E00	1.9916564141E00	1.9917239329E00	1.9914159931E00	1.4897059769E00	1.0597713935E00	7.8535658461E-01	8.0030051197E-01	2.0044463228E00	7.8535847020E-01	2.0044447292E00	2.0004907702E00	2.0044456806E00	2.0004900586E00	1.2484533235E00	
Caplet Value Analytic Single-Curve	1.9998550598E00	1.9998631118E00	1.9997439483E00	1.9997439760E00	1.9997691498E00	?	1.9997336557E00	1.9997457827E00	1.9997457828E00	1.9997573908E00	0.0000000000E00	5.4455188451E-03	1.6783870809E00	?	1.6518933707E00	1.1719488754E00	1.1719489338E00	1.1908207854E00	1.9997373417E00	1.9997390174E00	1.9997395638E00	1.9997371223E00	1.9997489809E00	1.5459485991E00	1.5498363928E00	1.8871995526E00	1.8863035791E00	1.8902786312E00	1.9983414758E00	1.9992105886E00	1.9998941989E00	1.9998960582E00	-2.6502003054E00	1.9998941992E00	-2.6520335130E00	-2.1480635818E01	-2.6510948982E00	-2.1530836217E01	1.9989515677E00	
Caplet Value Monte-Carlo Single-Curve	1.9998552830E00	1.9998633226E00	1.9997443426E00	1.9997443702E00	1.9997695053E00	?	1.9997340659E00	1.9997461742E00	1.9997461742E00	1.9997577644E00	5.4455188451E-03	0.0000000000E00	1.6788425988E00	?	1.6514018970E00	1.1729604143E00	1.1729604726E00	1.1918151444E00	1.9997377461E00	1.9997394192E00	1.9997399649E00	1.9997375271E00	1.9997493674E00	1.5465991048E00	1.5504820542E00	1.8873683739E00	1.8864737022E00	1.8904429742E00	1.9983440289E00	1.9992118041E00	1.9998943619E00	1.9998962183E00	-2.6502045832E00	1.9998943621E00	-2.6520376293E00	-2.1452763386E01	-2.6510990971E00	-2.1502808034E01	1.9989531819E00	
Caplet Value Analytic Multi-Curve Fenton-Wilkinson	1.9983429006E00	1.9984349256E00	1.9970734127E00	1.9970737284E00	1.9973612840E00	?	1.9969558531E00	1.9970943655E00	1.9970943657E00	1.9972269588E00	1.6783870809E00	1.6788425988E00	0.0000000000E00	?	1.1409043037E-01	9.9642731518E-01	9.9642724832E-01	9.7447882390E-01	1.9969979523E00	1.9970170916E00	1.9970233333E00	1.9969954466E00	1.9971308955E00	1.2905445531E00	1.2916124709E00	1.0590155724E00	1.0533229178E00	1.0791120327E00	1.9811126798E00	1.9909898160E00	1.9987902541E00	1.9988115079E00	-9.3932951310E00	1.9987902568E00	-9.4043373048E00	4.1818485692E00	-9.3980801966E00	4.1790837449E00	1.9880414684E00	
Caplet Value Analytic Multi-Curve Ju	?	?	?	?	?	?	?	?	?	?	?	?	?	?	?	?	?	?	?	?	?	?	?	?	?	?	?	?	?	?	?	?	?	?	?	?	?	?	?	
Caplet Value Analytic Multi-Curve Ho	1.9985216907E00	1.9986037904E00	1.9973890829E00	1.9973893646E00	1.9976459218E00	?	1.9972841950E00	1.9974077771E00	1.9974077773E00	1.9975260773E00	1.6518933707E00	1.6514018970E00	1.1409043037E-01	?	0.0000000000E00	1.0028198655E00	1.0028199797E00	1.0143037958E00	1.9973217564E00	1.9973388327E00	1.9973444016E00	1.9973195208E00	1.9974403694E00	1.3736210890E00	1.3749128855E00	1.1402605827E00	1.1349211205E00	1.1591296631E00	1.9831426603E00	1.9919603607E00	1.9989207908E00	1.9989397519E00	-7.9187396375E00	1.9989207932E00	-7.9269212582E00	4.8130659867E00	-7.9223684785E00	4.8097259752E00	1.9893287493E00	
Caplet Value Analytic Multi-Curve Drift-Freeze	1.9994448462E00	1.9994756840E00	1.9990193412E00	1.9990194470E00	1.9991158452E00	?	1.9989799286E00	1.9990263656E00	1.9990263656E00	1.9990708161E00	1.1719488754E00	1.1729604143E00	9.9642731518E-01	?	1.0028198655E00	0.0000000000E00	4.3945037092E-07	3.5636636087E-02	1.9989940428E00	1.9990004594E00	1.9990025519E00	1.9989932027E00	1.9990386120E00	1.0574004330E00	1.0623644261E00	1.5998461878E00	1.5969044536E00	1.6099820631E00	1.9936542724E00	1.9969777537E00	1.9995947467E00	1.9996018679E00	-3.4658407256E00	1.9995947476E00	-3.4683926976E00	1.4066375943E01	-3.4670290190E00	1.4036301286E01	1.9959868322E00	
Caplet Value Analytic Multi-Curve Integrated-Expectation	1.9994448461E00	1.9994756840E00	1.9990193411E00	1.9990194469E00	1.9991158451E00	?	1.9989799285E00	1.9990263655E00	1.9990263655E00	1.9990708160E00	1.1719489338E00	1.1729604726E00	9.9642724832E-01	?	1.0028199797E00	4.3945037092E-07	0.0000000000E00	3.5636401657E-02	1.9989940427E00	1.9990004593E00	1.9990025519E00	1.9989932027E00	1.9990386120E00	1.0574002694E00	1.0623642634E00	1.5998461558E00	1.5969044213E00	1.6099820318E00	1.9936542718E00	1.9969777534E00	1.9995947466E00	1.9996018679E00	-3.4658406534E00	1.9995947475E00	-3.4683926255E00	1.4066372362E01	-3.4670289468E00	1.4036297717E01	1.9959868318E00	
Caplet Value Monte-Carlo Multi-Curve	1.9994285211E00	1.9994602656E00	1.9989905066E00	1.9989906156E00	1.9990898475E00	?	1.9989499355E00	1.9989977375E00	1.9989977376E00	1.9990434947E00	1.1908207854E00	1.1918151444E00	9.7447882390E-01	?	1.0143037958E00	3.5636636087E-02	3.5636401657E-02	0.0000000000E00	1.9989644646E00	1.9989710698E00	1.9989732239E00	1.9989635998E00	1.9990103440E00	1.0315556295E00	1.0366337946E00	1.5892857978E00	1.5862753512E00	1.5996594190E00	1.9934679451E00	1.9968889365E00	1.9995828291E00	1.9995901598E00	-3.4743154291E00	1.9995828301E00	-3.4768912972E00	1.3097094954E01	-3.4755146041E00	1.3070259129E01	1.9958689241E00	
Swaption Vola Analytic Single-Curve	5.7764504553E-01	6.2959246031E-01	7.9302768319E-02	8.0430615599E-02	3.1496231634E-01	?	3.6867116189E-01	1.4617045934E-01	1.4616997598E-01	1.1021371716E-01	1.9997373417E00	1.9997377461E00	1.9969979523E00	?	1.9973217564E00	1.9989940428E00	1.9989940427E00	1.9989644646E00	0.0000000000E00	6.8875696208E-03	1.3773402205E-01	1.3627748932E-01	1.0011457185E-01	1.9980757159E00	1.9980568863E00	1.9909684140E00	1.9910414878E00	1.9907082144E00	1.4532967190E00	1.0014639446E00	8.5145431179E-01	8.6591613543E-01	2.0048142322E00	8.5145613708E-01	2.0048125066E00	2.0005313354E00	2.0048135367E00	2.0005305649E00	1.1987828650E00	
Swaption Vola Monte-Carlo Single-Curve	5.7177295454E-01	6.2382033177E-01	7.3979793382E-02	7.5104367315E-02	3.0972782392E-01	?	3.7290892459E-01	1.4648096912E-01	1.4648048727E-01	1.0621970974E-01	1.9997390174E00	1.9997394192E00	1.9970170916E00	?	1.9973388327E00	1.9990004594E00	1.9990004593E00	1.9989710698E00	6.8875696208E-03	0.0000000000E00	1.3942296324E-01	1.3832931236E-01	1.0171735481E-01	1.9980879873E00	1.9980692777E00	1.9910259078E00	1.9910985175E00	1.9907673607E00	1.4563106747E00	1.0062520263E00	8.4620663759E-01	8.6070813653E-01	2.0047834798E00	8.4620846785E-01	2.0047817652E00	2.0005279449E00	2.0047827888E00	2.0005271794E00	1.2028760632E00	
Swaption Vola Analytic Multi-Curve Drift-Freeze	5.6984746796E-01	6.2192741421E-01	1.8681529363E-01	1.8490693303E-01	3.6394754645E-01	?	3.7442459314E-01	1.0545591752E-01	1.0545604748E-01	1.2770433267E-01	1.9997395638E00	1.9997399649E00	1.9970233333E00	?	1.9973444016E00	1.9990025519E00	1.9990025519E00	1.9989732239E00	1.3773402205E-01	1.3942296324E-01	0.0000000000E00	1.2070477938E-02	3.9678091699E-02	1.9980919892E00	1.9980733188E00	1.9910446579E00	1.9911171162E00	1.9907866497E00	1.4572947147E00	1.0078168058E00	8.4448489760E-01	8.5899936125E-01	2.0047734510E00	8.4448672948E-01	2.0047717401E00	2.0005268392E00	2.0047727615E00	2.0005260753E00	1.2042131906E00	
Swaption Vola Analytic Multi-Curve Integrated-Expectation	5.7841025612E-01	6.3034457375E-01	1.9009915528E-01	1.8855538455E-01	3.6950584542E-01	?	3.6919119383E-01	1.0476007285E-01	1.0476008111E-01	1.2656712256E-01	1.9997371223E00	1.9997375271E00	1.9969954466E00	?	1.9973195208E00	1.9989932027E00	1.9989932027E00	1.9989635998E00	1.3627748932E-01	1.3832931236E-01	1.2070477938E-02	0.0000000000E00	4.6381820130E-02	1.9980741093E00	1.9980552640E00	1.9909608870E00	1.9910340216E00	1.9907004710E00	1.4529025164E00	1.0008382104E00	8.5213781373E-01	8.6659445195E-01	2.0048182584E00	8.5213963837E-01	2.0048165313E00	2.0005317792E00	2.0048175623E00	2.0005310081E00	1.1982477515E00	
Swaption Vola Monte-Carlo Multi-Curve	5.3583177203E-01	5.8847004422E-01	1.4670864155E-01	1.4486573698E-01	3.2295820259E-01	?	3.5784170123E-01	1.0001701017E-01	1.0001677640E-01	9.1644613683E-02	1.9997489809E00	1.9997493674E00	1.9971308955E00	?	1.9974403694E00	1.9990386120E00	1.9990386120E00	1.9990103440E00	1.0011457185E-01	1.0171735481E-01	3.9678091699E-02	4.6381820130E-02	0.0000000000E00	1.9981609531E00	1.9981429572E00	1.9913677936E00	1.9914376430E00	1.9911190745E00	1.4743405178E00	1.0350398887E00	8.1398669619E-01	8.2872650424E-01	2.0046006395E00	8.1398855626E-01	2.0045989906E00	2.0005077857E00	2.0045999750E00	2.0005070494E00	1.2274317267E00	
Swaption Value Analytic Single-Curve	1.9989379432E00	1.9989969316E00	1.9981240980E00	1.9981243004E00	1.9983086632E00	?	1.9980487233E00	1.9981375319E00	1.9981375321E00	1.9982225434E00	1.5459485991E00	1.5465991048E00	1.2905445531E00	?	1.3736210890E00	1.0574004330E00	1.0574002694E00	1.0315556295E00	1.9980757159E00	1.9980879873E00	1.9980919892E00	1.9980741093E00	1.9981609531E00	0.0000000000E00	9.8621762023E-03	1.2984716696E00	1.2937490464E00	1.3147882921E00	1.9878761080E00	1.9942214390E00	1.9992246892E00	1.9992383119E00	-4.8553499239E00	1.9992246909E00	-4.8574713141E00	4.4699157568E00	-4.8565656079E00	4.4688906905E00	1.9923285230E00	
Swaption Value Monte-Carlo Single-Curve	1.9989275485E00	1.9989871141E00	1.9981057416E00	1.9981059460E00	1.9982921121E00	?	1.9980296297E00	1.9981193070E00	1.9981193071E00	1.9982051499E00	1.5498363928E00	1.5504820542E00	1.2916124709E00	?	1.3749128855E00	1.0623644261E00	1.0623642634E00	1.0366337946E00	1.9980568863E00	1.9980692777E00	1.9980733188E00	1.9980552640E00	1.9981429572E00	9.8621762023E-03	0.0000000000E00	1.2928179356E00	1.2880654669E00	1.3092385183E00	1.9877577784E00	1.9941649494E00	1.9992171004E00	1.9992308564E00	-4.9001052008E00	1.9992171021E00	-4.9022674717E00	4.4357898795E00	-4.9013397286E00	4.4347970764E00	1.9922535647E00	
Swaption Value Analytic Multi-Curve Drift-Freeze	1.9950112859E00	1.9952881102E00	1.9911951008E00	1.9911960493E00	1.9920600387E00	?	1.9908419534E00	1.9912580472E00	1.9912580478E00	1.9916564141E00	1.8871995526E00	1.8873683739E00	1.0590155724E00	?	1.1402605827E00	1.5998461878E00	1.5998461558E00	1.5892857978E00	1.9909684140E00	1.9910259078E00	1.9910446579E00	1.9909608870E00	1.9913677936E00	1.2984716696E00	1.2928179356E00	0.0000000000E00	8.7588429199E-03	2.9912164768E-02	1.9436279433E00	1.9729746762E00	1.9963572288E00	1.9964211897E00	6.5659704451E00	1.9963572370E00	6.5626807860E00	2.3048773654E00	6.5648025618E00	2.3047712437E00	1.9641842465E00	
Swaption Value Analytic Multi-Curve Integrated-Expectation	1.9950516897E00	1.9953262746E00	1.9912663446E00	1.9912672853E00	1.9921242977E00	?	1.9909160481E00	1.9913287827E00	1.9913287833E00	1.9917239329E00	1.8863035791E00	1.8864737022E00	1.0533229178E00	?	1.1349211205E00	1.5969044536E00	1.5969044213E00	1.5862753512E00	1.9910414878E00	1.9910985175E00	1.9911171162E00	1.9910340216E00	1.9914376430E00	1.2937490464E00	1.2880654669E00	8.7588429199E-03	0.0000000000E00	3.6726924751E-02	1.9440786779E00	1.9731923580E00	1.9963867417E00	1.9964501848E00	6.6466810881E00	1.9963867497E00	6.6433002445E00	2.3075254553E00	6.6454792260E00	2.3074181701E00	1.9644720996E00	
Swaption Value Monte-Carlo Multi-Curve	1.9948674114E00	1.9951522096E00	1.9909414172E00	1.9909423929E00	1.9918312244E00	?	1.9905781190E00	1.9910061730E00	1.9910061737E00	1.9914159931E00	1.8902786312E00	1.8904429742E00	1.0791120327E00	?	1.1591296631E00	1.6099820631E00	1.6099820318E00	1.5996594190E00	1.9907082144E00	1.9907673607E00	1.9907866497E00	1.9907004710E00	1.9911190745E00	1.3147882921E00	1.3092385183E00	2.9912164768E-02	3.6726924751E-02	0.0000000000E00	1.9420236793E00	1.9721996887E00	1.9962521349E00	1.9963179394E00	6.2968167855E00	1.9962521433E00	6.2938207424E00	2.2921251493E00	6.2957581001E00	2.2920233044E00	1.9631595190E00	
Swaption Exercise Date	1.6786412714E00	1.6951338201E00	1.4652102507E00	1.4652602654E00	1.5149684121E00	?	1.4466855209E00	1.4685327527E00	1.4685327846E00	1.4897059769E00	1.9983414758E00	1.9983440289E00	1.9811126798E00	?	1.9831426603E00	1.9936542724E00	1.9936542718E00	1.9934679451E00	1.4532967190E00	1.4563106747E00	1.4572947147E00	1.4529025164E00	1.4743405178E00	1.9878761080E00	1.9877577784E00	1.9436279433E00	1.9440786779E00	1.9420236793E00	0.0000000000E00	1.1079136691E00	1.7602200302E00	1.7641855053E00	2.0306053356E00	1.7602205327E00	2.0305942949E00	2.0033585959E00	2.0306008860E00	2.0033537223E00	4.5404556167E-01	
Swaption Number Of Periods	1.3795891253E00	1.4089635427E00	1.0204306489E00	1.0205105024E00	1.2048194937E00	?	1.0821065019E00	1.0257395313E00	1.0257395823E00	1.0597713935E00	1.9992105886E00	1.9992118041E00	1.9909898160E00	?	1.9919603607E00	1.9969777537E00	1.9969777534E00	1.9968889365E00	1.0014639446E00	1.0062520263E00	1.0078168058E00	1.0008382104E00	1.0350398887E00	1.9942214390E00	1.9941649494E00	1.9729746762E00	1.9731923580E00	1.9721996887E00	1.1079136691E00	0.0000000000E00	1.5273294894E00	1.5346698716E00	2.0145059488E00	1.5273304187E00	2.0145007368E00	2.0015975477E00	2.0145038483E00	2.0015952305E00	8.7224669604E-01	
Numeraire Single-Curve	3.1219686517E-01	2.5619663354E-01	8.3048267483E-01	8.3039332809E-01	7.5139382179E-01	?	8.7153583649E-01	8.2452315934E-01	8.2452310196E-01	7.8535658461E-01	1.9998941989E00	1.9998943619E00	1.9987902541E00	?	1.9989207908E00	1.9995947467E00	1.9995947466E00	1.9995828291E00	8.5145431179E-01	8.4620663759E-01	8.4448489760E-01	8.5213781373E-01	8.1398669619E-01	1.9992246892E00	1.9992171004E00	1.9963572288E00	1.9963867417E00	1.9962521349E00	1.7602200302E00	1.5273294894E00	0.0000000000E00	1.7729819561E-02	2.0019377460E00	2.2454526767E-06	2.0019370519E00	2.0002140012E00	2.0019374663E00	2.0002136909E00	1.6334244765E00	
Discount Single-Curve	3.2947076358E-01	2.7361574054E-01	8.4510161030E-01	8.4501292466E-01	7.6643537393E-01	?	8.8570788397E-01	8.3918603782E-01	8.3918598086E-01	8.0030051197E-01	1.9998960582E00	1.9998962183E00	1.9988115079E00	?	1.9989397519E00	1.9996018679E00	1.9996018679E00	1.9995901598E00	8.6591613543E-01	8.6070813653E-01	8.5899936125E-01	8.6659445195E-01	8.2872650424E-01	1.9992383119E00	1.9992308564E00	1.9964211897E00	1.9964501848E00	1.9963179394E00	1.7641855053E00	1.5346698716E00	1.7729819561E-02	0.0000000000E00	2.0019036758E00	1.7727590389E-02	2.0019029939E00	2.0002102401E00	2.0019034010E00	2.0002099353E00	1.6392857356E00	
OIS Spot Rate Single-Curve	2.0026550805E00	2.0025074836E00	2.0046929895E00	2.0046924823E00	2.0042305743E00	?	2.0048818784E00	2.0046593266E00	2.0046593263E00	2.0044463228E00	-2.6502003054E00	-2.6502045832E00	-9.3932951310E00	?	-7.9187396375E00	-3.4658407256E00	-3.4658406534E00	-3.4743154291E00	2.0048142322E00	2.0047834798E00	2.0047734510E00	2.0048182584E00	2.0046006395E00	-4.8553499239E00	-4.9001052008E00	6.5659704451E00	6.6466810881E00	6.2968167855E00	2.0306053356E00	2.0145059488E00	2.0019377460E00	2.0019036758E00	-0.0000000000E00	2.0019377416E00	-8.8373238741E-04	-1.6020272120E00	-5.9965566798E-04	-1.6025468864E00	2.0192898350E00	
Numeraire Multi-Curve	3.1219904020E-01	2.5619882631E-01	8.3048451978E-01	8.3039517313E-01	7.5139573058E-01	?	8.7153763703E-01	8.2452500979E-01	8.2452495240E-01	7.8535847020E-01	1.9998941992E00	1.9998943621E00	1.9987902568E00	?	1.9989207932E00	1.9995947476E00	1.9995947475E00	1.9995828301E00	8.5145613708E-01	8.4620846785E-01	8.4448672948E-01	8.5213963837E-01	8.1398855626E-01	1.9992246909E00	1.9992171021E00	1.9963572370E00	1.9963867497E00	1.9962521433E00	1.7602205327E00	1.5273304187E00	2.2454526767E-06	1.7727590389E-02	2.0019377416E00	0.0000000000E00	2.0019370476E00	2.0002140007E00	2.0019374619E00	2.0002136904E00	1.6334252188E00	
OIS Spot Rate Multi-Curve	2.0026541294E00	2.0025065853E00	2.0046913074E00	2.0046908004E00	2.0042290581E00	?	2.0048801285E00	2.0046576566E00	2.0046576563E00	2.0044447292E00	-2.6520335130E00	-2.6520376293E00	-9.4043373048E00	?	-7.9269212582E00	-3.4683926976E00	-3.4683926255E00	-3.4768912972E00	2.0048125066E00	2.0047817652E00	2.0047717401E00	2.0048165313E00	2.0045989906E00	-4.8574713141E00	-4.9022674717E00	6.5626807860E00	6.6433002445E00	6.2938207424E00	2.0305942949E00	2.0145007368E00	2.0019370519E00	2.0019029939E00	-8.8373238741E-04	2.0019370476E00	-0.0000000000E00	-1.6018988692E00	-8.4422763169E-04	-1.6024186927E00	2.0192828958E00	
LIBOR Spot Rate Multi-Curve	2.0002931755E00	2.0002768869E00	2.0005179680E00	2.0005179121E00	2.0004669790E00	?	2.0005387932E00	2.0005142565E00	2.0005142565E00	2.0004907702E00	-2.1480635818E01	-2.1452763386E01	4.1818485692E00	?	4.8130659867E00	1.4066375943E01	1.4066372362E01	1.3097094954E01	2.0005313354E00	2.0005279449E00	2.0005268392E00	2.0005317792E00	2.0005077857E00	4.4699157568E00	4.4357898795E00	2.3048773654E00	2.3075254553E00	2.2921251493E00	2.0033585959E00	2.0015975477E00	2.0002140012E00	2.0002102401E00	-1.6020272120E00	2.0002140007E00	-1.6018988692E00	-0.0000000000E00	-1.6019754982E00	-1.5958123930E-02	2.0021221492E00	
OIS Forward Rate Multi-Curve	2.0026546972E00	2.0025071216E00	2.0046923116E00	2.0046918044E00	2.0042299632E00	?	2.0048811732E00	2.0046586536E00	2.0046586532E00	2.0044456806E00	-2.6510948982E00	-2.6510990971E00	-9.3980801966E00	?	-7.9223684785E00	-3.4670290190E00	-3.4670289468E00	-3.4755146041E00	2.0048135367E00	2.0047827888E00	2.0047727615E00	2.0048175623E00	2.0045999750E00	-4.8565656079E00	-4.9013397286E00	6.5648025618E00	6.6454792260E00	6.2957581001E00	2.0306008860E00	2.0145038483E00	2.0019374663E00	2.0019034010E00	-5.9965566798E-04	2.0019374619E00	-8.4422763169E-04	-1.6019754982E00	-0.0000000000E00	-1.6024952327E00	2.0192870384E00	
LIBOR Forward Rate Multi-Curve	2.0002927504E00	2.0002764854E00	2.0005172170E00	2.0005171611E00	2.0004663018E00	?	2.0005380119E00	2.0005135108E00	2.0005135108E00	2.0004900586E00	-2.1530836217E01	-2.1502808034E01	4.1790837449E00	?	4.8097259752E00	1.4036301286E01	1.4036297717E01	1.3070259129E01	2.0005305649E00	2.0005271794E00	2.0005260753E00	2.0005310081E00	2.0005070494E00	4.4688906905E00	4.4347970764E00	2.3047712437E00	2.3074181701E00	2.2920233044E00	2.0033537223E00	2.0015952305E00	2.0002136909E00	2.0002099353E00	-1.6025468864E00	2.0002136904E00	-1.6024186927E00	-1.5958123930E-02	-1.6024952327E00	-0.0000000000E00	2.0021190707E00	
Time	1.5142792931E00	1.5381480678E00	1.2149818577E00	1.2150499732E00	1.2853237253E00	?	1.1898159575E00	1.2195088076E00	1.2195088510E00	1.2484533235E00	1.9989515677E00	1.9989531819E00	1.9880414684E00	?	1.9893287493E00	1.9959868322E00	1.9959868318E00	1.9958689241E00	1.1987828650E00	1.2028760632E00	1.2042131906E00	1.1982477515E00	1.2274317267E00	1.9923285230E00	1.9922535647E00	1.9641842465E00	1.9644720996E00	1.9631595190E00	4.5404556167E-01	8.7224669604E-01	1.6334244765E00	1.6392857356E00	2.0192898350E00	1.6334252188E00	2.0192828958E00	2.0021221492E00	2.0192870384E00	2.0021190707E00	0.0000000000E00	
