Component1	Component2	Correlation
0	0	1.0000000000000007
0	1	0.9997679102910988
0	2	0.997098387285902
0	3	0.9864393846695865
0	4	0.9597634392601682
0	5	0.910181825797834
0	6	0.8377517560079593
0	7	0.7520297234588342
0	8	0.6671633411246936
0	9	0.5944908197328103
0	10	0.5392650072439883
0	11	0.501372451658576
0	12	0.4772169348132568
0	13	0.46180836283822163
0	14	0.45100540195984756
0	15	0.44270438678605906
0	16	0.43595270015511073
0	17	0.4291125112542362
0	18	0.4188042863221943
0	19	0.4007155357299794
0	20	0.37274126567748683
0	21	0.3381659735598066
0	22	0.30447578806839265
0	23	0.27863062098238556
0	24	0.2638633554554445
0	25	0.2591342157166291
0	26	0.2602178441154251
0	27	0.26291397314717596
0	28	0.2659678884230357
0	29	0.2692879515531178
0	30	0.26946682324912885
0	31	0.25851716709604544
0	32	0.23316447116494218
0	33	0.20548602636789232
0	34	0.19143803528072256
0	35	0.19406355323701563
0	36	0.19778564770589963
0	37	0.19852946035940636
0	38	0.2048428005554823
0	39	0.126037573575964
0	40	0.6000000000000002
0	41	0.5998607461746592
0	42	0.5982590323715413
0	43	0.5918636308017516
0	44	0.5758580635561009
0	45	0.5461090954787003
0	46	0.5026510536047756
0	47	0.45121783407530064
0	48	0.40029800467481613
0	49	0.3566944918396861
0	50	0.32355900434639295
0	51	0.30082347099514556
0	52	0.28633016088795404
0	53	0.2770850177029328
0	54	0.2706032411759085
0	55	0.26562263207163544
0	56	0.26157162009306645
0	57	0.2574675067525417
0	58	0.25128257179331664
0	59	0.24042932143798765
0	60	0.2236447594064921
0	61	0.20289958413588396
0	62	0.18268547284103553
0	63	0.16717837258943136
0	64	0.15831801327326667
0	65	0.15548052942997742
0	66	0.15613070646925506
0	67	0.1577483838883056
0	68	0.15958073305382148
0	69	0.1615727709318707
0	70	0.16168009394947733
0	71	0.15511030025762723
0	72	0.13989868269896527
0	73	0.1232916158207354
0	74	0.11486282116843351
0	75	0.1164381319422094
0	76	0.11867138862353979
0	77	0.11911767621564384
0	78	0.1229056803332894
0	79	0.07562254414557842
1	0	0.9997679102910988
1	1	1.0000000000000004
1	2	0.9984806852419288
1	3	0.9896370670105072
1	4	0.965338508783918
1	5	0.9184386577921719
1	6	0.848597782025792
1	7	0.7649825024000049
1	8	0.6815056815220375
1	9	0.6094268260119708
1	10	0.5539784101155822
1	11	0.5150238100989756
1	12	0.48898098593852596
1	13	0.4710216825978523
1	14	0.4573658701308352
1	15	0.44635739694091653
1	16	0.4374019062695524
1	17	0.42906518736754373
1	18	0.4180522247466035
1	19	0.4000359371621591
1	20	0.3727577226639438
1	21	0.3391954261074558
1	22	0.30647238755654
1	23	0.2812458208834641
1	24	0.266530647316264
1	25	0.26115461225158626
1	26	0.2609351269918235
1	27	0.2619797371535199
1	28	0.26346854298005573
1	29	0.26565409967216974
1	30	0.26538291494720784
1	31	0.2548614942177983
1	32	0.23066975835845088
1	33	0.204235214965924
1	34	0.19081427188531097
1	35	0.1929590215290897
1	36	0.19517268794918327
1	37	0.19439018854854206
1	38	0.20021975321167113
1	39	0.12467319170240591
1	40	0.5998607461746592
1	41	0.6000000000000005
1	42	0.5990884111451574
1	43	0.5937822402063042
1	44	0.5792031052703509
1	45	0.5510631946753031
1	46	0.5091586692154751
1	47	0.4589895014400028
1	48	0.4089034089132225
1	49	0.3656560956071825
1	50	0.3323870460693494
1	51	0.3090142860593855
1	52	0.29338859156311564
1	53	0.2826130095587113
1	54	0.2744195220785011
1	55	0.2678144381645499
1	56	0.26244114376173133
1	57	0.25743911242052625
1	58	0.25083133484796205
1	59	0.2400215622972955
1	60	0.2236546335983662
1	61	0.20351725566447337
1	62	0.183883432533924
1	63	0.16874749253007842
1	64	0.15991838838975841
1	65	0.15669276735095175
1	66	0.15656107619509407
1	67	0.15718784229211197
1	68	0.1580811257880335
1	69	0.15939245980330177
1	70	0.15922974896832476
1	71	0.1529168965306789
1	72	0.13840185501507055
1	73	0.1225411289795544
1	74	0.11448856313118648
1	75	0.11577541291745384
1	76	0.11710361276951001
1	77	0.11663411312912522
1	78	0.12013185192700267
1	79	0.07480391502144354
2	0	0.997098387285902
2	1	0.9984806852419288
2	2	0.9999999999999993
2	3	0.9960402277185452
2	4	0.9782224661594319
2	5	0.9387410202864094
2	6	0.8762063856511236
2	7	0.7987274641894844
2	8	0.7195622760446186
2	9	0.6497421748124023
2	10	0.5944410161117889
2	11	0.5534549400811832
2	12	0.5232129795624468
2	13	0.4992654169441392
2	14	0.47874185874480196
2	15	0.4611610556313059
2	16	0.4469055268481328
2	17	0.43511411600807126
2	18	0.42271930389277435
2	19	0.40531606279950316
2	20	0.3801883004561249
2	21	0.3495046968968397
2	22	0.31950811647917476
2	23	0.2961555299240701
2	24	0.2819295031615964
2	25	0.2752491128190849
2	26	0.27191122210573965
2	27	0.2687667137989341
2	28	0.26624171731901075
2	29	0.26565202282016315
2	30	0.26452660277698653
2	31	0.2553548312667248
2	32	0.23410423857293014
2	33	0.21071396806524617
2	34	0.1990333229056842
2	35	0.20023419052557834
2	36	0.19819055985707437
2	37	0.19283394669829396
2	38	0.19781602335584736
2	39	0.12833085835089497
2	40	0.5982590323715414
2	41	0.5990884111451574
2	42	0.5999999999999995
2	43	0.5976241366311272
2	44	0.5869334796956591
2	45	0.5632446121718456
2	46	0.5257238313906742
2	47	0.4792364785136907
2	48	0.4317373656267711
2	49	0.38984530488744135
2	50	0.35666460966707336
2	51	0.33207296404871
2	52	0.3139277877374681
2	53	0.2995592501664834
2	54	0.28724511524688123
2	55	0.27669663337878353
2	56	0.26814331610887954
2	57	0.2610684696048428
2	58	0.25363158233566463
2	59	0.24318963767970186
2	60	0.22811298027367488
2	61	0.20970281813810387
2	62	0.19170486988750485
2	63	0.17769331795444218
2	64	0.16915770189695792
2	65	0.1651494676914509
2	66	0.1631467332634438
2	67	0.16126002827936048
2	68	0.15974503039140636
2	69	0.15939121369209788
2	70	0.15871596166619198
2	71	0.15321289876003488
2	72	0.14046254314375808
2	73	0.12642838083914773
2	74	0.11941999374341049
2	75	0.12014051431534706
2	76	0.11891433591424459
2	77	0.1157003680189764
2	78	0.1186896140135084
2	79	0.07699851501053699
3	0	0.9864393846695865
3	1	0.9896370670105072
3	2	0.9960402277185452
3	3	0.9999999999999996
3	4	0.9927961671140633
3	5	0.9656167799641627
3	6	0.9153934773821373
3	7	0.8484794678642462
3	8	0.7769929900972498
3	9	0.7115293969878292
3	10	0.6571365365216405
3	11	0.6134968815598347
3	12	0.5770573669994377
3	13	0.543968947703636
3	14	0.5128099022172067
3	15	0.48498204088472235
3	16	0.4624484362687271
3	17	0.44528952270843375
3	18	0.43082375085941166
3	19	0.4145346959002139
3	20	0.39297919978312074
3	21	0.3670345051631506
3	22	0.3415428284189466
3	23	0.32135156533537074
3	24	0.30809480644809656
3	25	0.2995218732279799
3	26	0.2913624949600455
3	27	0.2816340716589007
3	28	0.27277449532959236
3	29	0.26783922502034074
3	30	0.26545970957610177
3	31	0.25853234981487216
3	32	0.24199567017874557
3	33	0.22346243794968082
3	34	0.21463819943536697
3	35	0.21446690388010436
3	36	0.2055962226978955
3	37	0.19282669867715904
3	38	0.1966111216637718
3	39	0.13616738324832672
3	40	0.5918636308017516
3	41	0.5937822402063042
3	42	0.5976241366311272
3	43	0.5999999999999998
3	44	0.5956777002684379
3	45	0.5793700679784975
3	46	0.5492360864292823
3	47	0.5090876807185478
3	48	0.4661957940583498
3	49	0.42691763819269773
3	50	0.3942819219129844
3	51	0.3680981289359007
3	52	0.34623442019966255
3	53	0.32638136862218153
3	54	0.30768594133032406
3	55	0.29098922453083337
3	56	0.27746906176123626
3	57	0.2671737136250603
3	58	0.25849425051564695
3	59	0.24872081754012834
3	60	0.2357875198698725
3	61	0.22022070309789032
3	62	0.20492569705136798
3	63	0.19281093920122241
3	64	0.1848568838688579
3	65	0.17971312393678793
3	66	0.1748174969760273
3	67	0.16898044299534037
3	68	0.16366469719775537
3	69	0.16070353501220452
3	70	0.1592758257456611
3	71	0.15511940988892325
3	72	0.14519740210724735
3	73	0.13407746276980848
3	74	0.12878291966122013
3	75	0.12868014232806269
3	76	0.12335773361873723
3	77	0.11569601920629544
3	78	0.11796667299826304
3	79	0.08170042994899603
4	0	0.9597634392601682
4	1	0.965338508783918
4	2	0.9782224661594319
4	3	0.9927961671140633
4	4	1.0000000000000002
4	5	0.989794438898493
4	6	0.9569069196117577
4	7	0.9052605570673676
4	8	0.8452953049482264
4	9	0.7868916464710736
4	10	0.7348640428754809
4	11	0.6887302426703186
4	12	0.6449626295083509
4	13	0.6004991942314901
4	14	0.5558164440726453
4	15	0.5147967019329049
4	16	0.4815050302720895
4	17	0.4572981854571379
4	18	0.4400489341579592
4	19	0.42514750961925285
4	20	0.4082460270115615
4	21	0.38855468447930686
4	22	0.36907580423301445
4	23	0.3531846782461922
4	24	0.3413900789741048
4	25	0.3305559581726996
4	26	0.316308190653995
4	27	0.29816058815080576
4	28	0.2811557380627113
4	29	0.2706171122398909
4	30	0.2666262621730859
4	31	0.26262923012261047
4	32	0.2522458166699335
4	33	0.24007528475182244
4	34	0.23504182364317774
4	35	0.233192168450637
4	36	0.21554403442512884
4	37	0.1932039957412801
4	38	0.1955060010480739
4	39	0.1467071448879677
4	40	0.5758580635561009
4	41	0.5792031052703509
4	42	0.5869334796956591
4	43	0.5956777002684379
4	44	0.6000000000000002
4	45	0.5938766633390957
4	46	0.5741441517670546
4	47	0.5431563342404205
4	48	0.5071771829689358
4	49	0.4721349878826441
4	50	0.4409184257252887
4	51	0.413238145602191
4	52	0.3869775777050105
4	53	0.3602995165388941
4	54	0.33348986644358725
4	55	0.3088780211597429
4	56	0.2889030181632537
4	57	0.2743789112742828
4	58	0.2640293604947755
4	59	0.2550885057715517
4	60	0.24494761620693684
4	61	0.23313281068758412
4	62	0.22144548253980872
4	63	0.21191080694771536
4	64	0.20483404738446293
4	65	0.19833357490361975
4	66	0.18978491439239706
4	67	0.17889635289048353
4	68	0.1686934428376268
4	69	0.1623702673439345
4	70	0.1599757573038515
4	71	0.15757753807356625
4	72	0.15134749000196013
4	73	0.14404517085109345
4	74	0.14102509418590672
4	75	0.13991530107038216
4	76	0.12932642065507732
4	77	0.1159223974447681
4	78	0.11730360062884432
4	79	0.08802428693278062
5	0	0.910181825797834
5	1	0.9184386577921719
5	2	0.9387410202864094
5	3	0.9656167799641627
5	4	0.989794438898493
5	5	1.0
5	6	0.9884826213456648
5	7	0.9562393986475506
5	8	0.9115422269754895
5	9	0.8632477326941742
5	10	0.8158005529446686
5	11	0.7685008325404732
5	12	0.7178357314747953
5	13	0.6616034257225093
5	14	0.6023905091884662
5	15	0.5468738191401362
5	16	0.5015247737675629
5	17	0.46920015169758006
5	18	0.44847319567747584
5	19	0.43472342125738117
5	20	0.4226922422825081
5	21	0.4097992735064756
5	22	0.39700654425225274
5	23	0.38602195312449716
5	24	0.376074723974052
5	25	0.36302892636386297
5	26	0.3423671528763169
5	27	0.3152001694503386
5	28	0.2893844606488753
5	29	0.2727149028171624
5	30	0.2668812764136437
5	31	0.2659890134481523
5	32	0.26228737653253403
5	33	0.2570957422533102
5	34	0.2562664804625687
5	35	0.25269212627660714
5	36	0.2256525389573092
5	37	0.19303458417525715
5	38	0.1937372317681439
5	39	0.15773382732586103
5	40	0.5461090954787003
5	41	0.5510631946753031
5	42	0.5632446121718456
5	43	0.5793700679784975
5	44	0.5938766633390956
5	45	0.6
5	46	0.5930895728073987
5	47	0.5737436391885302
5	48	0.5469253361852936
5	49	0.5179486396165045
5	50	0.4894803317668011
5	51	0.46110049952428384
5	52	0.4307014388848771
5	53	0.39696205543350566
5	54	0.3614343055130798
5	55	0.3281242914840819
5	56	0.30091486426053754
5	57	0.2815200910185481
5	58	0.26908391740648546
5	59	0.2608340527544287
5	60	0.25361534536950503
5	61	0.24587956410388537
5	62	0.23820392655135159
5	63	0.23161317187469832
5	64	0.2256448343844312
5	65	0.2178173558183177
5	66	0.2054202917257902
5	67	0.18912010167020318
5	68	0.1736306763893252
5	69	0.16362894169029749
5	70	0.16012876584818617
5	71	0.15959340806889136
5	72	0.15737242591952044
5	73	0.15425744535198616
5	74	0.15375988827754125
5	75	0.15161527576596429
5	76	0.13539152337438545
5	77	0.11582075050515432
5	78	0.11624233906088632
5	79	0.09464029639551665
6	0	0.8377517560079593
6	1	0.848597782025792
6	2	0.8762063856511236
6	3	0.9153934773821373
6	4	0.9569069196117577
6	5	0.9884826213456648
6	6	1.0
6	7	0.9894078313207414
6	8	0.9625442822421054
6	9	0.9270065308591984
6	10	0.886745485320735
6	11	0.8407950384365048
6	12	0.7856000313841892
6	13	0.7196946077595666
6	14	0.6476054831281081
6	15	0.5786726312887054
6	16	0.521732800689298
6	17	0.4811731724551235
6	18	0.45634108047628236
6	19	0.44273619795161956
6	20	0.43440415310421654
6	21	0.4272328905905106
6	22	0.420346992544327
6	23	0.41389338622673033
6	24	0.4058780577114046
6	25	0.391198145949255
6	26	0.3651282225666108
6	27	0.33012316223361116
6	28	0.2965027515177872
6	29	0.27426494602925733
6	30	0.26656289775164005
6	31	0.2681578537675316
6	32	0.27018532488526964
6	33	0.27110689998136744
6	34	0.2740297731867941
6	35	0.269051672591437
6	36	0.23392424970827197
6	37	0.1923872495668445
6	38	0.19164362879673796
6	39	0.16693642569897388
6	40	0.5026510536047756
6	41	0.5091586692154751
6	42	0.5257238313906742
6	43	0.5492360864292822
6	44	0.5741441517670546
6	45	0.5930895728073987
6	46	0.6000000000000002
6	47	0.5936446987924449
6	48	0.5775265693452631
6	49	0.5562039185155192
6	50	0.5320472911924411
6	51	0.5044770230619029
6	52	0.4713600188305136
6	53	0.43181676465573987
6	54	0.38856328987686484
6	55	0.3472035787732233
6	56	0.31303968041357855
6	57	0.2887039034730741
6	58	0.2738046482857695
6	59	0.26564171877097165
6	60	0.2606424918625299
6	61	0.25633973435430635
6	62	0.2522081955265962
6	63	0.24833603173603816
6	64	0.24352683462684277
6	65	0.23471888756955292
6	66	0.21907693353996646
6	67	0.1980738973401667
6	68	0.17790165091067234
6	69	0.16455896761755442
6	70	0.15993773865098407
6	71	0.1608947122605189
6	72	0.16211119493116177
6	73	0.1626641399888205
6	74	0.16441786391207644
6	75	0.16143100355486223
6	76	0.14035454982496318
6	77	0.1154323497401067
6	78	0.11498617727804276
6	79	0.10016185541938431
7	0	0.7520297234588342
7	1	0.7649825024000049
7	2	0.7987274641894844
7	3	0.8484794678642462
7	4	0.9052605570673676
7	5	0.9562393986475506
7	6	0.9894078313207414
7	7	1.0
7	8	0.9915082771814314
7	9	0.9702142387678299
7	10	0.9395143110421253
7	11	0.8981349665035961
7	12	0.8423519956927267
7	13	0.7710850828077392
7	14	0.6902308263661058
7	15	0.6112103196746012
7	16	0.5448359132497931
7	17	0.4968474271337863
7	18	0.4673342441087874
7	19	0.452048641276316
7	20	0.4447390521824025
7	21	0.44040536575182554
7	22	0.436982484463215
7	23	0.43351092135904623
7	24	0.4270613851753789
7	25	0.41173447779509953
7	26	0.3824823691456582
7	27	0.34249208536190767
7	28	0.30366095066676196
7	29	0.2774736482933306
7	30	0.2680849361772677
7	31	0.27073290654472376
7	32	0.27595308860998513
7	33	0.2805080979689613
7	34	0.28579035887078114
7	35	0.2800662259909822
7	36	0.23995540593859455
7	37	0.19278408930577673
7	38	0.1910304276296266
7	39	0.1730431833860555
7	40	0.45121783407530064
7	41	0.4589895014400028
7	42	0.4792364785136907
7	43	0.5090876807185477
7	44	0.5431563342404205
7	45	0.5737436391885302
7	46	0.5936446987924449
7	47	0.6
7	48	0.5949049663088588
7	49	0.5821285432606979
7	50	0.5637085866252752
7	51	0.5388809799021577
7	52	0.5054111974156361
7	53	0.4626510496846435
7	54	0.41413849581966355
7	55	0.36672619180476085
7	56	0.32690154794987586
7	57	0.2981084562802718
7	58	0.2804005464652724
7	59	0.2712291847657896
7	60	0.26684343130944144
7	61	0.26424321945109525
7	62	0.26218949067792896
7	63	0.26010655281542777
7	64	0.2562368311052274
7	65	0.24704068667705967
7	66	0.2294894214873949
7	67	0.20549525121714463
7	68	0.18219657040005718
7	69	0.1664841889759984
7	70	0.16085096170636065
7	71	0.16243974392683425
7	72	0.16557185316599105
7	73	0.16830485878137683
7	74	0.17147421532246868
7	75	0.16803973559458932
7	76	0.14397324356315672
7	77	0.11567045358346609
7	78	0.11461825657777595
7	79	0.1038259100316333
8	0	0.6671633411246936
8	1	0.6815056815220375
8	2	0.7195622760446186
8	3	0.7769929900972498
8	4	0.8452953049482264
8	5	0.9115422269754895
8	6	0.9625442822421054
8	7	0.9915082771814314
8	8	1.0000000000000002
8	9	0.9931329698895192
8	10	0.9737715844183282
8	11	0.9402987470726654
8	12	0.8886240779878991
8	13	0.817526111577314
8	14	0.7334270075275102
8	15	0.6489593147802006
8	16	0.5763040535179731
8	17	0.5222362747768492
8	18	0.48745999575029736
8	19	0.468069606000811
8	20	0.45799700479640193
8	21	0.45224790475678533
8	22	0.4485430498845679
8	23	0.445540100881196
8	24	0.43983009860362476
8	25	0.4249635585617442
8	26	0.3953997057917202
8	27	0.35421288743413476
8	28	0.31367779713243377
8	29	0.285788587132347
8	30	0.27502440999950206
8	31	0.2767478235017341
8	32	0.28151867024481864
8	33	0.28607195717978756
8	34	0.2916452167418634
8	35	0.28600620800955606
8	36	0.24503106958791976
8	37	0.19658401886755628
8	38	0.19444466884259387
8	39	0.17624864886134392
8	40	0.40029800467481613
8	41	0.4089034089132225
8	42	0.4317373656267711
8	43	0.4661957940583498
8	44	0.5071771829689358
8	45	0.5469253361852936
8	46	0.5775265693452631
8	47	0.5949049663088588
8	48	0.6000000000000002
8	49	0.5958797819337117
8	50	0.5842629506509971
8	51	0.5641792482435992
8	52	0.5331744467927394
8	53	0.4905156669463884
8	54	0.44005620451650607
8	55	0.3893755888681204
8	56	0.34578243211078385
8	57	0.31334176486610943
8	58	0.2924759974501785
8	59	0.28084176360048657
8	60	0.27479820287784124
8	61	0.2713487428540712
8	62	0.26912582993074075
8	63	0.26732406052871754
8	64	0.2638980591621749
8	65	0.2549781351370465
8	66	0.23723982347503209
8	67	0.21252773246048084
8	68	0.18820667827946025
8	69	0.1714731522794082
8	70	0.16501464599970128
8	71	0.16604869410104048
8	72	0.16891120214689118
8	73	0.17164317430787251
8	74	0.17498713004511798
8	75	0.1716037248057336
8	76	0.1470186417527518
8	77	0.11795041132053377
8	78	0.11666680130555628
8	79	0.10574918931680635
9	0	0.5944908197328103
9	1	0.6094268260119708
9	2	0.6497421748124023
9	3	0.7115293969878292
9	4	0.7868916464710736
9	5	0.8632477326941742
9	6	0.9270065308591984
9	7	0.9702142387678299
9	8	0.9931329698895192
9	9	1.000000000000001
9	10	0.9932349230632435
9	11	0.9708438407913962
9	12	0.9281263731241658
9	13	0.8631002867845975
9	14	0.7817488435688442
9	15	0.6969369712810759
9	16	0.6215305137147494
9	17	0.5629647413142992
9	18	0.5223698128299649
9	19	0.4962125318174336
9	20	0.47908124398542856
9	21	0.46697321230546174
9	22	0.45853073657459803
9	23	0.45289624346090374
9	24	0.44671902016752324
9	25	0.43326721282833425
9	26	0.40630309423784977
9	27	0.3678694800797027
9	28	0.32933973189720595
9	29	0.3021723253222399
9	30	0.2904045905282687
9	31	0.28905067656464056
9	32	0.2892967730215872
9	33	0.2897218409256712
9	34	0.29321454070331865
9	35	0.28848413620160557
9	36	0.25094232635522473
9	37	0.20576898418041667
9	38	0.20393407705492642
9	39	0.17751207230286187
9	40	0.3566944918396861
9	41	0.36565609560718243
9	42	0.3898453048874414
9	43	0.4269176381926977
9	44	0.4721349878826441
9	45	0.5179486396165045
9	46	0.5562039185155192
9	47	0.5821285432606977
9	48	0.5958797819337116
9	49	0.6000000000000006
9	50	0.5959409538379462
9	51	0.5825063044748378
9	52	0.5568758238744993
9	53	0.5178601720707583
9	54	0.46904930614130663
9	55	0.41816218276864564
9	56	0.37291830822884964
9	57	0.3377788447885795
9	58	0.3134218876979789
9	59	0.2977275190904602
9	60	0.2874487463912571
9	61	0.280183927383277
9	62	0.27511844194475876
9	63	0.2717377460765422
9	64	0.26803141210051395
9	65	0.25996032769700045
9	66	0.24378185654270992
9	67	0.22072168804782172
9	68	0.19760383913832358
9	69	0.18130339519334399
9	70	0.1742427543169613
9	71	0.1734304059387843
9	72	0.17357806381295232
9	73	0.1738331045554027
9	74	0.17592872442199115
9	75	0.17309048172096342
9	76	0.15056539581313474
9	77	0.12346139050825002
9	78	0.12236044623295583
9	79	0.10650724338171712
10	0	0.5392650072439883
10	1	0.5539784101155822
10	2	0.5944410161117889
10	3	0.6571365365216405
10	4	0.7348640428754809
10	5	0.8158005529446686
10	6	0.886745485320735
10	7	0.9395143110421253
10	8	0.9737715844183282
10	9	0.9932349230632435
10	10	0.9999999999999999
10	11	0.9916729818534863
10	12	0.9626952486855488
10	13	0.9096893591480116
10	14	0.8372136472007944
10	15	0.7573642935068784
10	16	0.6829888498399614
10	17	0.6217857127467786
10	18	0.5750860950301082
10	19	0.5397026690582152
10	20	0.5112942744364947
10	21	0.4878131038576422
10	22	0.46998667818462253
10	23	0.4583555337099525
10	24	0.4501931576335237
10	25	0.43876135605005384
10	26	0.41693950989315415
10	27	0.38487502877891105
10	28	0.3518317364378971
10	29	0.3277294235437151
10	30	0.3153959025057442
10	31	0.3089700414111337
10	32	0.30076793916940614
10	33	0.29301964251081813
10	34	0.2920595180484113
10	35	0.28891420988253447
10	36	0.25873247029558155
10	37	0.22102438713738964
10	38	0.22016209081048538
10	39	0.17763548866872156
10	40	0.32355900434639295
10	41	0.3323870460693494
10	42	0.35666460966707336
10	43	0.3942819219129844
10	44	0.4409184257252887
10	45	0.4894803317668011
10	46	0.5320472911924411
10	47	0.5637085866252752
10	48	0.5842629506509971
10	49	0.5959409538379462
10	50	0.6000000000000001
10	51	0.5950037891120916
10	52	0.5776171492113292
10	53	0.5458136154888068
10	54	0.5023281883204768
10	55	0.454418576104127
10	56	0.40979330990397694
10	57	0.3730714276480673
10	58	0.34505165701806495
10	59	0.3238216014349291
10	60	0.30677656466189673
10	61	0.2926878623145853
10	62	0.2819920069107735
10	63	0.2750133202259715
10	64	0.2701158945801142
10	65	0.26325681363003234
10	66	0.25016370593589243
10	67	0.23092501726734668
10	68	0.2110990418627383
10	69	0.19663765412622902
10	70	0.18923754150344652
10	71	0.1853820248466802
10	72	0.1804607635016436
10	73	0.17581178550649085
10	74	0.17523571082904676
10	75	0.17334852592952077
10	76	0.1552394821773489
10	77	0.13261463228243375
10	78	0.1320972544862912
10	79	0.10658129320123297
11	0	0.501372451658576
11	1	0.5150238100989756
11	2	0.5534549400811832
11	3	0.6134968815598347
11	4	0.6887302426703186
11	5	0.7685008325404732
11	6	0.8407950384365048
11	7	0.8981349665035961
11	8	0.9402987470726654
11	9	0.9708438407913962
11	10	0.9916729818534863
11	11	0.9999999999999998
11	12	0.9892191342631511
11	13	0.953999319240468
11	14	0.8965464544877045
11	15	0.8272019629069326
11	16	0.758074084715127
11	17	0.6967018559222136
11	18	0.6443633833451632
11	19	0.5981331197705858
11	20	0.5550449082680009
11	21	0.515831469857531
11	22	0.4843641480095465
11	23	0.46344782349009156
11	24	0.45153531989767137
11	25	0.44217932144694133
11	26	0.4272878145221411
11	27	0.4044416298278969
11	28	0.37978713829410504
11	29	0.36082877119600165
11	30	0.34849353301978053
11	31	0.335540796020958
11	32	0.3157553697065163
11	33	0.2964816856827809
11	34	0.2890067960338607
11	35	0.2878364464052859
11	36	0.26807674583543517
11	37	0.24119920605833717
11	38	0.24188171402523798
11	39	0.1768728776876103
11	40	0.3008234709951456
11	41	0.3090142860593854
11	42	0.33207296404871
11	43	0.3680981289359007
11	44	0.413238145602191
11	45	0.46110049952428384
11	46	0.5044770230619029
11	47	0.5388809799021577
11	48	0.5641792482435991
11	49	0.5825063044748378
11	50	0.5950037891120916
11	51	0.5999999999999998
11	52	0.5935314805578906
11	53	0.5723995915442806
11	54	0.5379278726926228
11	55	0.4963211777441596
11	56	0.4548444508290762
11	57	0.41802111355332816
11	58	0.38661803000709777
11	59	0.35887987186235143
11	60	0.33302694496080054
11	61	0.3094988819145185
11	62	0.2906184888057279
11	63	0.2780686940940549
11	64	0.27092119193860276
11	65	0.2653075928681648
11	66	0.25637268871328467
11	67	0.24266497789673813
11	68	0.22787228297646298
11	69	0.21649726271760097
11	70	0.20909611981186843
11	71	0.20132447761257477
11	72	0.1894532218239098
11	73	0.1778890114096685
11	74	0.17340407762031637
11	75	0.17270186784317149
11	76	0.16084604750126105
11	77	0.14471952363500226
11	78	0.1451290284151428
11	79	0.10612372661256617
12	0	0.4772169348132568
12	1	0.48898098593852596
12	2	0.5232129795624468
12	3	0.5770573669994377
12	4	0.6449626295083509
12	5	0.7178357314747953
12	6	0.7856000313841892
12	7	0.8423519956927267
12	8	0.8886240779878991
12	9	0.9281263731241658
12	10	0.9626952486855488
12	11	0.9892191342631511
12	12	1.0
12	13	0.9874071488106146
12	14	0.950568424966223
12	15	0.8971920971895248
12	16	0.837939768770342
12	17	0.7797504002438023
12	18	0.7235747934641001
12	19	0.6665959248207988
12	20	0.6073270711344204
12	21	0.5497815457602544
12	22	0.5017172979109721
12	23	0.4688744063232536
12	24	0.45135842241746116
12	25	0.4433289234115333
12	26	0.43582543668344426
12	27	0.42358394474153604
12	28	0.40904326029290455
12	29	0.3966980686759884
12	30	0.3850881247332487
12	31	0.36521648001849677
12	32	0.33240230027381307
12	33	0.29982497364451516
12	34	0.28455520994730904
12	35	0.28528094195637477
12	36	0.277370791948269
12	37	0.26309705704674147
12	38	0.2656919553548612
12	39	0.17516864161238666
12	40	0.28633016088795404
12	41	0.2933885915631156
12	42	0.3139277877374681
12	43	0.34623442019966255
12	44	0.3869775777050105
12	45	0.4307014388848771
12	46	0.4713600188305136
12	47	0.5054111974156361
12	48	0.5331744467927393
12	49	0.5568758238744993
12	50	0.5776171492113292
12	51	0.5935314805578906
12	52	0.6000000000000001
12	53	0.5924442892863686
12	54	0.5703410549797339
12	55	0.5383152583137147
12	56	0.5027638612622052
12	57	0.46785024014628146
12	58	0.43414487607846
12	59	0.39995755489247914
12	60	0.3643962426806522
12	61	0.3298689274561525
12	62	0.30103037874658317
12	63	0.2813246437939521
12	64	0.2708150534504767
12	65	0.26599735404691993
12	66	0.26149526201006656
12	67	0.25415036684492165
12	68	0.2454259561757428
12	69	0.2380188412055931
12	70	0.23105287483994918
12	71	0.2191298880110981
12	72	0.1994413801642879
12	73	0.17989498418670907
12	74	0.1707331259683854
12	75	0.17116856517382487
12	76	0.16642247516896141
12	77	0.1578582342280449
12	78	0.1594151732129167
12	79	0.10510118496743198
13	0	0.46180836283822163
13	1	0.4710216825978523
13	2	0.4992654169441392
13	3	0.543968947703636
13	4	0.6004991942314901
13	5	0.6616034257225093
13	6	0.7196946077595666
13	7	0.7710850828077392
13	8	0.817526111577314
13	9	0.8631002867845975
13	10	0.9096893591480116
13	11	0.953999319240468
13	12	0.9874071488106146
13	13	0.9999999999999996
13	14	0.9875175124027408
13	15	0.9544623203880733
13	16	0.9094810566084415
13	17	0.8585164776507774
13	18	0.8019291694132116
13	19	0.736775659666131
13	20	0.6628392112975644
13	21	0.5873558479353974
13	22	0.5221332906356743
13	23	0.4761260192857771
13	24	0.4513680801166681
13	25	0.44290886427443843
13	26	0.44126893229996184
13	27	0.43866771818159556
13	28	0.4339539865400865
13	29	0.42853513985058056
13	30	0.41845595867291047
13	31	0.3928260943605478
13	32	0.3481609119306528
13	33	0.30302662291402505
13	34	0.2800192483014139
13	35	0.28193272763518523
13	36	0.2847334649158176
13	37	0.2822550035869962
13	38	0.2867898473918998
13	39	0.17288391587266844
13	40	0.277085017702933
13	41	0.2826130095587113
13	42	0.2995592501664833
13	43	0.32638136862218153
13	44	0.36029951653889414
13	45	0.39696205543350566
13	46	0.4318167646557399
13	47	0.46265104968464354
13	48	0.4905156669463884
13	49	0.5178601720707584
13	50	0.5458136154888068
13	51	0.5723995915442808
13	52	0.5924442892863687
13	53	0.5999999999999995
13	54	0.5925105074416445
13	55	0.5726773922328441
13	56	0.5456886339650648
13	57	0.5151098865904663
13	58	0.481157501647927
13	59	0.4420653957996785
13	60	0.3977035267785386
13	61	0.3524135087612384
13	62	0.3132799743814045
13	63	0.2856756115714662
13	64	0.2708208480700008
13	65	0.265745318564663
13	66	0.2647613593799771
13	67	0.26320063090895734
13	68	0.2603723919240518
13	69	0.2571210839103483
13	70	0.2510735752037463
13	71	0.23569565661632869
13	72	0.20889654715839165
13	73	0.181815973748415
13	74	0.16801154898084827
13	75	0.1691596365811112
13	76	0.17084007894949052
13	77	0.16935300215219773
13	78	0.17207390843513987
13	79	0.10373034952360106
14	0	0.45100540195984756
14	1	0.4573658701308352
14	2	0.47874185874480196
14	3	0.5128099022172067
14	4	0.5558164440726453
14	5	0.6023905091884662
14	6	0.6476054831281081
14	7	0.6902308263661058
14	8	0.7334270075275102
14	9	0.7817488435688442
14	10	0.8372136472007944
14	11	0.8965464544877045
14	12	0.950568424966223
14	13	0.9875175124027408
14	14	1.0000000000000007
14	15	0.9892498389559335
14	16	0.9616430524375711
14	17	0.9218794461182156
14	18	0.8695256774793351
14	19	0.8011988025916666
14	20	0.7173771679562938
14	21	0.6277927424192452
14	22	0.5477525875432092
14	23	0.48919811756710607
14	24	0.45607559712214174
14	25	0.44448565267684037
14	26	0.44497419114572023
14	27	0.44823772621810365
14	28	0.45052463804033477
14	29	0.4507596957066814
14	30	0.44286887633084504
14	31	0.414211223720218
14	32	0.36170740488137504
14	33	0.3075738813398522
14	34	0.2784632691443677
14	35	0.28024416095322124
14	36	0.28965622832769633
14	37	0.2950780736342666
14	38	0.30117108677007454
14	39	0.17148521669877728
14	40	0.2706032411759085
14	41	0.2744195220785011
14	42	0.2872451152468812
14	43	0.30768594133032406
14	44	0.33348986644358714
14	45	0.36143430551307976
14	46	0.3885632898768649
14	47	0.4141384958196635
14	48	0.440056204516506
14	49	0.46904930614130663
14	50	0.5023281883204767
14	51	0.5379278726926228
14	52	0.5703410549797339
14	53	0.5925105074416445
14	54	0.6000000000000005
14	55	0.5935499033735601
14	56	0.5769858314625427
14	57	0.5531276676709294
14	58	0.521715406487601
14	59	0.480719281555
14	60	0.43042630077377625
14	61	0.3766756454515472
14	62	0.32865155252592543
14	63	0.2935188705402636
14	64	0.273645358273285
14	65	0.2666913916061042
14	66	0.26698451468743206
14	67	0.2689426357308622
14	68	0.2703147828242009
14	69	0.27045581742400887
14	70	0.26572132579850705
14	71	0.2485267342321308
14	72	0.217024442928825
14	73	0.18454432880391128
14	74	0.1670779614866206
14	75	0.16814649657193273
14	76	0.17379373699661776
14	77	0.17704684418055994
14	78	0.18070265206204472
14	79	0.10289113001926634
15	0	0.44270438678605906
15	1	0.44635739694091653
15	2	0.4611610556313059
15	3	0.48498204088472235
15	4	0.5147967019329049
15	5	0.5468738191401362
15	6	0.5786726312887054
15	7	0.6112103196746012
15	8	0.6489593147802006
15	9	0.6969369712810759
15	10	0.7573642935068784
15	11	0.8272019629069326
15	12	0.8971920971895248
15	13	0.9544623203880733
15	14	0.9892498389559335
15	15	0.9999999999999998
15	16	0.9909570275152895
15	17	0.9655466703190326
15	18	0.922427017258865
15	19	0.8574088210370325
15	20	0.7707956488248167
15	21	0.6735498297100123
15	22	0.5833480760651599
15	23	0.5144632310152369
15	24	0.47245571398300745
15	25	0.4544573313200282
15	26	0.4516361236296393
15	27	0.45463980758805506
15	28	0.4588482150682898
15	29	0.4619315029388861
15	30	0.45649116926204625
15	31	0.42848353533700817
15	32	0.37409856985030815
15	33	0.3165459918921911
15	34	0.28419732338109605
15	35	0.28416522505902503
15	36	0.29378428461897793
15	37	0.30069046726213605
15	38	0.3076173162929355
15	39	0.17336725939499031
15	40	0.2656226320716354
15	41	0.26781443816454986
15	42	0.27669663337878353
15	43	0.29098922453083337
15	44	0.3088780211597429
15	45	0.32812429148408184
15	46	0.3472035787732233
15	47	0.36672619180476085
15	48	0.3893755888681203
15	49	0.4181621827686456
15	50	0.454418576104127
15	51	0.4963211777441596
15	52	0.5383152583137147
15	53	0.572677392232844
15	54	0.5935499033735601
15	55	0.5999999999999999
15	56	0.5945742165091735
15	57	0.5793280021914193
15	58	0.5534562103553189
15	59	0.5144452926222196
15	60	0.46247738929488985
15	61	0.4041298978260073
15	62	0.35000884563909573
15	63	0.308677938609142
15	64	0.28347342838980455
15	65	0.2726743987920168
15	66	0.27098167417778346
15	67	0.272783884552833
15	68	0.2753089290409739
15	69	0.27715890176333163
15	70	0.2738947015572278
15	71	0.25709012120220487
15	72	0.2244591419101849
15	73	0.18992759513531465
15	74	0.1705183940286576
15	75	0.1704991350354149
15	76	0.17627057077138675
15	77	0.18041428035728166
15	78	0.18457038977576126
15	79	0.10402035563699419
16	0	0.43595270015511073
16	1	0.4374019062695524
16	2	0.4469055268481328
16	3	0.4624484362687271
16	4	0.4815050302720895
16	5	0.5015247737675629
16	6	0.521732800689298
16	7	0.5448359132497931
16	8	0.5763040535179731
16	9	0.6215305137147494
16	10	0.6829888498399614
16	11	0.758074084715127
16	12	0.837939768770342
16	13	0.9094810566084415
16	14	0.9616430524375711
16	15	0.9909570275152895
16	16	1.0000000000000002
16	17	0.9910874594003125
16	18	0.9619390080768054
16	19	0.9071736203768079
16	20	0.8258933160419363
16	21	0.728738109180406
16	22	0.6343137458768222
16	23	0.558326644538753
16	24	0.5074634505874597
16	25	0.4796912266549729
16	26	0.4673195918084166
16	27	0.4626161308713945
16	28	0.46225166387649796
16	29	0.4642699731824625
16	30	0.460991088026198
16	31	0.43741401509348576
16	32	0.3877239772453084
16	33	0.33311877916590027
16	34	0.3010036414674988
16	35	0.2974665363632426
16	36	0.29985416556516187
16	37	0.300550594679098
16	38	0.3073764675575932
16	39	0.18079525302830446
16	40	0.2615716200930665
16	41	0.26244114376173133
16	42	0.26814331610887954
16	43	0.27746906176123626
16	44	0.2889030181632538
16	45	0.30091486426053754
16	46	0.31303968041357866
16	47	0.32690154794987586
16	48	0.3457824321107838
16	49	0.37291830822884964
16	50	0.40979330990397694
16	51	0.4548444508290762
16	52	0.5027638612622052
16	53	0.5456886339650648
16	54	0.5769858314625428
16	55	0.5945742165091735
16	56	0.6000000000000001
16	57	0.5946524756401875
16	58	0.5771634048460832
16	59	0.5443041722260846
16	60	0.4955359896251619
16	61	0.4372428655082436
16	62	0.38058824752609327
16	63	0.3349959867232517
16	64	0.3044780703524758
16	65	0.2878147359929837
16	66	0.28039175508504993
16	67	0.2775696785228368
16	68	0.27735099832589877
16	69	0.27856198390947756
16	70	0.2765946528157188
16	71	0.26244840905609146
16	72	0.232634386347185
16	73	0.19987126749954012
16	74	0.1806021848804992
16	75	0.17847992181794556
16	76	0.17991249933909712
16	77	0.1803303568074588
16	78	0.18442588053455589
16	79	0.10847715181698264
17	0	0.4291125112542362
17	1	0.42906518736754373
17	2	0.43511411600807126
17	3	0.44528952270843375
17	4	0.4572981854571379
17	5	0.46920015169758006
17	6	0.4811731724551235
17	7	0.4968474271337863
17	8	0.5222362747768492
17	9	0.5629647413142992
17	10	0.6217857127467786
17	11	0.6967018559222136
17	12	0.7797504002438023
17	13	0.8585164776507774
17	14	0.9218794461182156
17	15	0.9655466703190326
17	16	0.9910874594003125
17	17	0.9999999999999987
17	18	0.9891091841072119
17	19	0.9514882473327664
17	20	0.8839858199350016
17	21	0.7952731256183591
17	22	0.7033147112212126
17	23	0.6242325294125103
17	24	0.5652384319651486
17	25	0.5247991512057429
17	26	0.49673918819062796
17	27	0.4765783975182695
17	28	0.46456870227785246
17	29	0.4609330043315213
17	30	0.45886344732309164
17	31	0.44291092235533147
17	32	0.4040740510410526
17	33	0.35863379623408986
17	34	0.3303658142740641
17	35	0.32196202243422434
17	36	0.3098899507918257
17	37	0.29664547317025014
17	38	0.3023128575702402
17	39	0.19478978395131308
17	40	0.2574675067525417
17	41	0.2574391124205262
17	42	0.2610684696048428
17	43	0.2671737136250603
17	44	0.2743789112742828
17	45	0.281520091018548
17	46	0.2887039034730741
17	47	0.2981084562802718
17	48	0.3133417648661094
17	49	0.3377788447885795
17	50	0.3730714276480673
17	51	0.41802111355332816
17	52	0.4678502401462814
17	53	0.5151098865904663
17	54	0.5531276676709294
17	55	0.5793280021914193
17	56	0.5946524756401874
17	57	0.5999999999999993
17	58	0.5934655104643272
17	59	0.5708929483996598
17	60	0.5303914919610011
17	61	0.47716387537101534
17	62	0.42198882673272764
17	63	0.3745395176475062
17	64	0.3391430591790892
17	65	0.3148794907234457
17	66	0.2980435129143768
17	67	0.2859470385109617
17	68	0.2787412213667114
17	69	0.2765598025989128
17	70	0.275318068393855
17	71	0.2657465534131989
17	72	0.2424444306246315
17	73	0.21518027774045384
17	74	0.19821948856443847
17	75	0.1931772134605346
17	76	0.18593397047509544
17	77	0.17798728390215002
17	78	0.18138771454214403
17	79	0.11687387037078785
18	0	0.4188042863221943
18	1	0.4180522247466035
18	2	0.42271930389277435
18	3	0.43082375085941166
18	4	0.4400489341579592
18	5	0.44847319567747584
18	6	0.45634108047628236
18	7	0.4673342441087874
18	8	0.48745999575029736
18	9	0.5223698128299649
18	10	0.5750860950301082
18	11	0.6443633833451632
18	12	0.7235747934641001
18	13	0.8019291694132116
18	14	0.8695256774793351
18	15	0.922427017258865
18	16	0.9619390080768054
18	17	0.9891091841072119
18	18	0.9999999999999991
18	19	0.9859094598714798
18	20	0.940510575064199
18	21	0.8689162105298561
18	22	0.786833001477241
18	23	0.7096886258310212
18	24	0.6445326706978391
18	25	0.5898823937388712
18	26	0.5412420381224526
18	27	0.4987498854136941
18	28	0.46835678671674674
18	29	0.45423159085771914
18	30	0.4516039505799231
18	31	0.44519408324236787
18	32	0.4220151824892842
18	33	0.3910294852049826
18	34	0.3700203058960439
18	35	0.35613578965904563
18	36	0.3239437591654189
18	37	0.29032957295227285
18	38	0.2937124819503456
18	39	0.2142869891537572
18	40	0.25128257179331664
18	41	0.25083133484796205
18	42	0.2536315823356646
18	43	0.258494250515647
18	44	0.2640293604947755
18	45	0.26908391740648546
18	46	0.2738046482857695
18	47	0.2804005464652725
18	48	0.2924759974501785
18	49	0.3134218876979789
18	50	0.34505165701806495
18	51	0.38661803000709777
18	52	0.43414487607846
18	53	0.48115750164792687
18	54	0.5217154064876011
18	55	0.5534562103553189
18	56	0.5771634048460833
18	57	0.5934655104643272
18	58	0.5999999999999993
18	59	0.5915456759228878
18	60	0.5643063450385194
18	61	0.5213497263179134
18	62	0.47209980088634457
18	63	0.42581317549861264
18	64	0.38671960241870335
18	65	0.3539294362433228
18	66	0.3247452228734715
18	67	0.2992499312482164
18	68	0.281014072030048
18	69	0.27253895451463145
18	70	0.2709623703479539
18	71	0.2671164499454206
18	72	0.2532091094935705
18	73	0.2346176911229896
18	74	0.22201218353762625
18	75	0.21368147379542735
18	76	0.19436625549925135
18	77	0.17419774377136366
18	78	0.17622748917020734
18	79	0.12857219349225432
19	0	0.4007155357299794
19	1	0.4000359371621591
19	2	0.40531606279950316
19	3	0.4145346959002139
19	4	0.42514750961925285
19	5	0.43472342125738117
19	6	0.44273619795161956
19	7	0.452048641276316
19	8	0.468069606000811
19	9	0.4962125318174336
19	10	0.5397026690582152
19	11	0.5981331197705858
19	12	0.6665959248207988
19	13	0.736775659666131
19	14	0.8011988025916666
19	15	0.8574088210370325
19	16	0.9071736203768079
19	17	0.9514882473327664
19	18	0.9859094598714798
19	19	0.9999999999999987
19	20	0.9837192906593385
19	21	0.937360031587086
19	22	0.8728754649526851
19	23	0.803859411199059
19	24	0.7364634482247474
19	25	0.668718802820773
19	26	0.5976483992719698
19	27	0.5287285603016
19	28	0.47506749259003794
19	29	0.44616383327557196
19	30	0.4402911521645166
19	31	0.4430878502454191
19	32	0.43756924165130523
19	33	0.42412328584704095
19	34	0.41296562335573206
19	35	0.39428164711653785
19	36	0.33982409027452987
19	37	0.28266784073253826
19	38	0.2827101976524515
19	39	0.2356578474575512
19	40	0.24042932143798765
19	41	0.2400215622972955
19	42	0.24318963767970186
19	43	0.2487208175401284
19	44	0.2550885057715517
19	45	0.2608340527544287
19	46	0.26564171877097165
19	47	0.2712291847657896
19	48	0.2808417636004865
19	49	0.2977275190904602
19	50	0.3238216014349292
19	51	0.3588798718623515
19	52	0.39995755489247914
19	53	0.44206539579967846
19	54	0.48071928155500004
19	55	0.5144452926222197
19	56	0.5443041722260846
19	57	0.5708929483996599
19	58	0.5915456759228878
19	59	0.5999999999999992
19	60	0.5902315743956033
19	61	0.5624160189522516
19	62	0.5237252789716109
19	63	0.4823156467194355
19	64	0.4418780689348484
19	65	0.40123128169246386
19	66	0.3585890395631818
19	67	0.31723713618095994
19	68	0.2850404955540227
19	69	0.26769829996534317
19	70	0.26417469129871
19	71	0.2658527101472514
19	72	0.2625415449907831
19	73	0.2544739715082245
19	74	0.24777937401343925
19	75	0.23656898826992268
19	76	0.20389445416471788
19	77	0.1696007044395229
19	78	0.1696261185914709
19	79	0.14139470847453073
20	0	0.37274126567748683
20	1	0.3727577226639438
20	2	0.3801883004561249
20	3	0.39297919978312074
20	4	0.4082460270115615
20	5	0.4226922422825081
20	6	0.43440415310421654
20	7	0.4447390521824025
20	8	0.45799700479640193
20	9	0.47908124398542856
20	10	0.5112942744364947
20	11	0.5550449082680009
20	12	0.6073270711344204
20	13	0.6628392112975644
20	14	0.7173771679562938
20	15	0.7707956488248167
20	16	0.8258933160419363
20	17	0.8839858199350016
20	18	0.940510575064199
20	19	0.9837192906593385
20	20	1.0000000000000002
20	21	0.984322076430106
20	22	0.943896643353313
