	Target (OIS)	Target (LIBOR)	Caplet Vola Analytic Single-Curve	Caplet Vola Monte-Carlo Single-Curve	Caplet Vola Analytic Multi-Curve Fenton-Wilkinson	Caplet Vola Analytic Multi-Curve Ju	Caplet Vola Analytic Multi-Curve Ho	Caplet Vola Analytic Multi-Curve Drift-Freeze	Caplet Vola Analytic Multi-Curve Integrated-Expectation	Caplet Vola Monte-Carlo Multi-Curve	Caplet Value Analytic Single-Curve	Caplet Value Monte-Carlo Single-Curve	Caplet Value Analytic Multi-Curve Fenton-Wilkinson	Caplet Value Analytic Multi-Curve Ju	Caplet Value Analytic Multi-Curve Ho	Caplet Value Analytic Multi-Curve Drift-Freeze	Caplet Value Analytic Multi-Curve Integrated-Expectation	Caplet Value Monte-Carlo Multi-Curve	Swaption Vola Analytic Single-Curve	Swaption Vola Monte-Carlo Single-Curve	Swaption Vola Analytic Multi-Curve Drift-Freeze	Swaption Vola Analytic Multi-Curve Integrated-Expectation	Swaption Vola Monte-Carlo Multi-Curve	Swaption Value Analytic Single-Curve	Swaption Value Monte-Carlo Single-Curve	Swaption Value Analytic Multi-Curve Drift-Freeze	Swaption Value Analytic Multi-Curve Integrated-Expectation	Swaption Value Monte-Carlo Multi-Curve	Swaption Exercise Date	Swaption Number Of Periods	Numeraire Single-Curve	Discount Single-Curve	OIS Spot Rate Single-Curve	Numeraire Multi-Curve	OIS Spot Rate Multi-Curve	LIBOR Spot Rate Multi-Curve	OIS Forward Rate Multi-Curve	LIBOR Forward Rate Multi-Curve	Time
Target (OIS)	0.0000000000E00	4.3501934934E-02	3.7549900363E-01	3.7501680178E-01	3.6940106367E-01	?	4.0184606926E-01	3.4045944469E-01	3.4045944469E-01	3.3138992754E-01	7.3951173603E-01	7.3951176021E-01	7.3919306292E-01	?	7.3922383680E-01	7.3942879824E-01	7.3942879824E-01	7.3942667575E-01	3.7178064089E-01	3.7010774435E-01	3.4794449889E-01	3.5071434809E-01	3.3957637090E-01	7.3936503311E-01	7.3936350418E-01	7.3859903011E-01	7.3860605184E-01	7.3857808057E-01	6.8881403242E-01	6.0924728847E-01	3.0718070481E-01	3.2499701161E-01	7.4014249551E-01	3.0718410178E-01	7.4014237899E-01	7.3965294723E-01	7.4014245848E-01	7.3965287509E-01	6.5752318686E-01	
Target (LIBOR)	4.3501934934E-02	0.0000000000E00	4.1626339951E-01	4.1580359589E-01	4.0513547411E-01	?	4.3994124078E-01	3.8293441315E-01	3.8293441315E-01	3.7319389669E-01	7.8301367093E-01	7.8301369512E-01	7.8269499656E-01	?	7.8272577032E-01	7.8293073313E-01	7.8293073313E-01	7.8292861064E-01	4.1347082760E-01	4.1173037400E-01	3.9057620514E-01	3.9342906639E-01	3.8184199855E-01	7.8286696656E-01	7.8286543759E-01	7.8210095743E-01	7.8210797932E-01	7.8208000752E-01	7.3217878221E-01	6.5234981453E-01	2.7601271626E-01	2.9329602331E-01	7.8364441719E-01	2.7601625308E-01	7.8364430066E-01	7.8315487825E-01	7.8364438015E-01	7.8315480611E-01	7.0075483205E-01	
Caplet Vola Analytic Single-Curve	3.7549900363E-01	4.1626339951E-01	0.0000000000E00	3.4477233903E-03	2.3106793374E-01	?	2.4353216691E-01	7.4443703193E-02	7.4443703193E-02	5.5172456113E-02	4.1396733307E-01	4.1396737831E-01	4.1372636808E-01	?	4.1375981054E-01	4.1389827049E-01	4.1389827049E-01	4.1389498861E-01	4.0099674828E-02	3.8068129873E-02	8.8728349583E-02	8.9136662286E-02	7.3203255432E-02	4.1379256744E-01	4.1379053885E-01	4.1310975164E-01	4.1311733551E-01	4.1308145687E-01	3.4869575374E-01	2.9887304410E-01	5.8511250288E-01	6.0211171229E-01	4.1438036536E-01	5.8511453569E-01	4.1438017813E-01	4.1400514242E-01	4.1438028649E-01	4.1400505573E-01	3.1110151195E-01	
Caplet Vola Monte-Carlo Single-Curve	3.7501680178E-01	4.1580359589E-01	3.4477233903E-03	0.0000000000E00	2.3113522701E-01	?	2.4358498976E-01	7.3688489048E-02	7.3688489048E-02	5.4379395621E-02	4.1395504538E-01	4.1395508852E-01	4.1371350635E-01	?	4.1374696536E-01	4.1388584239E-01	4.1388584239E-01	4.1388256696E-01	4.0158197430E-02	3.8152153212E-02	8.8002220392E-02	8.8515016445E-02	7.2648039723E-02	4.1378049011E-01	4.1377846691E-01	4.1309643054E-01	4.1310403235E-01	4.1306820436E-01	3.4879435587E-01	2.9871012726E-01	5.8502724417E-01	6.0203073970E-01	4.1436940155E-01	5.8502928736E-01	4.1436921800E-01	4.1399347309E-01	4.1436932682E-01	4.1399339031E-01	3.1123699425E-01	
Caplet Vola Analytic Multi-Curve Fenton-Wilkinson	3.6940106367E-01	4.0513547411E-01	2.3106793374E-01	2.3113522701E-01	0.0000000000E00	?	1.3012877929E-01	2.2995127503E-01	2.2995127503E-01	2.2322922794E-01	4.9496885818E-01	4.9496889753E-01	4.9474193577E-01	?	4.9476831899E-01	4.9491189475E-01	4.9491189475E-01	4.9490904196E-01	2.1640072183E-01	2.1590208611E-01	2.1484095318E-01	2.1511693961E-01	2.0815347142E-01	4.9482202503E-01	4.9482030511E-01	4.9422550286E-01	4.9423190776E-01	4.9420131542E-01	4.4042886563E-01	4.0136492037E-01	5.7152596170E-01	5.8901281023E-01	4.9542068610E-01	5.7152799276E-01	4.9542052635E-01	4.9503269550E-01	4.9542061699E-01	4.9503266000E-01	4.1196448599E-01	
Caplet Vola Analytic Multi-Curve Ju	?	?	?	?	?	?	?	?	?	?	?	?	?	?	?	?	?	?	?	?	?	?	?	?	?	?	?	?	?	?	?	?	?	?	?	?	?	?	?	
Caplet Vola Analytic Multi-Curve Ho	4.0184606926E-01	4.3994124078E-01	2.4353216691E-01	2.4358498976E-01	1.3012877929E-01	?	0.0000000000E00	2.3355462341E-01	2.3355462341E-01	2.3424787198E-01	4.4202290753E-01	4.4202294432E-01	4.4177830612E-01	?	4.4180187608E-01	4.4196495414E-01	4.4196495414E-01	4.4196233434E-01	2.1909589020E-01	2.1956787650E-01	2.1152771124E-01	2.1023967194E-01	2.1072066525E-01	4.4188911362E-01	4.4188755506E-01	4.4130927565E-01	4.4131488425E-01	4.4128712366E-01	3.9385196286E-01	3.5335867561E-01	6.2980548003E-01	6.4790590369E-01	4.4253830605E-01	6.2980762576E-01	4.4253815695E-01	4.4211969577E-01	4.4253824173E-01	4.4211967477E-01	3.6968664379E-01	
Caplet Vola Analytic Multi-Curve Drift-Freeze	3.4045944469E-01	3.8293441315E-01	7.4443703193E-02	7.3688489048E-02	2.2995127503E-01	?	2.3355462341E-01	0.0000000000E00	0.0000000000E00	3.2545564743E-02	4.1548558218E-01	4.1548561667E-01	4.1520110644E-01	?	4.1523430158E-01	4.1540719350E-01	4.1540719350E-01	4.1540462703E-01	6.5810527646E-02	6.5760558172E-02	5.3684999364E-02	5.2530738214E-02	5.1458445839E-02	4.1532237996E-01	4.1532060194E-01	4.1457150018E-01	4.1457905831E-01	4.1454714830E-01	3.5845496950E-01	2.9209495878E-01	5.8071296070E-01	5.9826506871E-01	4.1601116674E-01	5.8071533059E-01	4.1601101807E-01	4.1557623136E-01	4.1601110955E-01	4.1557612917E-01	3.2449410879E-01	
Caplet Vola Analytic Multi-Curve Integrated-Expectation	3.4045944469E-01	3.8293441315E-01	7.4443703193E-02	7.3688489048E-02	2.2995127503E-01	?	2.3355462341E-01	0.0000000000E00	0.0000000000E00	3.2545564743E-02	4.1548558218E-01	4.1548561667E-01	4.1520110644E-01	?	4.1523430158E-01	4.1540719350E-01	4.1540719350E-01	4.1540462703E-01	6.5810527646E-02	6.5760558172E-02	5.3684999364E-02	5.2530738214E-02	5.1458445839E-02	4.1532237996E-01	4.1532060194E-01	4.1457150018E-01	4.1457905831E-01	4.1454714830E-01	3.5845496950E-01	2.9209495878E-01	5.8071296070E-01	5.9826506871E-01	4.1601116674E-01	5.8071533059E-01	4.1601101807E-01	4.1557623136E-01	4.1601110955E-01	4.1557612917E-01	3.2449410879E-01	
Caplet Vola Monte-Carlo Multi-Curve	3.3138992754E-01	3.7319389669E-01	5.5172456113E-02	5.4379395621E-02	2.2322922794E-01	?	2.3424787198E-01	3.2545564743E-02	3.2545564743E-02	0.0000000000E00	4.3376508500E-01	4.3376512227E-01	4.3349226163E-01	?	4.3352552804E-01	4.3368939744E-01	4.3368939744E-01	4.3368655494E-01	5.4413335317E-02	5.2897049253E-02	6.2757154387E-02	6.3363393978E-02	4.7707879347E-02	4.3359755408E-01	4.3359568154E-01	4.3286867937E-01	4.3287620722E-01	4.3284285992E-01	3.7350363396E-01	3.1177331396E-01	5.6007846954E-01	5.7751850992E-01	4.3426072040E-01	5.6008071507E-01	4.3426055455E-01	4.3384074748E-01	4.3426065770E-01	4.3384066215E-01	3.3816846933E-01	
Caplet Value Analytic Single-Curve	7.3951173603E-01	7.8301367093E-01	4.1396733307E-01	4.1395504538E-01	4.9496885818E-01	?	4.4202290753E-01	4.1548558218E-01	4.1548558218E-01	4.3376508500E-01	0.0000000000E00	2.6816450259E-07	3.7969958968E-04	?	3.5917919693E-04	9.4758341106E-05	9.4758341106E-05	9.5094588235E-05	4.0093012795E-01	4.0351053137E-01	4.0606757073E-01	4.0212079760E-01	4.1954776285E-01	2.3355044604E-04	2.3674990022E-04	1.0207142912E-03	1.0124802218E-03	1.0434823285E-03	7.7347413514E-02	1.6071825205E-01	9.9115918397E-01	1.0088897814E00	8.5112473778E-04	9.9116139050E-01	8.5115197135E-04	3.3039157179E-04	8.5116502845E-04	3.3036833550E-04	1.1471268170E-01	
Caplet Value Monte-Carlo Single-Curve	7.3951176021E-01	7.8301369512E-01	4.1396737831E-01	4.1395508852E-01	4.9496889753E-01	?	4.4202294432E-01	4.1548561667E-01	4.1548561667E-01	4.3376512227E-01	2.6816450259E-07	0.0000000000E00	3.7969304247E-04	?	3.5916827759E-04	9.4755976672E-05	9.4755976672E-05	9.5095870121E-05	4.0093017310E-01	4.0351057679E-01	4.0606760199E-01	4.0212083090E-01	4.1954779978E-01	2.3361280934E-04	2.3681266653E-04	1.0207221778E-03	1.0124886549E-03	1.0434931955E-03	7.7347495319E-02	1.6071826574E-01	9.9115922427E-01	1.0088898218E00	8.5114110255E-04	9.9116143080E-01	8.5116848858E-04	3.3043121274E-04	8.5118155888E-04	3.3040849796E-04	1.1471275511E-01	
Caplet Value Analytic Multi-Curve Fenton-Wilkinson	7.3919306292E-01	7.8269499656E-01	4.1372636808E-01	4.1371350635E-01	4.9474193577E-01	?	4.4177830612E-01	4.1520110644E-01	4.1520110644E-01	4.3349226163E-01	3.7969958968E-04	3.7969304247E-04	0.0000000000E00	?	3.5543211514E-05	2.8900964820E-04	2.8900964820E-04	2.8930387197E-04	4.0067382228E-01	4.0325485638E-01	4.0578277422E-01	4.0183460822E-01	4.1927048884E-01	3.8037009873E-04	3.8189095130E-04	7.6119283393E-04	7.5215414075E-04	7.8916616974E-04	7.7249998030E-02	1.6044550971E-01	9.9088507713E-01	1.0086168869E00	1.2238537396E-03	9.9088728419E-01	1.2238694148E-03	6.8023570870E-04	1.2238886962E-03	6.8017605868E-04	1.1458798720E-01	
Caplet Value Analytic Multi-Curve Ju	?	?	?	?	?	?	?	?	?	?	?	?	?	?	?	?	?	?	?	?	?	?	?	?	?	?	?	?	?	?	?	?	?	?	?	?	?	?	?	
Caplet Value Analytic Multi-Curve Ho	7.3922383680E-01	7.8272577032E-01	4.1375981054E-01	4.1374696536E-01	4.9476831899E-01	?	4.4180187608E-01	4.1523430158E-01	4.1523430158E-01	4.3352552804E-01	3.5917919693E-04	3.5916827759E-04	3.5543211514E-05	?	0.0000000000E00	2.7098711917E-04	2.7098711917E-04	2.7164919258E-04	4.0070660704E-01	4.0328765923E-01	4.0581497534E-01	4.0186681517E-01	4.1930289063E-01	3.7589792325E-04	3.7761485873E-04	7.9077403201E-04	7.8173453442E-04	8.1881327455E-04	7.7278777908E-02	1.6047283729E-01	9.9091740797E-01	1.0086492855E00	1.2070237862E-03	9.9091961504E-01	1.2070445912E-03	6.6738590211E-04	1.2070612856E-03	6.6733692949E-04	1.1461885991E-01	
Caplet Value Analytic Multi-Curve Drift-Freeze	7.3942879824E-01	7.8293073313E-01	4.1389827049E-01	4.1388584239E-01	4.9491189475E-01	?	4.4196495414E-01	4.1540719350E-01	4.1540719350E-01	4.3368939744E-01	9.4758341106E-05	9.4755976672E-05	2.8900964820E-04	?	2.7098711917E-04	0.0000000000E00	0.0000000000E00	5.1584154093E-06	4.0085892068E-01	4.0343944485E-01	4.0599055408E-01	4.0204352434E-01	4.1947241036E-01	2.1332148777E-04	2.1650370534E-04	9.4016943315E-04	9.3177691036E-04	9.6402327807E-04	7.7312343850E-02	1.6064398656E-01	9.9108489466E-01	1.0088156558E00	9.3633590349E-04	9.9108710131E-01	9.3635812786E-04	4.0313966122E-04	9.3637411582E-04	4.0309244503E-04	1.1466983506E-01	
Caplet Value Analytic Multi-Curve Integrated-Expectation	7.3942879824E-01	7.8293073313E-01	4.1389827049E-01	4.1388584239E-01	4.9491189475E-01	?	4.4196495414E-01	4.1540719350E-01	4.1540719350E-01	4.3368939744E-01	9.4758341106E-05	9.4755976672E-05	2.8900964820E-04	?	2.7098711917E-04	0.0000000000E00	0.0000000000E00	5.1584154093E-06	4.0085892068E-01	4.0343944485E-01	4.0599055408E-01	4.0204352434E-01	4.1947241036E-01	2.1332148777E-04	2.1650370534E-04	9.4016943315E-04	9.3177691036E-04	9.6402327807E-04	7.7312343850E-02	1.6064398656E-01	9.9108489466E-01	1.0088156558E00	9.3633590349E-04	9.9108710131E-01	9.3635812786E-04	4.0313966122E-04	9.3637411582E-04	4.0309244503E-04	1.1466983506E-01	
Caplet Value Monte-Carlo Multi-Curve	7.3942667575E-01	7.8292861064E-01	4.1389498861E-01	4.1388256696E-01	4.9490904196E-01	?	4.4196233434E-01	4.1540462703E-01	4.1540462703E-01	4.3368655494E-01	9.5094588235E-05	9.5095870121E-05	2.8930387197E-04	?	2.7164919258E-04	5.1584154093E-06	5.1584154093E-06	0.0000000000E00	4.0085574306E-01	4.0343625767E-01	4.0598791686E-01	4.0204089767E-01	4.1946958323E-01	2.0994370854E-04	2.1312165481E-04	9.3892856746E-04	9.3054324116E-04	9.6263374508E-04	7.7307814871E-02	1.6064237966E-01	9.9108194430E-01	1.0088126933E00	9.3563245168E-04	9.9108415094E-01	9.3565292217E-04	4.0119360426E-04	9.3566998717E-04	4.0114750791E-04	1.1466547227E-01	
Swaption Vola Analytic Single-Curve	3.7178064089E-01	4.1347082760E-01	4.0099674828E-02	4.0158197430E-02	2.1640072183E-01	?	2.1909589020E-01	6.5810527646E-02	6.5810527646E-02	5.4413335317E-02	4.0093012795E-01	4.0093017310E-01	4.0067382228E-01	?	4.0070660704E-01	4.0085892068E-01	4.0085892068E-01	4.0085574306E-01	0.0000000000E00	3.6598015577E-03	6.1536273047E-02	6.0679604966E-02	4.6517217567E-02	4.0076514714E-01	4.0076327685E-01	4.0007424222E-01	4.0008151792E-01	4.0004781222E-01	3.3738158701E-01	2.8828102032E-01	5.9325297085E-01	6.1066190340E-01	4.0138848930E-01	5.9325505827E-01	4.0138831144E-01	4.0098769456E-01	4.0138841050E-01	4.0098759876E-01	3.0148784547E-01	
Swaption Vola Monte-Carlo Single-Curve	3.7010774435E-01	4.1173037400E-01	3.8068129873E-02	3.8152153212E-02	2.1590208611E-01	?	2.1956787650E-01	6.5760558172E-02	6.5760558172E-02	5.2897049253E-02	4.0351053137E-01	4.0351057679E-01	4.0325485638E-01	?	4.0328765923E-01	4.0343944485E-01	4.0343944485E-01	4.0343625767E-01	3.6598015577E-03	0.0000000000E00	6.2990845374E-02	6.2263544679E-02	4.6947800314E-02	4.0334469671E-01	4.0334280853E-01	4.0265420265E-01	4.0266148122E-01	4.0262759277E-01	3.3982509834E-01	2.9053082580E-01	5.9071944134E-01	6.0811565308E-01	4.0396717399E-01	5.9072151853E-01	4.0396699495E-01	4.0356730121E-01	4.0396709466E-01	4.0356720603E-01	3.0382420203E-01	
Swaption Vola Analytic Multi-Curve Drift-Freeze	3.4794449889E-01	3.9057620514E-01	8.8728349583E-02	8.8002220392E-02	2.1484095318E-01	?	2.1152771124E-01	5.3684999364E-02	5.3684999364E-02	6.2757154387E-02	4.0606757073E-01	4.0606760199E-01	4.0578277422E-01	?	4.0581497534E-01	4.0599055408E-01	4.0599055408E-01	4.0598791686E-01	6.1536273047E-02	6.2990845374E-02	0.0000000000E00	8.3682804318E-03	2.5372486521E-02	4.0592029134E-01	4.0591870575E-01	4.0519470682E-01	4.0520201128E-01	4.0517272356E-01	3.4924766302E-01	2.9433228225E-01	5.9063653065E-01	6.0838202630E-01	4.0660299111E-01	5.9063893600E-01	4.0660285624E-01	4.0616216095E-01	4.0660294018E-01	4.0616207255E-01	3.1682555317E-01	
Swaption Vola Analytic Multi-Curve Integrated-Expectation	3.5071434809E-01	3.9342906639E-01	8.9136662286E-02	8.8515016445E-02	2.1511693961E-01	?	2.1023967194E-01	5.2530738214E-02	5.2530738214E-02	6.3363393978E-02	4.0212079760E-01	4.0212083090E-01	4.0183460822E-01	?	4.0186681517E-01	4.0204352434E-01	4.0204352434E-01	4.0204089767E-01	6.0679604966E-02	6.2263544679E-02	8.3682804318E-03	0.0000000000E00	2.6998249124E-02	4.0197316474E-01	4.0197157476E-01	4.0124707222E-01	4.0125427551E-01	4.0122502984E-01	3.4530664052E-01	2.9043269943E-01	5.9414058069E-01	6.1191443070E-01	4.0265987852E-01	5.9414295945E-01	4.0265973906E-01	4.0221706443E-01	4.0265982361E-01	4.0221697147E-01	3.1301505759E-01	
Swaption Vola Monte-Carlo Multi-Curve	3.3957637090E-01	3.8184199855E-01	7.3203255432E-02	7.2648039723E-02	2.0815347142E-01	?	2.1072066525E-01	5.1458445839E-02	5.1458445839E-02	4.7707879347E-02	4.1954776285E-01	4.1954779978E-01	4.1927048884E-01	?	4.1930289063E-01	4.1947241036E-01	4.1947241036E-01	4.1946958323E-01	4.6517217567E-02	4.6947800314E-02	2.5372486521E-02	2.6998249124E-02	0.0000000000E00	4.1939444736E-01	4.1939275514E-01	4.1868118595E-01	4.1868840720E-01	4.1865761623E-01	3.6017941782E-01	3.0697982446E-01	5.7451855596E-01	5.9220982182E-01	4.2006290437E-01	5.7452084405E-01	4.2006275301E-01	4.1963202863E-01	4.2006284207E-01	4.1963193452E-01	3.2653218156E-01	
Swaption Value Analytic Single-Curve	7.3936503311E-01	7.8286696656E-01	4.1379256744E-01	4.1378049011E-01	4.9482202503E-01	?	4.4188911362E-01	4.1532237996E-01	4.1532237996E-01	4.3359755408E-01	2.3355044604E-04	2.3361280934E-04	3.8037009873E-04	?	3.7589792325E-04	2.1332148777E-04	2.1332148777E-04	2.0994370854E-04	4.0076514714E-01	4.0334469671E-01	4.0592029134E-01	4.0197316474E-01	4.1939444736E-01	0.0000000000E00	3.5753968945E-06	8.6813391165E-04	8.6021432051E-04	8.8386345889E-04	7.7182350354E-02	1.6053396354E-01	9.9099347731E-01	1.0087236449E00	9.1929560730E-04	9.9099568362E-01	9.1924811140E-04	3.7730816977E-04	9.1930354783E-04	3.7731478274E-04	1.1453057678E-01	
Swaption Value Monte-Carlo Single-Curve	7.3936350418E-01	7.8286543759E-01	4.1379053885E-01	4.1377846691E-01	4.9482030511E-01	?	4.4188755506E-01	4.1532060194E-01	4.1532060194E-01	4.3359568154E-01	2.3674990022E-04	2.3681266653E-04	3.8189095130E-04	?	3.7761485873E-04	2.1650370534E-04	2.1650370534E-04	2.1312165481E-04	4.0076327685E-01	4.0334280853E-01	4.0591870575E-01	4.0197157476E-01	4.1939275514E-01	3.5753968945E-06	0.0000000000E00	8.6699255513E-04	8.5907981182E-04	8.8257721220E-04	7.7180121161E-02	1.6053200695E-01	9.9099159972E-01	1.0087217611E00	9.2015778942E-04	9.9099380602E-01	9.2010898643E-04	3.7855320589E-04	9.2016511059E-04	3.7856006678E-04	1.1452820010E-01	
Swaption Value Analytic Multi-Curve Drift-Freeze	7.3859903011E-01	7.8210095743E-01	4.1310975164E-01	4.1309643054E-01	4.9422550286E-01	?	4.4130927565E-01	4.1457150018E-01	4.1457150018E-01	4.3286867937E-01	1.0207142912E-03	1.0207221778E-03	7.6119283393E-04	?	7.9077403201E-04	9.4016943315E-04	9.4016943315E-04	9.3892856746E-04	4.0007424222E-01	4.0265420265E-01	4.0519470682E-01	4.0124707222E-01	4.1868118595E-01	8.6813391165E-04	8.6699255513E-04	0.0000000000E00	1.0934889037E-05	4.4481091556E-05	7.6817576416E-02	1.5974634628E-01	9.9028201474E-01	1.0080127309E00	1.7112657319E-03	9.9028422240E-01	1.7112315395E-03	1.1936780197E-03	1.7112825004E-03	1.1936262724E-03	1.1406723235E-01	
Swaption Value Analytic Multi-Curve Integrated-Expectation	7.3860605184E-01	7.8210797932E-01	4.1311733551E-01	4.1310403235E-01	4.9423190776E-01	?	4.4131488425E-01	4.1457905831E-01	4.1457905831E-01	4.3287620722E-01	1.0124802218E-03	1.0124886549E-03	7.5215414075E-04	?	7.8173453442E-04	9.3177691036E-04	9.3177691036E-04	9.3054324116E-04	4.0008151792E-01	4.0266148122E-01	4.0520201128E-01	4.0125427551E-01	4.1868840720E-01	8.6021432051E-04	8.5907981182E-04	1.0934889037E-05	0.0000000000E00	5.0247453151E-05	7.6822666799E-02	1.5975408990E-01	9.9028925971E-01	1.0080199988E00	1.7050576936E-03	9.9029146736E-01	1.7050231943E-03	1.1867149563E-03	1.7050739046E-03	1.1866613672E-03	1.1407354677E-01	
Swaption Value Monte-Carlo Multi-Curve	7.3857808057E-01	7.8208000752E-01	4.1308145687E-01	4.1306820436E-01	4.9420131542E-01	?	4.4128712366E-01	4.1454714830E-01	4.1454714830E-01	4.3284285992E-01	1.0434823285E-03	1.0434931955E-03	7.8916616974E-04	?	8.1881327455E-04	9.6402327807E-04	9.6402327807E-04	9.6263374508E-04	4.0004781222E-01	4.0262759277E-01	4.0517272356E-01	4.0122502984E-01	4.1865761623E-01	8.8386345889E-04	8.8257721220E-04	4.4481091556E-05	5.0247453151E-05	0.0000000000E00	7.6786337501E-02	1.5971975338E-01	9.9025595734E-01	1.0079865829E00	1.7245532203E-03	9.9025816495E-01	1.7245114034E-03	1.2094310565E-03	1.7245661894E-03	1.2093827754E-03	1.1403389312E-01	
Swaption Exercise Date	6.8881403242E-01	7.3217878221E-01	3.4869575374E-01	3.4879435587E-01	4.4042886563E-01	?	3.9385196286E-01	3.5845496950E-01	3.5845496950E-01	3.7350363396E-01	7.7347413514E-02	7.7347495319E-02	7.7249998030E-02	?	7.7278777908E-02	7.7312343850E-02	7.7312343850E-02	7.7307814871E-02	3.3738158701E-01	3.3982509834E-01	3.4924766302E-01	3.4530664052E-01	3.6017941782E-01	7.7182350354E-02	7.7180121161E-02	7.6817576416E-02	7.6822666799E-02	7.6786337501E-02	0.0000000000E00	1.3723692783E-01	9.2915142167E-01	9.4666695968E-01	7.7431143321E-02	9.2915344393E-01	7.7430827567E-02	7.7256162076E-02	7.7430990833E-02	7.7256075597E-02	4.0596513681E-02	
Swaption Number Of Periods	6.0924728847E-01	6.5234981453E-01	2.9887304410E-01	2.9871012726E-01	4.0136492037E-01	?	3.5335867561E-01	2.9209495878E-01	2.9209495878E-01	3.1177331396E-01	1.6071825205E-01	1.6071826574E-01	1.6044550971E-01	?	1.6047283729E-01	1.6064398656E-01	1.6064398656E-01	1.6064237966E-01	2.8828102032E-01	2.9053082580E-01	2.9433228225E-01	2.9043269943E-01	3.0697982446E-01	1.6053396354E-01	1.6053200695E-01	1.5974634628E-01	1.5975408990E-01	1.5971975338E-01	1.3723692783E-01	0.0000000000E00	8.6311077260E-01	8.8077600480E-01	1.6124075130E-01	8.6311314100E-01	1.6124064607E-01	1.6083380505E-01	1.6124073380E-01	1.6083380321E-01	1.2423096769E-01	
Numeraire Single-Curve	3.0718070481E-01	2.7601271626E-01	5.8511250288E-01	5.8502724417E-01	5.7152596170E-01	?	6.2980548003E-01	5.8071296070E-01	5.8071296070E-01	5.6007846954E-01	9.9115918397E-01	9.9115922427E-01	9.9088507713E-01	?	9.9091740797E-01	9.9108489466E-01	9.9108489466E-01	9.9108194430E-01	5.9325297085E-01	5.9071944134E-01	5.9063653065E-01	5.9414058069E-01	5.7451855596E-01	9.9099347731E-01	9.9099159972E-01	9.9028201474E-01	9.9028925971E-01	9.9025595734E-01	9.2915142167E-01	8.6311077260E-01	0.0000000000E00	1.8837124695E-02	9.9166742399E-01	5.3828867059E-06	9.9166725251E-01	9.9123933232E-01	9.9166735495E-01	9.9123925438E-01	8.9311496680E-01	
Discount Single-Curve	3.2499701161E-01	2.9329602331E-01	6.0211171229E-01	6.0203073970E-01	5.8901281023E-01	?	6.4790590369E-01	5.9826506871E-01	5.9826506871E-01	5.7751850992E-01	1.0088897814E00	1.0088898218E00	1.0086168869E00	?	1.0086492855E00	1.0088156558E00	1.0088156558E00	1.0088126933E00	6.1066190340E-01	6.0811565308E-01	6.0838202630E-01	6.1191443070E-01	5.9220982182E-01	1.0087236449E00	1.0087217611E00	1.0080127309E00	1.0080199988E00	1.0079865829E00	9.4666695968E-01	8.8077600480E-01	1.8837124695E-02	0.0000000000E00	1.0093943324E00	1.8834716714E-02	1.0093941605E00	1.0089682384E00	1.0093942631E00	1.0089681600E00	9.1050343975E-01	
OIS Spot Rate Single-Curve	7.4014249551E-01	7.8364441719E-01	4.1438036536E-01	4.1436940155E-01	4.9542068610E-01	?	4.4253830605E-01	4.1601116674E-01	4.1601116674E-01	4.3426072040E-01	8.5112473778E-04	8.5114110255E-04	1.2238537396E-03	?	1.2070237862E-03	9.3633590349E-04	9.3633590349E-04	9.3563245168E-04	4.0138848930E-01	4.0396717399E-01	4.0660299111E-01	4.0265987852E-01	4.2006290437E-01	9.1929560730E-04	9.2015778942E-04	1.7112657319E-03	1.7050576936E-03	1.7245532203E-03	7.7431143321E-02	1.6124075130E-01	9.9166742399E-01	1.0093943324E00	0.0000000000E00	9.9166962914E-01	8.3751603173E-07	5.6109725267E-04	5.2872236525E-07	5.6115005500E-04	1.1484773120E-01	
Numeraire Multi-Curve	3.0718410178E-01	2.7601625308E-01	5.8511453569E-01	5.8502928736E-01	5.7152799276E-01	?	6.2980762576E-01	5.8071533059E-01	5.8071533059E-01	5.6008071507E-01	9.9116139050E-01	9.9116143080E-01	9.9088728419E-01	?	9.9091961504E-01	9.9108710131E-01	9.9108710131E-01	9.9108415094E-01	5.9325505827E-01	5.9072151853E-01	5.9063893600E-01	5.9414295945E-01	5.7452084405E-01	9.9099568362E-01	9.9099380602E-01	9.9028422240E-01	9.9029146736E-01	9.9025816495E-01	9.2915344393E-01	8.6311314100E-01	5.3828867059E-06	1.8834716714E-02	9.9166962914E-01	0.0000000000E00	9.9166945766E-01	9.9124153821E-01	9.9166956010E-01	9.9124146027E-01	8.9311696433E-01	
OIS Spot Rate Multi-Curve	7.4014237899E-01	7.8364430066E-01	4.1438017813E-01	4.1436921800E-01	4.9542052635E-01	?	4.4253815695E-01	4.1601101807E-01	4.1601101807E-01	4.3426055455E-01	8.5115197135E-04	8.5116848858E-04	1.2238694148E-03	?	1.2070445912E-03	9.3635812786E-04	9.3635812786E-04	9.3565292217E-04	4.0138831144E-01	4.0396699495E-01	4.0660285624E-01	4.0265973906E-01	4.2006275301E-01	9.1924811140E-04	9.2010898643E-04	1.7112315395E-03	1.7050231943E-03	1.7245114034E-03	7.7430827567E-02	1.6124064607E-01	9.9166725251E-01	1.0093941605E00	8.3751603173E-07	9.9166945766E-01	0.0000000000E00	5.6107145034E-04	6.9909392813E-07	5.6112457641E-04	1.1484744934E-01	
LIBOR Spot Rate Multi-Curve	7.3965294723E-01	7.8315487825E-01	4.1400514242E-01	4.1399347309E-01	4.9503269550E-01	?	4.4211969577E-01	4.1557623136E-01	4.1557623136E-01	4.3384074748E-01	3.3039157179E-04	3.3043121274E-04	6.8023570870E-04	?	6.6738590211E-04	4.0313966122E-04	4.0313966122E-04	4.0119360426E-04	4.0098769456E-01	4.0356730121E-01	4.0616216095E-01	4.0221706443E-01	4.1963202863E-01	3.7730816977E-04	3.7855320589E-04	1.1936780197E-03	1.1867149563E-03	1.2094310565E-03	7.7256162076E-02	1.6083380505E-01	9.9123933232E-01	1.0089682384E00	5.6109725267E-04	9.9124153821E-01	5.6107145034E-04	0.0000000000E00	5.6110959118E-04	1.1908983678E-06	1.1463760895E-01	
OIS Forward Rate Multi-Curve	7.4014245848E-01	7.8364438015E-01	4.1438028649E-01	4.1436932682E-01	4.9542061699E-01	?	4.4253824173E-01	4.1601110955E-01	4.1601110955E-01	4.3426065770E-01	8.5116502845E-04	8.5118155888E-04	1.2238886962E-03	?	1.2070612856E-03	9.3637411582E-04	9.3637411582E-04	9.3566998717E-04	4.0138841050E-01	4.0396709466E-01	4.0660294018E-01	4.0265982361E-01	4.2006284207E-01	9.1930354783E-04	9.2016511059E-04	1.7112825004E-03	1.7050739046E-03	1.7245661894E-03	7.7430990833E-02	1.6124073380E-01	9.9166735495E-01	1.0093942631E00	5.2872236525E-07	9.9166956010E-01	6.9909392813E-07	5.6110959118E-04	0.0000000000E00	5.6116176870E-04	1.1484759529E-01	
LIBOR Forward Rate Multi-Curve	7.3965287509E-01	7.8315480611E-01	4.1400505573E-01	4.1399339031E-01	4.9503266000E-01	?	4.4211967477E-01	4.1557612917E-01	4.1557612917E-01	4.3384066215E-01	3.3036833550E-04	3.3040849796E-04	6.8017605868E-04	?	6.6733692949E-04	4.0309244503E-04	4.0309244503E-04	4.0114750791E-04	4.0098759876E-01	4.0356720603E-01	4.0616207255E-01	4.0221697147E-01	4.1963193452E-01	3.7731478274E-04	3.7856006678E-04	1.1936262724E-03	1.1866613672E-03	1.2093827754E-03	7.7256075597E-02	1.6083380321E-01	9.9123925438E-01	1.0089681600E00	5.6115005500E-04	9.9124146027E-01	5.6112457641E-04	1.1908983678E-06	5.6116176870E-04	0.0000000000E00	1.1463752093E-01	
Time	6.5752318686E-01	7.0075483205E-01	3.1110151195E-01	3.1123699425E-01	4.1196448599E-01	?	3.6968664379E-01	3.2449410879E-01	3.2449410879E-01	3.3816846933E-01	1.1471268170E-01	1.1471275511E-01	1.1458798720E-01	?	1.1461885991E-01	1.1466983506E-01	1.1466983506E-01	1.1466547227E-01	3.0148784547E-01	3.0382420203E-01	3.1682555317E-01	3.1301505759E-01	3.2653218156E-01	1.1453057678E-01	1.1452820010E-01	1.1406723235E-01	1.1407354677E-01	1.1403389312E-01	4.0596513681E-02	1.2423096769E-01	8.9311496680E-01	9.1050343975E-01	1.1484773120E-01	8.9311696433E-01	1.1484744934E-01	1.1463760895E-01	1.1484759529E-01	1.1463752093E-01	0.0000000000E00	
