	Target (OIS)	Target (LIBOR)	Caplet Vola Analytic Single-Curve	Caplet Vola Monte-Carlo Single-Curve	Caplet Vola Analytic Multi-Curve Fenton-Wilkinson	Caplet Vola Analytic Multi-Curve Ju	Caplet Vola Analytic Multi-Curve Ho	Caplet Vola Analytic Multi-Curve Drift-Freeze	Caplet Vola Analytic Multi-Curve Integrated-Expectation	Caplet Vola Monte-Carlo Multi-Curve	Caplet Value Analytic Single-Curve	Caplet Value Monte-Carlo Single-Curve	Caplet Value Analytic Multi-Curve Fenton-Wilkinson	Caplet Value Analytic Multi-Curve Ju	Caplet Value Analytic Multi-Curve Ho	Caplet Value Analytic Multi-Curve Drift-Freeze	Caplet Value Analytic Multi-Curve Integrated-Expectation	Caplet Value Monte-Carlo Multi-Curve	Swaption Vola Analytic Single-Curve	Swaption Vola Monte-Carlo Single-Curve	Swaption Vola Analytic Multi-Curve Drift-Freeze	Swaption Vola Analytic Multi-Curve Integrated-Expectation	Swaption Vola Monte-Carlo Multi-Curve	Swaption Value Analytic Single-Curve	Swaption Value Monte-Carlo Single-Curve	Swaption Value Analytic Multi-Curve Drift-Freeze	Swaption Value Analytic Multi-Curve Integrated-Expectation	Swaption Value Monte-Carlo Multi-Curve	Swaption Exercise Date	Swaption Number Of Periods	Numeraire Single-Curve	Discount Single-Curve	OIS Spot Rate Single-Curve	Numeraire Multi-Curve	OIS Spot Rate Multi-Curve	LIBOR Spot Rate Multi-Curve	OIS Forward Rate Multi-Curve	LIBOR Forward Rate Multi-Curve	Time
Target (OIS)	0.0000000000E00	4.3501934934E-02	4.4857676248E-01	4.4854246433E-01	4.6375455050E-01	4.6440130508E-01	4.9689024552E-01	4.6507628357E-01	4.6507628357E-01	4.6639573780E-01	7.3679620185E-01	7.3679428259E-01	7.3664038948E-01	7.3664677247E-01	7.3700816196E-01	7.3665196472E-01	7.3665196472E-01	7.3666915746E-01	5.4707989272E-01	5.4933138766E-01	5.5644255802E-01	5.5934199635E-01	5.5777561918E-01	7.2336653682E-01	7.2363229486E-01	7.2255473834E-01	7.2301825197E-01	7.2280573322E-01	6.8881403242E-01	6.0924728847E-01	6.3001821864E-01	1.2904271764E-01	7.1856718358E-01	6.2565865684E-01	7.1863323024E-01	7.1668767449E-01	7.1860006492E-01	7.1665702781E-01	6.5752318686E-01	
Target (LIBOR)	4.3501934934E-02	0.0000000000E00	4.9206239384E-01	4.9202841235E-01	5.0725471616E-01	5.0790143830E-01	5.4032131605E-01	5.0857639904E-01	5.0857639904E-01	5.0989472854E-01	7.8029804112E-01	7.8029612118E-01	7.8014223232E-01	7.8014861555E-01	7.8051000655E-01	7.8015380788E-01	7.8015380788E-01	7.8017100167E-01	5.9010236455E-01	5.9236112395E-01	5.9955922802E-01	6.0246004067E-01	6.0090789822E-01	7.6686343824E-01	7.6712940792E-01	7.6605145296E-01	7.6651546331E-01	7.6630277736E-01	7.3217878221E-01	6.5234981453E-01	6.0110727865E-01	9.3789897896E-02	7.6206247648E-01	5.9666253477E-01	7.6212854837E-01	7.6018354381E-01	7.6209537875E-01	7.6015289240E-01	7.0075483205E-01	
Caplet Vola Analytic Single-Curve	4.4857676248E-01	4.9206239384E-01	0.0000000000E00	2.1231713144E-03	1.9793333001E-02	2.0274991181E-02	6.2766447605E-02	2.0981869195E-02	2.0981869195E-02	2.1685483216E-02	2.8875990300E-01	2.8875830743E-01	2.8860342042E-01	2.8860966391E-01	2.8896824432E-01	2.8861479201E-01	2.8861479201E-01	2.8863139822E-01	1.2597860209E-01	1.2734474815E-01	1.2996629269E-01	1.3222511780E-01	1.3002131473E-01	2.7579318074E-01	2.7604369560E-01	2.7499575950E-01	2.7542707952E-01	2.7522243465E-01	2.4665283859E-01	1.7821797928E-01	9.9557549319E-01	5.6523636664E-01	2.7120797589E-01	9.9203004106E-01	2.7127037886E-01	2.6929740321E-01	2.7123853131E-01	2.6926805067E-01	2.2149707562E-01	
Caplet Vola Monte-Carlo Single-Curve	4.4854246433E-01	4.9202841235E-01	2.1231713144E-03	0.0000000000E00	1.9988174932E-02	2.0454324554E-02	6.2961199932E-02	2.1151308074E-02	2.1151308074E-02	2.1821544286E-02	2.8878347091E-01	2.8878171303E-01	2.8862698506E-01	2.8863323012E-01	2.8899185183E-01	2.8863835829E-01	2.8863835829E-01	2.8865497299E-01	1.2585530559E-01	1.2722431382E-01	1.2987545241E-01	1.3214409234E-01	1.2993457481E-01	2.7580429223E-01	2.7605528551E-01	2.7500594937E-01	2.7543831916E-01	2.7523346014E-01	2.4672549862E-01	1.7822653896E-01	9.9559835533E-01	5.6516233105E-01	2.7122393476E-01	9.9204981339E-01	2.7128688608E-01	2.6931327026E-01	2.7125497420E-01	2.6928386811E-01	2.2155615170E-01	
Caplet Vola Analytic Multi-Curve Fenton-Wilkinson	4.6375455050E-01	5.0725471616E-01	1.9793333001E-02	1.9988174932E-02	0.0000000000E00	7.4801445404E-04	4.3119225726E-02	1.4714667639E-03	1.4714667639E-03	3.6518504677E-03	2.7310029869E-01	2.7309859990E-01	2.7294480639E-01	2.7295115062E-01	2.7331128534E-01	2.7295632102E-01	2.7295632102E-01	2.7297330205E-01	1.1454756617E-01	1.1590363995E-01	1.1671089697E-01	1.1904438496E-01	1.1696863447E-01	2.5982134577E-01	2.6007990907E-01	2.5901863550E-01	2.5946549596E-01	2.5925856615E-01	2.2941135139E-01	1.6330302077E-01	1.0049955582E00	5.7927522076E-01	2.5505391989E-01	1.0014810525E00	2.5511787092E-01	2.5316159876E-01	2.5508540948E-01	2.5313163735E-01	2.0339904114E-01	
Caplet Vola Analytic Multi-Curve Ju	4.6440130508E-01	5.0790143830E-01	2.0274991181E-02	2.0454324554E-02	7.4801445404E-04	0.0000000000E00	4.2696195585E-02	7.7291153573E-04	7.7291153573E-04	3.0268511946E-03	2.7245463072E-01	2.7245293098E-01	2.7229920055E-01	2.7230554070E-01	2.7266548938E-01	2.7231070788E-01	2.7231070788E-01	2.7232767579E-01	1.1397765371E-01	1.1532660420E-01	1.1610829583E-01	1.1843919158E-01	1.1635805324E-01	2.5917369135E-01	2.5943227908E-01	2.5837116995E-01	2.5881813562E-01	2.5861122935E-01	2.2874165769E-01	1.6281668831E-01	1.0054847962E00	5.7989570646E-01	2.5440527165E-01	1.0019717288E00	2.5446917684E-01	2.5251325271E-01	2.5443675167E-01	2.5248332793E-01	2.0274053517E-01	
Caplet Vola Analytic Multi-Curve Ho	4.9689024552E-01	5.4032131605E-01	6.2766447605E-02	6.2961199932E-02	4.3119225726E-02	4.2696195585E-02	0.0000000000E00	4.2029681023E-02	4.2029681023E-02	4.1733834190E-02	2.4242696968E-01	2.4242508118E-01	2.4227533518E-01	2.4228190075E-01	2.4264337753E-01	2.4228714890E-01	2.4228714890E-01	2.4230495382E-01	1.0182977011E-01	1.0302279192E-01	9.8578359154E-02	1.0089112825E-01	9.9440780453E-02	2.2848502748E-01	2.2876166851E-01	2.2767681966E-01	2.2815841101E-01	2.2794764698E-01	1.9515376538E-01	1.3566591468E-01	1.0259595607E00	6.1002658535E-01	2.2328611191E-01	1.0225115360E00	2.2335340111E-01	2.2146127665E-01	2.2331959229E-01	2.2142996199E-01	1.6701554463E-01	
Caplet Vola Analytic Multi-Curve Drift-Freeze	4.6507628357E-01	5.0857639904E-01	2.0981869195E-02	2.1151308074E-02	1.4714667639E-03	7.7291153573E-04	4.2029681023E-02	0.0000000000E00	0.0000000000E00	2.6221307153E-03	2.7177870141E-01	2.7177699848E-01	2.7162333926E-01	2.7162967968E-01	2.7198954338E-01	2.7163484591E-01	2.7163484591E-01	2.7165181702E-01	1.1341934829E-01	1.1476404125E-01	1.1549392706E-01	1.1782578400E-01	1.1574550028E-01	2.5848958355E-01	2.5874838107E-01	2.5768707562E-01	2.5813448466E-01	2.5792755364E-01	2.2801307033E-01	1.6225964136E-01	1.0059431560E00	5.8052800030E-01	2.5371581855E-01	1.0024315178E00	2.5377973987E-01	2.5182446862E-01	2.5374731703E-01	2.5179454634E-01	2.0199646543E-01	
Caplet Vola Analytic Multi-Curve Integrated-Expectation	4.6507628357E-01	5.0857639904E-01	2.0981869195E-02	2.1151308074E-02	1.4714667639E-03	7.7291153573E-04	4.2029681023E-02	0.0000000000E00	0.0000000000E00	2.6221307153E-03	2.7177870141E-01	2.7177699848E-01	2.7162333926E-01	2.7162967968E-01	2.7198954338E-01	2.7163484591E-01	2.7163484591E-01	2.7165181702E-01	1.1341934829E-01	1.1476404125E-01	1.1549392706E-01	1.1782578400E-01	1.1574550028E-01	2.5848958355E-01	2.5874838107E-01	2.5768707562E-01	2.5813448466E-01	2.5792755364E-01	2.2801307033E-01	1.6225964136E-01	1.0059431560E00	5.8052800030E-01	2.5371581855E-01	1.0024315178E00	2.5377973987E-01	2.5182446862E-01	2.5374731703E-01	2.5179454634E-01	2.0199646543E-01	
Caplet Vola Monte-Carlo Multi-Curve	4.6639573780E-01	5.0989472854E-01	2.1685483216E-02	2.1821544286E-02	3.6518504677E-03	3.0268511946E-03	4.1733834190E-02	2.6221307153E-03	2.6221307153E-03	0.0000000000E00	2.7049976898E-01	2.7049807277E-01	2.7034458114E-01	2.7035089788E-01	2.7070994388E-01	2.7035604939E-01	2.7035604939E-01	2.7037280855E-01	1.1251149081E-01	1.1383316020E-01	1.1451884436E-01	1.1682674385E-01	1.1473308171E-01	2.5722372970E-01	2.5748219464E-01	2.5642283970E-01	2.5686932552E-01	2.5666271318E-01	2.2666426517E-01	1.6127949599E-01	1.0068980457E00	5.8181985437E-01	2.5245587516E-01	1.0033940801E00	2.5251906963E-01	2.5056445609E-01	2.5248723923E-01	2.5053513861E-01	2.0070818251E-01	
Caplet Value Analytic Single-Curve	7.3679620185E-01	7.8029804112E-01	2.8875990300E-01	2.8878347091E-01	2.7310029869E-01	2.7245463072E-01	2.4242696968E-01	2.7177870141E-01	2.7177870141E-01	2.7049976898E-01	0.0000000000E00	2.4098712956E-05	1.6673968560E-04	1.6016847122E-04	2.4180693719E-04	1.5472130681E-04	1.5472130681E-04	1.3957508216E-04	2.1344532619E-01	2.1119921139E-01	2.0077638005E-01	1.9821701127E-01	1.9885508122E-01	1.6875410763E-02	1.6518515854E-02	1.7652859027E-02	1.6943471207E-02	1.7236041566E-02	7.4667615683E-02	1.5829249878E-01	1.2544196606E00	8.5114457895E-01	2.1584365107E-02	1.2512202948E00	2.1516880143E-02	2.2901163764E-02	2.1546290356E-02	2.2929682208E-02	1.1182371863E-01	
Caplet Value Monte-Carlo Single-Curve	7.3679428259E-01	7.8029612118E-01	2.8875830743E-01	2.8878171303E-01	2.7309859990E-01	2.7245293098E-01	2.4242508118E-01	2.7177699848E-01	2.7177699848E-01	2.7049807277E-01	2.4098712956E-05	0.0000000000E00	1.6586120504E-04	1.5948924670E-04	2.4765864274E-04	1.5417503748E-04	1.5417503748E-04	1.4001327281E-04	2.1344373081E-01	2.1119765532E-01	2.0077472959E-01	1.9821543595E-01	1.9885354675E-01	1.6871345699E-02	1.6514500786E-02	1.7648692582E-02	1.6939392607E-02	1.7231972045E-02	7.4669185195E-02	1.5828954826E-01	1.2544187909E00	8.5114242790E-01	2.1581039903E-02	1.2512193875E00	2.1513647935E-02	2.2897900489E-02	2.1543040056E-02	2.2926404072E-02	1.1182354399E-01	
Caplet Value Analytic Multi-Curve Fenton-Wilkinson	7.3664038948E-01	7.8014223232E-01	2.8860342042E-01	2.8862698506E-01	2.7294480639E-01	2.7229920055E-01	2.4227533518E-01	2.7162333926E-01	2.7162333926E-01	2.7034458114E-01	1.6673968560E-04	1.6586120504E-04	0.0000000000E00	7.5111577747E-06	3.9996004148E-04	1.3285574996E-05	1.3285574996E-05	4.2211534866E-05	2.1331063944E-01	2.1106467188E-01	2.0064163479E-01	1.9808245661E-01	1.9871971763E-01	1.6767673304E-02	1.6410603689E-02	1.7542293477E-02	1.6831740579E-02	1.7124311597E-02	7.4599453725E-02	1.5815655097E-01	1.2542935851E00	8.5099300272E-01	2.1473534230E-02	1.2510939387E00	2.1406262008E-02	2.2782470001E-02	2.1435524416E-02	2.2810874455E-02	1.1173990156E-01	
Caplet Value Analytic Multi-Curve Ju	7.3664677247E-01	7.8014861555E-01	2.8860966391E-01	2.8863323012E-01	2.7295115062E-01	2.7230554070E-01	2.4228190075E-01	2.7162967968E-01	2.7162967968E-01	2.7035089788E-01	1.6016847122E-04	1.5948924670E-04	7.5111577747E-06	0.0000000000E00	3.9269917865E-04	5.8262300876E-06	5.8262300876E-06	3.6023126622E-05	2.1331614431E-01	2.1107014724E-01	2.0064725237E-01	1.9808803592E-01	1.9872529850E-01	1.6773341634E-02	1.6416270702E-02	1.7548053070E-02	1.6837531693E-02	1.7130092473E-02	7.4603442798E-02	1.5816244803E-01	1.2542993717E00	8.5099937261E-01	2.1479562864E-02	1.2510997370E00	2.1412277301E-02	2.2788677360E-02	2.1441547935E-02	2.2817088658E-02	1.1174465487E-01	
Caplet Value Analytic Multi-Curve Ho	7.3700816196E-01	7.8051000655E-01	2.8896824432E-01	2.8899185183E-01	2.7331128534E-01	2.7266548938E-01	2.4264337753E-01	2.7198954338E-01	2.7198954338E-01	2.7070994388E-01	2.4180693719E-04	2.4765864274E-04	3.9996004148E-04	3.9269917865E-04	0.0000000000E00	3.8690237994E-04	3.8690237994E-04	3.6676860141E-04	2.1362542729E-01	2.1137838756E-01	2.0096014249E-01	1.9839962372E-01	1.9903793392E-01	1.7060503948E-02	1.6703668351E-02	1.7840913677E-02	1.7132724577E-02	1.7425010046E-02	7.4795933210E-02	1.5848929499E-01	1.2546093428E00	8.5135522563E-01	2.1778939722E-02	1.2514103580E00	2.1711058183E-02	2.3102076914E-02	2.1740716348E-02	2.3130799376E-02	1.1197674588E-01	
Caplet Value Analytic Multi-Curve Drift-Freeze	7.3665196472E-01	7.8015380788E-01	2.8861479201E-01	2.8863835829E-01	2.7295632102E-01	2.7231070788E-01	2.4228714890E-01	2.7163484591E-01	2.7163484591E-01	2.7035604939E-01	1.5472130681E-04	1.5417503748E-04	1.3285574996E-05	5.8262300876E-06	3.8690237994E-04	0.0000000000E00	0.0000000000E00	3.1832192554E-05	2.1332053986E-01	2.1107452385E-01	2.0065171677E-01	1.9809247770E-01	1.9872975002E-01	1.6777570080E-02	1.6420500590E-02	1.7552365097E-02	1.6841875392E-02	1.7134431366E-02	7.4606281365E-02	1.5816722312E-01	1.2543038667E00	8.5100449696E-01	2.1484010572E-02	1.2511042415E00	2.1416715459E-02	2.2793315450E-02	2.1445992196E-02	2.2821731711E-02	1.1174809634E-01	
Caplet Value Analytic Multi-Curve Integrated-Expectation	7.3665196472E-01	7.8015380788E-01	2.8861479201E-01	2.8863835829E-01	2.7295632102E-01	2.7231070788E-01	2.4228714890E-01	2.7163484591E-01	2.7163484591E-01	2.7035604939E-01	1.5472130681E-04	1.5417503748E-04	1.3285574996E-05	5.8262300876E-06	3.8690237994E-04	0.0000000000E00	0.0000000000E00	3.1832192554E-05	2.1332053986E-01	2.1107452385E-01	2.0065171677E-01	1.9809247770E-01	1.9872975002E-01	1.6777570080E-02	1.6420500590E-02	1.7552365097E-02	1.6841875392E-02	1.7134431366E-02	7.4606281365E-02	1.5816722312E-01	1.2543038667E00	8.5100449696E-01	2.1484010572E-02	1.2511042415E00	2.1416715459E-02	2.2793315450E-02	2.1445992196E-02	2.2821731711E-02	1.1174809634E-01	
Caplet Value Monte-Carlo Multi-Curve	7.3666915746E-01	7.8017100167E-01	2.8863139822E-01	2.8865497299E-01	2.7297330205E-01	2.7232767579E-01	2.4230495382E-01	2.7165181702E-01	2.7165181702E-01	2.7037280855E-01	1.3957508216E-04	1.4001327281E-04	4.2211534866E-05	3.6023126622E-05	3.6676860141E-04	3.1832192554E-05	3.1832192554E-05	0.0000000000E00	2.1333629303E-01	2.1109023276E-01	2.0066770059E-01	1.9810832001E-01	1.9874561716E-01	1.6794131417E-02	1.6437083257E-02	1.7569267745E-02	1.6858807834E-02	1.7151365228E-02	7.4613788417E-02	1.5818220066E-01	1.2543180081E00	8.5102167540E-01	2.1501066871E-02	1.2511184703E00	2.1433653111E-02	2.2810736734E-02	2.1463024061E-02	2.2839240100E-02	1.1175872379E-01	
Swaption Vola Analytic Single-Curve	5.4707989272E-01	5.9010236455E-01	1.2597860209E-01	1.2585530559E-01	1.1454756617E-01	1.1397765371E-01	1.0182977011E-01	1.1341934829E-01	1.1341934829E-01	1.1251149081E-01	2.1344532619E-01	2.1344373081E-01	2.1331063944E-01	2.1331614431E-01	2.1362542729E-01	2.1332053986E-01	2.1332053986E-01	2.1333629303E-01	0.0000000000E00	3.0144166326E-03	1.6032887528E-02	1.7432792205E-02	1.6254982889E-02	2.0261319356E-01	2.0281370596E-01	2.0196839651E-01	2.0228727080E-01	2.0218523091E-01	1.6809111576E-01	1.7742430328E-01	1.0681339835E00	6.5847890142E-01	1.9642186791E-01	1.0647963298E00	1.9647865625E-01	1.9474312406E-01	1.9644934282E-01	1.9471623119E-01	1.5025794776E-01	
Swaption Vola Monte-Carlo Single-Curve	5.4933138766E-01	5.9236112395E-01	1.2734474815E-01	1.2722431382E-01	1.1590363995E-01	1.1532660420E-01	1.0302279192E-01	1.1476404125E-01	1.1476404125E-01	1.1383316020E-01	2.1119921139E-01	2.1119765532E-01	2.1106467188E-01	2.1107014724E-01	2.1137838756E-01	2.1107452385E-01	2.1107452385E-01	2.1109023276E-01	3.0144166326E-03	0.0000000000E00	1.5484966263E-02	1.6370862975E-02	1.5050952541E-02	2.0044497112E-01	2.0064320200E-01	1.9980317347E-01	2.0011814778E-01	2.0001716915E-01	1.6632077076E-01	1.7639160249E-01	1.0706944015E00	6.6084657621E-01	1.9428009275E-01	1.0673563622E00	1.9433652657E-01	1.9260126567E-01	1.9430726654E-01	1.9257441562E-01	1.4897311267E-01	
Swaption Vola Analytic Multi-Curve Drift-Freeze	5.5644255802E-01	5.9955922802E-01	1.2996629269E-01	1.2987545241E-01	1.1671089697E-01	1.1610829583E-01	9.8578359154E-02	1.1549392706E-01	1.1549392706E-01	1.1451884436E-01	2.0077638005E-01	2.0077472959E-01	2.0064163479E-01	2.0064725237E-01	2.0096014249E-01	2.0065171677E-01	2.0065171677E-01	2.0066770059E-01	1.6032887528E-02	1.5484966263E-02	0.0000000000E00	3.8457328226E-03	4.3835304753E-03	1.8961358103E-01	1.8982140187E-01	1.8896126208E-01	1.8929266642E-01	1.8918799263E-01	1.5374162716E-01	1.6637359983E-01	1.0752904776E00	6.6771275621E-01	1.8322536949E-01	1.0719709089E00	1.8328319297E-01	1.8155375963E-01	1.8325361221E-01	1.8152662659E-01	1.3527843672E-01	
Swaption Vola Analytic Multi-Curve Integrated-Expectation	5.5934199635E-01	6.0246004067E-01	1.3222511780E-01	1.3214409234E-01	1.1904438496E-01	1.1843919158E-01	1.0089112825E-01	1.1782578400E-01	1.1782578400E-01	1.1682674385E-01	1.9821701127E-01	1.9821543595E-01	1.9808245661E-01	1.9808803592E-01	1.9839962372E-01	1.9809247770E-01	1.9809247770E-01	1.9810832001E-01	1.7432792205E-02	1.6370862975E-02	3.8457328226E-03	0.0000000000E00	3.5671269154E-03	1.8724354795E-01	1.8744660785E-01	1.8659831740E-01	1.8691905519E-01	1.8681880906E-01	1.5180802669E-01	1.6609859602E-01	1.0785902821E00	6.7078821284E-01	1.8083515543E-01	1.0752744881E00	1.8089218385E-01	1.7916514624E-01	1.8086289490E-01	1.7913829498E-01	1.3416887294E-01	
Swaption Vola Monte-Carlo Multi-Curve	5.5777561918E-01	6.0090789822E-01	1.3002131473E-01	1.2993457481E-01	1.1696863447E-01	1.1635805324E-01	9.9440780453E-02	1.1574550028E-01	1.1574550028E-01	1.1473308171E-01	1.9885508122E-01	1.9885354675E-01	1.9871971763E-01	1.9872529850E-01	1.9903793392E-01	1.9872975002E-01	1.9872975002E-01	1.9874561716E-01	1.6254982889E-02	1.5050952541E-02	4.3835304753E-03	3.5671269154E-03	0.0000000000E00	1.8779773535E-01	1.8800236978E-01	1.8714647305E-01	1.8747200917E-01	1.8736735683E-01	1.5271342242E-01	1.6505822265E-01	1.0777452457E00	6.6936564533E-01	1.8149334462E-01	1.0744236412E00	1.8155035495E-01	1.7981038058E-01	1.8152096445E-01	1.7978342812E-01	1.3499980291E-01	
Swaption Value Analytic Single-Curve	7.2336653682E-01	7.6686343824E-01	2.7579318074E-01	2.7580429223E-01	2.5982134577E-01	2.5917369135E-01	2.2848502748E-01	2.5848958355E-01	2.5848958355E-01	2.5722372970E-01	1.6875410763E-02	1.6871345699E-02	1.6767673304E-02	1.6773341634E-02	1.7060503948E-02	1.6777570080E-02	1.6777570080E-02	1.6794131417E-02	2.0261319356E-01	2.0044497112E-01	1.8961358103E-01	1.8724354795E-01	1.8779773535E-01	0.0000000000E00	3.7194824444E-04	8.8416056557E-04	5.9288587696E-04	6.8231744953E-04	6.2956456893E-02	1.4446290686E-01	1.2396858010E00	8.3721209204E-01	9.2469868420E-03	1.2364744009E00	9.2123682858E-03	1.0117475495E-02	9.2283786398E-03	1.0137634968E-02	9.7922387965E-02	
Swaption Value Monte-Carlo Single-Curve	7.2363229486E-01	7.6712940792E-01	2.7604369560E-01	2.7605528551E-01	2.6007990907E-01	2.5943227908E-01	2.2876166851E-01	2.5874838107E-01	2.5874838107E-01	2.5748219464E-01	1.6518515854E-02	1.6514500786E-02	1.6410603689E-02	1.6416270702E-02	1.6703668351E-02	1.6420500590E-02	1.6420500590E-02	1.6437083257E-02	2.0281370596E-01	2.0064320200E-01	1.8982140187E-01	1.8744660785E-01	1.8800236978E-01	3.7194824444E-04	0.0000000000E00	1.2108649743E-03	7.0431331183E-04	9.0876589595E-04	6.3177457189E-02	1.4474581841E-01	1.2399862144E00	8.3749038967E-01	9.3613121359E-03	1.2367749604E00	9.3243503299E-03	1.0260651318E-02	9.3411890794E-03	1.0281376940E-02	9.8204879304E-02	
Swaption Value Analytic Multi-Curve Drift-Freeze	7.2255473834E-01	7.6605145296E-01	2.7499575950E-01	2.7500594937E-01	2.5901863550E-01	2.5837116995E-01	2.2767681966E-01	2.5768707562E-01	2.5768707562E-01	2.5642283970E-01	1.7652859027E-02	1.7648692582E-02	1.7542293477E-02	1.7548053070E-02	1.7840913677E-02	1.7552365097E-02	1.7552365097E-02	1.7569267745E-02	2.0196839651E-01	1.9980317347E-01	1.8896126208E-01	1.8659831740E-01	1.8714647305E-01	8.8416056557E-04	1.2108649743E-03	0.0000000000E00	7.6804184916E-04	4.7144948167E-04	6.2607642807E-02	1.4367960288E-01	1.2389557363E00	8.3640216493E-01	9.0175833677E-03	1.2357427618E00	8.9909311237E-03	9.7528692603E-03	9.0029927353E-03	9.7700285970E-03	9.7399336497E-02	
Swaption Value Analytic Multi-Curve Integrated-Expectation	7.2301825197E-01	7.6651546331E-01	2.7542707952E-01	2.7543831916E-01	2.5946549596E-01	2.5881813562E-01	2.2815841101E-01	2.5813448466E-01	2.5813448466E-01	2.5686932552E-01	1.6943471207E-02	1.6939392607E-02	1.6831740579E-02	1.6837531693E-02	1.7132724577E-02	1.6841875392E-02	1.6841875392E-02	1.6858807834E-02	2.0228727080E-01	2.0011814778E-01	1.8929266642E-01	1.8691905519E-01	1.8747200917E-01	5.9288587696E-04	7.0431331183E-04	7.6804184916E-04	0.0000000000E00	3.8373868449E-04	6.2974345245E-02	1.4423267657E-01	1.2394958288E00	8.3689386261E-01	9.1016342247E-03	1.2362835804E00	9.0696035691E-03	9.8970504043E-03	9.0838057064E-03	9.9158926300E-03	9.7908453970E-02	
Swaption Value Monte-Carlo Multi-Curve	7.2280573322E-01	7.6630277736E-01	2.7522243465E-01	2.7523346014E-01	2.5925856615E-01	2.5861122935E-01	2.2794764698E-01	2.5792755364E-01	2.5792755364E-01	2.5666271318E-01	1.7236041566E-02	1.7231972045E-02	1.7124311597E-02	1.7130092473E-02	1.7425010046E-02	1.7134431366E-02	1.7134431366E-02	1.7151365228E-02	2.0218523091E-01	2.0001716915E-01	1.8918799263E-01	1.8681880906E-01	1.8736735683E-01	6.8231744953E-04	9.0876589595E-04	4.7144948167E-04	3.8373868449E-04	0.0000000000E00	6.2902698853E-02	1.4392158418E-01	1.2392908640E00	8.3667805034E-01	9.1471202852E-03	1.2360779749E00	9.1174757576E-03	9.9009104080E-03	9.1305463491E-03	9.9188164086E-03	9.7757989023E-02	
Swaption Exercise Date	6.8881403242E-01	7.3217878221E-01	2.4665283859E-01	2.4672549862E-01	2.2941135139E-01	2.2874165769E-01	1.9515376538E-01	2.2801307033E-01	2.2801307033E-01	2.2666426517E-01	7.4667615683E-02	7.4669185195E-02	7.4599453725E-02	7.4603442798E-02	7.4795933210E-02	7.4606281365E-02	7.4606281365E-02	7.4613788417E-02	1.6809111576E-01	1.6632077076E-01	1.5374162716E-01	1.5180802669E-01	1.5271342242E-01	6.2956456893E-02	6.3177457189E-02	6.2607642807E-02	6.2974345245E-02	6.2902698853E-02	0.0000000000E00	1.3723692783E-01	1.1881946291E00	7.9902528083E-01	5.5943303662E-02	1.1851086111E00	5.5946002988E-02	5.5348490649E-02	5.5949513722E-02	5.5354389650E-02	4.0596513681E-02	
Swaption Number Of Periods	6.0924728847E-01	6.5234981453E-01	1.7821797928E-01	1.7822653896E-01	1.6330302077E-01	1.6281668831E-01	1.3566591468E-01	1.6225964136E-01	1.6225964136E-01	1.6127949599E-01	1.5829249878E-01	1.5828954826E-01	1.5815655097E-01	1.5816244803E-01	1.5848929499E-01	1.5816722312E-01	1.5816722312E-01	1.5818220066E-01	1.7742430328E-01	1.7639160249E-01	1.6637359983E-01	1.6609859602E-01	1.6505822265E-01	1.4446290686E-01	1.4474581841E-01	1.4367960288E-01	1.4423267657E-01	1.4392158418E-01	1.3723692783E-01	0.0000000000E00	1.1363972185E00	7.2345790659E-01	1.4300228199E-01	1.1329896132E00	1.4306148633E-01	1.4147242247E-01	1.4303431067E-01	1.4144732075E-01	1.2423096769E-01	
Numeraire Single-Curve	6.3001821864E-01	6.0110727865E-01	9.9557549319E-01	9.9559835533E-01	1.0049955582E00	1.0054847962E00	1.0259595607E00	1.0059431560E00	1.0059431560E00	1.0068980457E00	1.2544196606E00	1.2544187909E00	1.2542935851E00	1.2542993717E00	1.2546093428E00	1.2543038667E00	1.2543038667E00	1.2543180081E00	1.0681339835E00	1.0706944015E00	1.0752904776E00	1.0785902821E00	1.0777452457E00	1.2396858010E00	1.2399862144E00	1.2389557363E00	1.2394958288E00	1.2392908640E00	1.1881946291E00	1.1363972185E00	0.0000000000E00	5.1164699839E-01	1.2336848305E00	6.1681980722E-03	1.2337366141E00	1.2321611666E00	1.2337139063E00	1.2321407014E00	1.1502880956E00	
Discount Single-Curve	1.2904271764E-01	9.3789897896E-02	5.6523636664E-01	5.6516233105E-01	5.7927522076E-01	5.7989570646E-01	6.1002658535E-01	5.8052800030E-01	5.8052800030E-01	5.8181985437E-01	8.5114457895E-01	8.5114242790E-01	8.5099300272E-01	8.5099937261E-01	8.5135522563E-01	8.5100449696E-01	8.5100449696E-01	8.5102167540E-01	6.5847890142E-01	6.6084657621E-01	6.6771275621E-01	6.7078821284E-01	6.6936564533E-01	8.3721209204E-01	8.3749038967E-01	8.3640216493E-01	8.3689386261E-01	8.3667805034E-01	7.9902528083E-01	7.2345790659E-01	5.1164699839E-01	0.0000000000E00	8.3213484197E-01	5.0703321842E-01	8.3220135871E-01	8.3030679580E-01	8.3216882949E-01	8.3027679136E-01	7.6566517376E-01	
OIS Spot Rate Single-Curve	7.1856718358E-01	7.6206247648E-01	2.7120797589E-01	2.7122393476E-01	2.5505391989E-01	2.5440527165E-01	2.2328611191E-01	2.5371581855E-01	2.5371581855E-01	2.5245587516E-01	2.1584365107E-02	2.1581039903E-02	2.1473534230E-02	2.1479562864E-02	2.1778939722E-02	2.1484010572E-02	2.1484010572E-02	2.1501066871E-02	1.9642186791E-01	1.9428009275E-01	1.8322536949E-01	1.8083515543E-01	1.8149334462E-01	9.2469868420E-03	9.3613121359E-03	9.0175833677E-03	9.1016342247E-03	9.1471202852E-03	5.5943303662E-02	1.4300228199E-01	1.2336848305E00	8.3213484197E-01	0.0000000000E00	1.2304815738E00	1.3709888820E-04	1.9862446210E-03	8.0499524237E-05	2.0168898860E-03	9.1323481127E-02	
Numeraire Multi-Curve	6.2565865684E-01	5.9666253477E-01	9.9203004106E-01	9.9204981339E-01	1.0014810525E00	1.0019717288E00	1.0225115360E00	1.0024315178E00	1.0024315178E00	1.0033940801E00	1.2512202948E00	1.2512193875E00	1.2510939387E00	1.2510997370E00	1.2514103580E00	1.2511042415E00	1.2511042415E00	1.2511184703E00	1.0647963298E00	1.0673563622E00	1.0719709089E00	1.0752744881E00	1.0744236412E00	1.2364744009E00	1.2367749604E00	1.2357427618E00	1.2362835804E00	1.2360779749E00	1.1851086111E00	1.1329896132E00	6.1681980722E-03	5.0703321842E-01	1.2304815738E00	0.0000000000E00	1.2305337533E00	1.2289548890E00	1.2305108156E00	1.2289341973E00	1.1471955254E00	
OIS Spot Rate Multi-Curve	7.1863323024E-01	7.6212854837E-01	2.7127037886E-01	2.7128688608E-01	2.5511787092E-01	2.5446917684E-01	2.2335340111E-01	2.5377973987E-01	2.5377973987E-01	2.5251906963E-01	2.1516880143E-02	2.1513647935E-02	2.1406262008E-02	2.1412277301E-02	2.1711058183E-02	2.1416715459E-02	2.1416715459E-02	2.1433653111E-02	1.9647865625E-01	1.9433652657E-01	1.8328319297E-01	1.8089218385E-01	1.8155035495E-01	9.2123682858E-03	9.3243503299E-03	8.9909311237E-03	9.0696035691E-03	9.1174757576E-03	5.5946002988E-02	1.4306148633E-01	1.2337366141E00	8.3220135871E-01	1.3709888820E-04	1.2305337533E00	0.0000000000E00	2.0498785933E-03	8.2984326371E-05	2.0840593528E-03	9.1352833495E-02	
LIBOR Spot Rate Multi-Curve	7.1668767449E-01	7.6018354381E-01	2.6929740321E-01	2.6931327026E-01	2.5316159876E-01	2.5251325271E-01	2.2146127665E-01	2.5182446862E-01	2.5182446862E-01	2.5056445609E-01	2.2901163764E-02	2.2897900489E-02	2.2782470001E-02	2.2788677360E-02	2.3102076914E-02	2.2793315450E-02	2.2793315450E-02	2.2810736734E-02	1.9474312406E-01	1.9260126567E-01	1.8155375963E-01	1.7916514624E-01	1.7981038058E-01	1.0117475495E-02	1.0260651318E-02	9.7528692603E-03	9.8970504043E-03	9.9009104080E-03	5.5348490649E-02	1.4147242247E-01	1.2321611666E00	8.3030679580E-01	1.9862446210E-03	1.2289548890E00	2.0498785933E-03	0.0000000000E00	2.0158144284E-03	8.2280498254E-05	9.0424510977E-02	
OIS Forward Rate Multi-Curve	7.1860006492E-01	7.6209537875E-01	2.7123853131E-01	2.7125497420E-01	2.5508540948E-01	2.5443675167E-01	2.2331959229E-01	2.5374731703E-01	2.5374731703E-01	2.5248723923E-01	2.1546290356E-02	2.1543040056E-02	2.1435524416E-02	2.1441547935E-02	2.1740716348E-02	2.1445992196E-02	2.1445992196E-02	2.1463024061E-02	1.9644934282E-01	1.9430726654E-01	1.8325361221E-01	1.8086289490E-01	1.8152096445E-01	9.2283786398E-03	9.3411890794E-03	9.0029927353E-03	9.0838057064E-03	9.1305463491E-03	5.5949513722E-02	1.4303431067E-01	1.2337139063E00	8.3216882949E-01	8.0499524237E-05	1.2305108156E00	8.2984326371E-05	2.0158144284E-03	0.0000000000E00	2.0472352341E-03	9.1343941348E-02	
LIBOR Forward Rate Multi-Curve	7.1665702781E-01	7.6015289240E-01	2.6926805067E-01	2.6928386811E-01	2.5313163735E-01	2.5248332793E-01	2.2142996199E-01	2.5179454634E-01	2.5179454634E-01	2.5053513861E-01	2.2929682208E-02	2.2926404072E-02	2.2810874455E-02	2.2817088658E-02	2.3130799376E-02	2.2821731711E-02	2.2821731711E-02	2.2839240100E-02	1.9471623119E-01	1.9257441562E-01	1.8152662659E-01	1.7913829498E-01	1.7978342812E-01	1.0137634968E-02	1.0281376940E-02	9.7700285970E-03	9.9158926300E-03	9.9188164086E-03	5.5354389650E-02	1.4144732075E-01	1.2321407014E00	8.3027679136E-01	2.0168898860E-03	1.2289341973E00	2.0840593528E-03	8.2280498254E-05	2.0472352341E-03	0.0000000000E00	9.0417842597E-02	
Time	6.5752318686E-01	7.0075483205E-01	2.2149707562E-01	2.2155615170E-01	2.0339904114E-01	2.0274053517E-01	1.6701554463E-01	2.0199646543E-01	2.0199646543E-01	2.0070818251E-01	1.1182371863E-01	1.1182354399E-01	1.1173990156E-01	1.1174465487E-01	1.1197674588E-01	1.1174809634E-01	1.1174809634E-01	1.1175872379E-01	1.5025794776E-01	1.4897311267E-01	1.3527843672E-01	1.3416887294E-01	1.3499980291E-01	9.7922387965E-02	9.8204879304E-02	9.7399336497E-02	9.7908453970E-02	9.7757989023E-02	4.0596513681E-02	1.2423096769E-01	1.1502880956E00	7.6566517376E-01	9.1323481127E-02	1.1471955254E00	9.1352833495E-02	9.0424510977E-02	9.1343941348E-02	9.0417842597E-02	0.0000000000E00	
