	Target (OIS)	Target (LIBOR)	Caplet Vola Analytic Single-Curve	Caplet Vola Monte-Carlo Single-Curve	Caplet Vola Analytic Multi-Curve Fenton-Wilkinson	Caplet Vola Analytic Multi-Curve Ju	Caplet Vola Analytic Multi-Curve Ho	Caplet Vola Analytic Multi-Curve Drift-Freeze	Caplet Vola Analytic Multi-Curve Integrated-Expectation	Caplet Vola Monte-Carlo Multi-Curve	Caplet Value Analytic Single-Curve	Caplet Value Monte-Carlo Single-Curve	Caplet Value Analytic Multi-Curve Fenton-Wilkinson	Caplet Value Analytic Multi-Curve Ju	Caplet Value Analytic Multi-Curve Ho	Caplet Value Analytic Multi-Curve Drift-Freeze	Caplet Value Analytic Multi-Curve Integrated-Expectation	Caplet Value Monte-Carlo Multi-Curve	Swaption Vola Analytic Single-Curve	Swaption Vola Monte-Carlo Single-Curve	Swaption Vola Analytic Multi-Curve Drift-Freeze	Swaption Vola Analytic Multi-Curve Integrated-Expectation	Swaption Vola Monte-Carlo Multi-Curve	Swaption Value Analytic Single-Curve	Swaption Value Monte-Carlo Single-Curve	Swaption Value Analytic Multi-Curve Drift-Freeze	Swaption Value Analytic Multi-Curve Integrated-Expectation	Swaption Value Monte-Carlo Multi-Curve	Swaption Exercise Date	Swaption Number Of Periods	Numeraire Single-Curve	Discount Single-Curve	OIS Spot Rate Single-Curve	Numeraire Multi-Curve	OIS Spot Rate Multi-Curve	LIBOR Spot Rate Multi-Curve	OIS Forward Rate Multi-Curve	LIBOR Forward Rate Multi-Curve	Time
Target (OIS)	0.0000000000E00	5.1282051282E-02	3.0772880588E-01	3.1300714478E-01	3.3867621488E-01	3.4221827019E-01	3.5770967114E-01	3.4869058920E-01	3.4869058920E-01	3.4801589921E-01	1.9612729985E00	1.9626574456E00	1.9598726276E00	1.9599146662E00	1.9654413532E00	1.9605202437E00	1.9605202437E00	1.9608440319E00	2.7496312122E-01	2.9818094305E-01	3.2300431941E-01	3.2373828707E-01	3.2206850315E-01	1.6676740349E00	1.6807520303E00	1.6626839493E00	1.6636677876E00	1.6659880544E00	1.5389752351E00	1.1403252068E00	2.0000000000E00	5.4211942888E-01	1.8221865092E00	2.0000000000E00	1.8199018943E00	1.8064789880E00	1.8187036297E00	1.8055144931E00	1.3164531562E00	
Target (LIBOR)	5.1282051282E-02	0.0000000000E00	3.1926073340E-01	3.2457819238E-01	3.5039879397E-01	3.5382766260E-01	3.7626718925E-01	3.6132553498E-01	3.6132553498E-01	3.6205484280E-01	1.9631915300E00	1.9645080063E00	1.9618598654E00	1.9618998422E00	1.9671550971E00	1.9624757134E00	1.9624757134E00	1.9627836148E00	2.9471183833E-01	3.2434818733E-01	3.4962112587E-01	3.5032985824E-01	3.5076666217E-01	1.6829733810E00	1.6954992883E00	1.6781928680E00	1.6791354346E00	1.6813582749E00	1.5594878859E00	1.1744375056E00	2.0000000000E00	4.9427269596E-01	1.8307008879E00	2.0000000000E00	1.8285207611E00	1.8157092369E00	1.8273772497E00	1.8147885066E00	1.3450342513E00	
Caplet Vola Analytic Single-Curve	3.0772880588E-01	3.1926073340E-01	0.0000000000E00	4.4778159837E-02	3.5280863339E-02	3.6960967558E-02	9.5406761872E-02	5.4749389810E-02	5.4749389810E-02	6.3850420180E-02	1.9542021887E00	1.9558365912E00	1.9525491996E00	1.9525988186E00	1.9591237519E00	1.9533136151E00	1.9533136151E00	1.9536958165E00	9.2525558366E-02	1.1817877463E-01	1.0809464237E-01	1.0909940039E-01	1.1896176180E-01	1.6122449290E00	1.6272825528E00	1.6065118342E00	1.6076419572E00	1.6103076198E00	1.4652102507E00	1.0204306489E00	2.0000000000E00	6.9526822841E-01	1.7910606144E00	2.0000000000E00	1.7883982223E00	1.7727669879E00	1.7870020388E00	1.7716445545E00	1.2149818577E00	
Caplet Vola Monte-Carlo Single-Curve	3.1300714478E-01	3.2457819238E-01	4.4778159837E-02	0.0000000000E00	3.9816115657E-02	4.1522360934E-02	6.7170283724E-02	4.4881756222E-02	4.4881756222E-02	4.8923339353E-02	1.9521439141E00	1.9538509137E00	1.9504175668E00	1.9504693869E00	1.9572842759E00	1.9512158983E00	1.9512158983E00	1.9516150627E00	8.7912434308E-02	9.4927239796E-02	8.6088566323E-02	8.7145545892E-02	9.4064268335E-02	1.5963868807E00	1.6119734367E00	1.5904459028E00	1.5916169433E00	1.5943792380E00	1.4442640453E00	9.8715558661E-01	2.0000000000E00	7.3406878421E-01	1.7820744114E00	2.0000000000E00	1.7793041793E00	1.7630431777E00	1.7778515104E00	1.7618757445E00	1.1865356536E00	
Caplet Vola Analytic Multi-Curve Fenton-Wilkinson	3.3867621488E-01	3.5039879397E-01	3.5280863339E-02	3.9816115657E-02	0.0000000000E00	3.6387171179E-03	6.0578750983E-02	1.9643860290E-02	1.9643860290E-02	3.0289128930E-02	1.9525957493E00	1.9542868186E00	1.9508854989E00	1.9509368360E00	1.9576880978E00	1.9516763883E00	1.9516763883E00	1.9520718305E00	1.0561230115E-01	1.2012112143E-01	1.0493086610E-01	1.0606707634E-01	1.1532653910E-01	1.5998575331E00	1.6153243969E00	1.5939618737E00	1.5951239946E00	1.5978652238E00	1.4488423256E00	9.9509806467E-01	2.0000000000E00	7.2574682274E-01	1.7840442242E00	2.0000000000E00	1.7812975841E00	1.7651743318E00	1.7798572719E00	1.7640167398E00	1.1927395217E00	
Caplet Vola Analytic Multi-Curve Ju	3.4221827019E-01	3.5382766260E-01	3.6960967558E-02	4.1522360934E-02	3.6387171179E-03	0.0000000000E00	5.8777576104E-02	1.7841238590E-02	1.7841238590E-02	2.8969332047E-02	1.9525112283E00	1.9542052778E00	1.9507979665E00	1.9508493940E00	1.9576125590E00	1.9515902481E00	1.9515902481E00	1.9519863867E00	1.0772656779E-01	1.2127739618E-01	1.0493323848E-01	1.0601017247E-01	1.1572949888E-01	1.5992078586E00	1.6146971466E00	1.5933037083E00	1.5944675004E00	1.5972126764E00	1.4479850597E00	9.9435443437E-01	2.0000000000E00	7.2731170572E-01	1.7836756262E00	2.0000000000E00	1.7809245694E00	1.7647755283E00	1.7794819440E00	1.7636160938E00	1.1915772882E00	
Caplet Vola Analytic Multi-Curve Ho	3.5770967114E-01	3.7626718925E-01	9.5406761872E-02	6.7170283724E-02	6.0578750983E-02	5.8777576104E-02	0.0000000000E00	4.0947072452E-02	4.0947072452E-02	3.6788974862E-02	1.9496716209E00	1.9514657228E00	1.9478572655E00	1.9479117262E00	1.9550745203E00	1.9486962852E00	1.9486962852E00	1.9491158003E00	1.1948122508E-01	1.0531026744E-01	8.5125006144E-02	8.7152880281E-02	9.0004049048E-02	1.5775005846E00	1.5937340931E00	1.5713147469E00	1.5725339766E00	1.5754100892E00	1.4194086140E00	9.5261104567E-01	2.0000000000E00	7.7777686563E-01	1.7713245234E00	2.0000000000E00	1.7684260076E00	1.7514162151E00	1.7669061523E00	1.7501953011E00	1.1529879620E00	
Caplet Vola Analytic Multi-Curve Drift-Freeze	3.4869058920E-01	3.6132553498E-01	5.4749389810E-02	4.4881756222E-02	1.9643860290E-02	1.7841238590E-02	4.0947072452E-02	0.0000000000E00	0.0000000000E00	1.9533694713E-02	1.9516666736E00	1.9533904953E00	1.9499233286E00	1.9499756587E00	1.9568577376E00	1.9507295186E00	1.9507295186E00	1.9511326135E00	1.0752780605E-01	1.1328099601E-01	9.5760880958E-02	9.7238012053E-02	1.0542967527E-01	1.5927274850E00	1.6084399719E00	1.5867388322E00	1.5879192558E00	1.5907037114E00	1.4394403918E00	9.8206058958E-01	2.0000000000E00	7.4274345822E-01	1.7799955796E00	2.0000000000E00	1.7772004785E00	1.7607942856E00	1.7757347842E00	1.7596164804E00	1.1800075581E00	
Caplet Vola Analytic Multi-Curve Integrated-Expectation	3.4869058920E-01	3.6132553498E-01	5.4749389810E-02	4.4881756222E-02	1.9643860290E-02	1.7841238590E-02	4.0947072452E-02	0.0000000000E00	0.0000000000E00	1.9533694713E-02	1.9516666736E00	1.9533904953E00	1.9499233286E00	1.9499756587E00	1.9568577376E00	1.9507295186E00	1.9507295186E00	1.9511326135E00	1.0752780605E-01	1.1328099601E-01	9.5760880958E-02	9.7238012053E-02	1.0542967527E-01	1.5927274850E00	1.6084399719E00	1.5867388322E00	1.5879192558E00	1.5907037114E00	1.4394403918E00	9.8206058958E-01	2.0000000000E00	7.4274345822E-01	1.7799955796E00	2.0000000000E00	1.7772004785E00	1.7607942856E00	1.7757347842E00	1.7596164804E00	1.1800075581E00	
Caplet Vola Monte-Carlo Multi-Curve	3.4801589921E-01	3.6205484280E-01	6.3850420180E-02	4.8923339353E-02	3.0289128930E-02	2.8969332047E-02	3.6788974862E-02	1.9533694713E-02	1.9533694713E-02	0.0000000000E00	1.9513603873E00	1.9530950032E00	1.9496061357E00	1.9496587931E00	1.9565839855E00	1.9504173681E00	1.9504173681E00	1.9508229850E00	1.0278322173E-01	1.0587595063E-01	8.6014729886E-02	8.7850628535E-02	9.4243639603E-02	1.5903823923E00	1.6061754350E00	1.5843632459E00	1.5855496709E00	1.5883483009E00	1.4363511383E00	9.7608442302E-01	2.0000000000E00	7.4824947054E-01	1.7786623538E00	2.0000000000E00	1.7758513188E00	1.7593521080E00	1.7743772792E00	1.7581676583E00	1.1758311642E00	
Caplet Value Analytic Single-Curve	1.9612729985E00	1.9631915300E00	1.9542021887E00	1.9521439141E00	1.9525957493E00	1.9525112283E00	1.9496716209E00	1.9516666736E00	1.9516666736E00	1.9513603873E00	0.0000000000E00	3.7077813014E-02	3.5871365082E-02	3.4812900513E-02	1.2106402609E-01	1.9440406476E-02	1.9440406476E-02	2.6706532647E-02	1.9537702281E00	1.9514680886E00	1.9506574368E00	1.9506165403E00	1.9500379245E00	1.6104470194E00	1.5948060273E00	1.6161288815E00	1.6150205951E00	1.6123837100E00	1.7207681364E00	1.8620758456E00	2.0000000000E00	1.9776983527E00	1.3053795008E00	2.0000000000E00	1.3130172127E00	1.3548664276E00	1.3169599470E00	1.3576885723E00	1.8188583841E00	
Caplet Value Monte-Carlo Single-Curve	1.9626574456E00	1.9645080063E00	1.9558365912E00	1.9538509137E00	1.9542868186E00	1.9542052778E00	1.9514657228E00	1.9533904953E00	1.9533904953E00	1.9530950032E00	3.7077813014E-02	0.0000000000E00	7.2596263004E-02	7.1538842583E-02	8.8130977547E-02	5.6179195275E-02	5.6179195275E-02	5.7065113356E-02	1.9554198723E00	1.9531989090E00	1.9524168198E00	1.9523773640E00	1.9518191278E00	1.6231800684E00	1.6079948139E00	1.6286953111E00	1.6276195694E00	1.6250600296E00	1.7301646975E00	1.8668873159E00	2.0000000000E00	1.9784987989E00	1.3262232071E00	2.0000000000E00	1.3336779328E00	1.3745061719E00	1.3375258016E00	1.3772583500E00	1.8251092191E00	
Caplet Value Analytic Multi-Curve Fenton-Wilkinson	1.9598726276E00	1.9618598654E00	1.9525491996E00	1.9504175668E00	1.9508854989E00	1.9507979665E00	1.9478572655E00	1.9499233286E00	1.9499233286E00	1.9496061357E00	3.5871365082E-02	7.2596263004E-02	0.0000000000E00	2.6858402931E-03	1.5052105781E-01	1.6433823654E-02	1.6433823654E-02	2.7789632870E-02	1.9521018370E00	1.9497176719E00	1.9488781604E00	1.9488358082E00	1.9482366014E00	1.5976492778E00	1.5815539958E00	1.6034973032E00	1.6023565579E00	1.5996425380E00	1.7113049021E00	1.8572177901E00	2.0000000000E00	1.9768884584E00	1.2845455867E00	2.0000000000E00	1.2923633354E00	1.3352182676E00	1.2963994322E00	1.3381094059E00	1.8125519771E00	
Caplet Value Analytic Multi-Curve Ju	1.9599146662E00	1.9618998422E00	1.9525988186E00	1.9504693869E00	1.9509368360E00	1.9508493940E00	1.9479117262E00	1.9499756587E00	1.9499756587E00	1.9496587931E00	3.4812900513E-02	7.1538842583E-02	2.6858402931E-03	0.0000000000E00	1.4946821792E-01	1.5375095414E-02	1.5375095414E-02	2.6734500574E-02	1.9521519182E00	1.9497702143E00	1.9489315686E00	1.9488892601E00	1.9482906711E00	1.5980322718E00	1.5819505304E00	1.6038753434E00	1.6027355659E00	1.6000238456E00	1.7115883814E00	1.8573634993E00	2.0000000000E00	1.9769127747E00	1.2851674022E00	2.0000000000E00	1.2929798189E00	1.3358049483E00	1.2970131504E00	1.3386940410E00	1.8127410548E00	
Caplet Value Analytic Multi-Curve Ho	1.9654413532E00	1.9671550971E00	1.9591237519E00	1.9572842759E00	1.9576880978E00	1.9576125590E00	1.9550745203E00	1.9568577376E00	1.9568577376E00	1.9565839855E00	1.2106402609E-01	8.8130977547E-02	1.5052105781E-01	1.4946821792E-01	0.0000000000E00	1.3417020624E-01	1.3417020624E-01	1.2588843263E-01	1.9587377266E00	1.9566802471E00	1.9559556861E00	1.9559191320E00	1.9554019442E00	1.6490306698E00	1.6347821465E00	1.6542036661E00	1.6531947641E00	1.6507940921E00	1.7491840091E00	1.8765885822E00	2.0000000000E00	1.9801076535E00	1.3688971799E00	2.0000000000E00	1.3759683367E00	1.4146602630E00	1.3796174352E00	1.4172662729E00	1.8377275038E00	
Caplet Value Analytic Multi-Curve Drift-Freeze	1.9605202437E00	1.9624757134E00	1.9533136151E00	1.9512158983E00	1.9516763883E00	1.9515902481E00	1.9486962852E00	1.9507295186E00	1.9507295186E00	1.9504173681E00	1.9440406476E-02	5.6179195275E-02	1.6433823654E-02	1.5375095414E-02	1.3417020624E-01	0.0000000000E00	0.0000000000E00	1.6771775345E-02	1.9528733734E00	1.9505271314E00	1.9497009624E00	1.9496592832E00	1.9490695960E00	1.6035575555E00	1.5876715349E00	1.6093290313E00	1.6082032399E00	1.6055247553E00	1.7156761145E00	1.8594633554E00	2.0000000000E00	1.9772630326E00	1.2941495375E00	2.0000000000E00	1.3018846491E00	1.3442778062E00	1.3058778892E00	1.3471372569E00	1.8154664039E00	
Caplet Value Analytic Multi-Curve Integrated-Expectation	1.9605202437E00	1.9624757134E00	1.9533136151E00	1.9512158983E00	1.9516763883E00	1.9515902481E00	1.9486962852E00	1.9507295186E00	1.9507295186E00	1.9504173681E00	1.9440406476E-02	5.6179195275E-02	1.6433823654E-02	1.5375095414E-02	1.3417020624E-01	0.0000000000E00	0.0000000000E00	1.6771775345E-02	1.9528733734E00	1.9505271314E00	1.9497009624E00	1.9496592832E00	1.9490695960E00	1.6035575555E00	1.5876715349E00	1.6093290313E00	1.6082032399E00	1.6055247553E00	1.7156761145E00	1.8594633554E00	2.0000000000E00	1.9772630326E00	1.2941495375E00	2.0000000000E00	1.3018846491E00	1.3442778062E00	1.3058778892E00	1.3471372569E00	1.8154664039E00	
Caplet Value Monte-Carlo Multi-Curve	1.9608440319E00	1.9627836148E00	1.9536958165E00	1.9516150627E00	1.9520718305E00	1.9519863867E00	1.9491158003E00	1.9511326135E00	1.9511326135E00	1.9508229850E00	2.6706532647E-02	5.7065113356E-02	2.7789632870E-02	2.6734500574E-02	1.2588843263E-01	1.6771775345E-02	1.6771775345E-02	0.0000000000E00	1.9532591363E00	1.9509318615E00	1.9501123659E00	1.9500710233E00	1.9494860975E00	1.6065180695E00	1.5907372077E00	1.6122510833E00	1.6111328051E00	1.6084721749E00	1.7178649132E00	1.8605867744E00	2.0000000000E00	1.9774502888E00	1.2989711253E00	2.0000000000E00	1.3066645202E00	1.3488246617E00	1.3106361275E00	1.3516681285E00	1.8169248417E00	
Swaption Vola Analytic Single-Curve	2.7496312122E-01	2.9471183833E-01	9.2525558366E-02	8.7912434308E-02	1.0561230115E-01	1.0772656779E-01	1.1948122508E-01	1.0752780605E-01	1.0752780605E-01	1.0278322173E-01	1.9537702281E00	1.9554198723E00	1.9521018370E00	1.9521519182E00	1.9587377266E00	1.9528733734E00	1.9528733734E00	1.9532591363E00	0.0000000000E00	4.9170068582E-02	6.5926768791E-02	6.6764682372E-02	7.8544238576E-02	1.6089066616E00	1.6240602739E00	1.6031296321E00	1.6042684032E00	1.6069544885E00	1.4607950856E00	1.0133889352E00	2.0000000000E00	7.0360365403E-01	1.7891719595E00	2.0000000000E00	1.7864868567E00	1.7707229731E00	1.7850787772E00	1.7695910598E00	1.2089724223E00	
Swaption Vola Monte-Carlo Single-Curve	2.9818094305E-01	3.2434818733E-01	1.1817877463E-01	9.4927239796E-02	1.2012112143E-01	1.2127739618E-01	1.0531026744E-01	1.1328099601E-01	1.1328099601E-01	1.0587595063E-01	1.9514680886E00	1.9531989090E00	1.9497176719E00	1.9497702143E00	1.9566802471E00	1.9505271314E00	1.9505271314E00	1.9509318615E00	4.9170068582E-02	0.0000000000E00	3.1647104028E-02	3.2169634386E-02	3.7078246649E-02	1.5912067038E00	1.6069714438E00	1.5851982709E00	1.5863825874E00	1.5891762375E00	1.4374368530E00	9.7758809477E-01	2.0000000000E00	7.4631876684E-01	1.7791310804E00	2.0000000000E00	1.7763256460E00	1.7598591290E00	1.7748545396E00	1.7586770147E00	1.1772985576E00	
Swaption Vola Analytic Multi-Curve Drift-Freeze	3.2300431941E-01	3.4962112587E-01	1.0809464237E-01	8.6088566323E-02	1.0493086610E-01	1.0493323848E-01	8.5125006144E-02	9.5760880958E-02	9.5760880958E-02	8.6014729886E-02	1.9506574368E00	1.9524168198E00	1.9488781604E00	1.9489315686E00	1.9559556861E00	1.9497009624E00	1.9497009624E00	1.9501123659E00	6.5926768791E-02	3.1647104028E-02	0.0000000000E00	3.1909267925E-03	1.4959772654E-02	1.5850104133E00	1.6009875578E00	1.5789215860E00	1.5801217246E00	1.5829527443E00	1.4292802029E00	9.6532534297E-01	2.0000000000E00	7.6070880320E-01	1.7756052715E00	2.0000000000E00	1.7727577458E00	1.7560455345E00	1.7712645948E00	1.7548458715E00	1.1662849439E00	
Swaption Vola Analytic Multi-Curve Integrated-Expectation	3.2373828707E-01	3.5032985824E-01	1.0909940039E-01	8.7145545892E-02	1.0606707634E-01	1.0601017247E-01	8.7152880281E-02	9.7238012053E-02	9.7238012053E-02	8.7850628535E-02	1.9506165403E00	1.9523773640E00	1.9488358082E00	1.9488892601E00	1.9559191320E00	1.9496592832E00	1.9496592832E00	1.9500710233E00	6.6764682372E-02	3.2169634386E-02	3.1909267925E-03	0.0000000000E00	1.4580755578E-02	1.5846983165E00	1.6006861383E00	1.5786054482E00	1.5798063821E00	1.5826392801E00	1.4288696459E00	9.6470912946E-01	2.0000000000E00	7.6142617134E-01	1.7754275343E00	2.0000000000E00	1.7725778890E00	1.7558533064E00	1.7710836279E00	1.7546527598E00	1.1657312226E00	
Swaption Vola Monte-Carlo Multi-Curve	3.2206850315E-01	3.5076666217E-01	1.1896176180E-01	9.4064268335E-02	1.1532653910E-01	1.1572949888E-01	9.0004049048E-02	1.0542967527E-01	1.0542967527E-01	9.4243639603E-02	1.9500379245E00	1.9518191278E00	1.9482366014E00	1.9482906711E00	1.9554019442E00	1.9490695960E00	1.9490695960E00	1.9494860975E00	7.8544238576E-02	3.7078246649E-02	1.4959772654E-02	1.4580755578E-02	0.0000000000E00	1.5802878032E00	1.5964263006E00	1.5741379156E00	1.5753500707E00	1.5782094727E00	1.4230705725E00	9.5672705998E-01	2.0000000000E00	7.7148899805E-01	1.7729142539E00	2.0000000000E00	1.7700346596E00	1.7531352869E00	1.7685247136E00	1.7519222577E00	1.1579164897E00	
Swaption Value Analytic Single-Curve	1.6676740349E00	1.6829733810E00	1.6122449290E00	1.5963868807E00	1.5998575331E00	1.5992078586E00	1.5775005846E00	1.5927274850E00	1.5927274850E00	1.5903823923E00	1.6104470194E00	1.6231800684E00	1.5976492778E00	1.5980322718E00	1.6490306698E00	1.6035575555E00	1.6035575555E00	1.6065180695E00	1.6089066616E00	1.5912067038E00	1.5850104133E00	1.5846983165E00	1.5802878032E00	0.0000000000E00	4.3700621644E-02	1.6265143389E-02	1.4001635867E-02	1.0589263394E-02	7.4680812567E-01	1.0052833258E00	2.0000000000E00	1.8024128006E00	8.0085179175E-01	2.0000000000E00	7.9303210863E-01	7.4725637543E-01	7.8792440854E-01	7.4324405596E-01	7.8197449111E-01	
Swaption Value Monte-Carlo Single-Curve	1.6807520303E00	1.6954992883E00	1.6272825528E00	1.6119734367E00	1.6153243969E00	1.6146971466E00	1.5937340931E00	1.6084399719E00	1.6084399719E00	1.6061754350E00	1.5948060273E00	1.6079948139E00	1.5815539958E00	1.5819505304E00	1.6347821465E00	1.5876715349E00	1.5876715349E00	1.5907372077E00	1.6240602739E00	1.6069714438E00	1.6009875578E00	1.6006861383E00	1.5964263006E00	4.3700621644E-02	0.0000000000E00	5.9955111057E-02	5.6768324596E-02	4.9996497196E-02	7.4800233975E-01	1.0375882438E00	2.0000000000E00	1.8104624476E00	7.7342927788E-01	2.0000000000E00	7.6551146701E-01	7.1934118139E-01	7.6032367150E-01	7.1527000332E-01	8.1534131393E-01	
Swaption Value Analytic Multi-Curve Drift-Freeze	1.6626839493E00	1.6781928680E00	1.6065118342E00	1.5904459028E00	1.5939618737E00	1.5933037083E00	1.5713147469E00	1.5867388322E00	1.5867388322E00	1.5843632459E00	1.6161288815E00	1.6286953111E00	1.6034973032E00	1.6038753434E00	1.6542036661E00	1.6093290313E00	1.6093290313E00	1.6122510833E00	1.6031296321E00	1.5851982709E00	1.5789215860E00	1.5786054482E00	1.5741379156E00	1.6265143389E-02	5.9955111057E-02	0.0000000000E00	3.8758482875E-03	1.1408296409E-02	7.4511141001E-01	9.9307765482E-01	2.0000000000E00	1.7993352111E00	8.0950320758E-01	2.0000000000E00	8.0172807965E-01	7.5546920293E-01	7.9665428326E-01	7.5148324077E-01	7.7066943012E-01	
Swaption Value Analytic Multi-Curve Integrated-Expectation	1.6636677876E00	1.6791354346E00	1.6076419572E00	1.5916169433E00	1.5951239946E00	1.5944675004E00	1.5725339766E00	1.5879192558E00	1.5879192558E00	1.5855496709E00	1.6150205951E00	1.6276195694E00	1.6023565579E00	1.6027355659E00	1.6531947641E00	1.6082032399E00	1.6082032399E00	1.6111328051E00	1.6042684032E00	1.5863825874E00	1.5801217246E00	1.5798063821E00	1.5753500707E00	1.4001635867E-02	5.6768324596E-02	3.8758482875E-03	0.0000000000E00	9.3853848355E-03	7.4402780228E-01	9.9547887987E-01	2.0000000000E00	1.7999422532E00	8.0641108617E-01	2.0000000000E00	7.9863347649E-01	7.5235940431E-01	7.9355629721E-01	7.4837105792E-01	7.7310474825E-01	
Swaption Value Monte-Carlo Multi-Curve	1.6659880544E00	1.6813582749E00	1.6103076198E00	1.5943792380E00	1.5978652238E00	1.5972126764E00	1.5754100892E00	1.5907037114E00	1.5907037114E00	1.5883483009E00	1.6123837100E00	1.6250600296E00	1.5996425380E00	1.6000238456E00	1.6507940921E00	1.6055247553E00	1.6055247553E00	1.6084721749E00	1.6069544885E00	1.5891762375E00	1.5829527443E00	1.5826392801E00	1.5782094727E00	1.0589263394E-02	4.9996497196E-02	1.1408296409E-02	9.3853848355E-03	0.0000000000E00	7.4878924470E-01	1.0011520457E00	2.0000000000E00	1.8013733674E00	8.0337012413E-01	2.0000000000E00	7.9556740833E-01	7.4914199990E-01	7.9047218279E-01	7.4514029978E-01	7.7845389141E-01	
Swaption Exercise Date	1.5389752351E00	1.5594878859E00	1.4652102507E00	1.4442640453E00	1.4488423256E00	1.4479850597E00	1.4194086140E00	1.4394403918E00	1.4394403918E00	1.4363511383E00	1.7207681364E00	1.7301646975E00	1.7113049021E00	1.7115883814E00	1.7491840091E00	1.7156761145E00	1.7156761145E00	1.7178649132E00	1.4607950856E00	1.4374368530E00	1.4292802029E00	1.4288696459E00	1.4230705725E00	7.4680812567E-01	7.4800233975E-01	7.4511141001E-01	7.4402780228E-01	7.4878924470E-01	0.0000000000E00	1.1079136691E00	2.0000000000E00	1.7219378677E00	9.6153180753E-01	2.0000000000E00	9.5226416678E-01	9.0711587341E-01	9.4632304942E-01	9.0227369488E-01	4.5404556167E-01	
Swaption Number Of Periods	1.1403252068E00	1.1744375056E00	1.0204306489E00	9.8715558661E-01	9.9509806467E-01	9.9435443437E-01	9.5261104567E-01	9.8206058958E-01	9.8206058958E-01	9.7608442302E-01	1.8620758456E00	1.8668873159E00	1.8572177901E00	1.8573634993E00	1.8765885822E00	1.8594633554E00	1.8594633554E00	1.8605867744E00	1.0133889352E00	9.7758809477E-01	9.6532534297E-01	9.6470912946E-01	9.5672705998E-01	1.0052833258E00	1.0375882438E00	9.9307765482E-01	9.9547887987E-01	1.0011520457E00	1.1079136691E00	0.0000000000E00	2.0000000000E00	1.4572321565E00	1.4454652398E00	2.0000000000E00	1.4402129594E00	1.4045725613E00	1.4371997017E00	1.4021581764E00	8.7224669604E-01	
Numeraire Single-Curve	2.0000000000E00	2.0000000000E00	2.0000000000E00	2.0000000000E00	2.0000000000E00	2.0000000000E00	2.0000000000E00	2.0000000000E00	2.0000000000E00	2.0000000000E00	2.0000000000E00	2.0000000000E00	2.0000000000E00	2.0000000000E00	2.0000000000E00	2.0000000000E00	2.0000000000E00	2.0000000000E00	2.0000000000E00	2.0000000000E00	2.0000000000E00	2.0000000000E00	2.0000000000E00	2.0000000000E00	2.0000000000E00	2.0000000000E00	2.0000000000E00	2.0000000000E00	2.0000000000E00	2.0000000000E00	0.0000000000E00	2.0000000000E00	2.0000000000E00	2.0000000000E00	2.0000000000E00	2.0000000000E00	2.0000000000E00	2.0000000000E00	2.0000000000E00	
Discount Single-Curve	5.4211942888E-01	4.9427269596E-01	6.9526822841E-01	7.3406878421E-01	7.2574682274E-01	7.2731170572E-01	7.7777686563E-01	7.4274345822E-01	7.4274345822E-01	7.4824947054E-01	1.9776983527E00	1.9784987989E00	1.9768884584E00	1.9769127747E00	1.9801076535E00	1.9772630326E00	1.9772630326E00	1.9774502888E00	7.0360365403E-01	7.4631876684E-01	7.6070880320E-01	7.6142617134E-01	7.7148899805E-01	1.8024128006E00	1.8104624476E00	1.7993352111E00	1.7999422532E00	1.8013733674E00	1.7219378677E00	1.4572321565E00	2.0000000000E00	0.0000000000E00	1.8960549285E00	2.0000000000E00	1.8946932542E00	1.8866792628E00	1.8939787950E00	1.8861025201E00	1.5771750499E00	
OIS Spot Rate Single-Curve	1.8221865092E00	1.8307008879E00	1.7910606144E00	1.7820744114E00	1.7840442242E00	1.7836756262E00	1.7713245234E00	1.7799955796E00	1.7799955796E00	1.7786623538E00	1.3053795008E00	1.3262232071E00	1.2845455867E00	1.2851674022E00	1.3688971799E00	1.2941495375E00	1.2941495375E00	1.2989711253E00	1.7891719595E00	1.7791310804E00	1.7756052715E00	1.7754275343E00	1.7729142539E00	8.0085179175E-01	7.7342927788E-01	8.0950320758E-01	8.0641108617E-01	8.0337012413E-01	9.6153180753E-01	1.4454652398E00	2.0000000000E00	1.8960549285E00	0.0000000000E00	2.0000000000E00	2.0854985133E-02	8.8902856037E-02	2.0308845159E-02	9.3924754618E-02	1.2634041340E00	
Numeraire Multi-Curve	2.0000000000E00	2.0000000000E00	2.0000000000E00	2.0000000000E00	2.0000000000E00	2.0000000000E00	2.0000000000E00	2.0000000000E00	2.0000000000E00	2.0000000000E00	2.0000000000E00	2.0000000000E00	2.0000000000E00	2.0000000000E00	2.0000000000E00	2.0000000000E00	2.0000000000E00	2.0000000000E00	2.0000000000E00	2.0000000000E00	2.0000000000E00	2.0000000000E00	2.0000000000E00	2.0000000000E00	2.0000000000E00	2.0000000000E00	2.0000000000E00	2.0000000000E00	2.0000000000E00	2.0000000000E00	2.0000000000E00	2.0000000000E00	2.0000000000E00	0.0000000000E00	2.0000000000E00	2.0000000000E00	2.0000000000E00	2.0000000000E00	2.0000000000E00	
OIS Spot Rate Multi-Curve	1.8199018943E00	1.8285207611E00	1.7883982223E00	1.7793041793E00	1.7812975841E00	1.7809245694E00	1.7684260076E00	1.7772004785E00	1.7772004785E00	1.7758513188E00	1.3130172127E00	1.3336779328E00	1.2923633354E00	1.2929798189E00	1.3759683367E00	1.3018846491E00	1.3018846491E00	1.3066645202E00	1.7864868567E00	1.7763256460E00	1.7727577458E00	1.7725778890E00	1.7700346596E00	7.9303210863E-01	7.6551146701E-01	8.0172807965E-01	7.9863347649E-01	7.9556740833E-01	9.5226416678E-01	1.4402129594E00	2.0000000000E00	1.8946932542E00	2.0854985133E-02	2.0000000000E00	0.0000000000E00	7.5368782705E-02	1.1577995678E-02	8.1457435428E-02	1.2553388149E00	
LIBOR Spot Rate Multi-Curve	1.8064789880E00	1.8157092369E00	1.7727669879E00	1.7630431777E00	1.7651743318E00	1.7647755283E00	1.7514162151E00	1.7607942856E00	1.7607942856E00	1.7593521080E00	1.3548664276E00	1.3745061719E00	1.3352182676E00	1.3358049483E00	1.4146602630E00	1.3442778062E00	1.3442778062E00	1.3488246617E00	1.7707229731E00	1.7598591290E00	1.7560455345E00	1.7558533064E00	1.7531352869E00	7.4725637543E-01	7.1934118139E-01	7.5546920293E-01	7.5235940431E-01	7.4914199990E-01	9.0711587341E-01	1.4045725613E00	2.0000000000E00	1.8866792628E00	8.8902856037E-02	2.0000000000E00	7.5368782705E-02	0.0000000000E00	7.0145536285E-02	1.0296581976E-02	1.2085564278E00	
OIS Forward Rate Multi-Curve	1.8187036297E00	1.8273772497E00	1.7870020388E00	1.7778515104E00	1.7798572719E00	1.7794819440E00	1.7669061523E00	1.7757347842E00	1.7757347842E00	1.7743772792E00	1.3169599470E00	1.3375258016E00	1.2963994322E00	1.2970131504E00	1.3796174352E00	1.3058778892E00	1.3058778892E00	1.3106361275E00	1.7850787772E00	1.7748545396E00	1.7712645948E00	1.7710836279E00	1.7685247136E00	7.8792440854E-01	7.6032367150E-01	7.9665428326E-01	7.9355629721E-01	7.9047218279E-01	9.4632304942E-01	1.4371997017E00	2.0000000000E00	1.8939787950E00	2.0308845159E-02	2.0000000000E00	1.1577995678E-02	7.0145536285E-02	0.0000000000E00	7.3651031856E-02	1.2511206898E00	
LIBOR Forward Rate Multi-Curve	1.8055144931E00	1.8147885066E00	1.7716445545E00	1.7618757445E00	1.7640167398E00	1.7636160938E00	1.7501953011E00	1.7596164804E00	1.7596164804E00	1.7581676583E00	1.3576885723E00	1.3772583500E00	1.3381094059E00	1.3386940410E00	1.4172662729E00	1.3471372569E00	1.3471372569E00	1.3516681285E00	1.7695910598E00	1.7586770147E00	1.7548458715E00	1.7546527598E00	1.7519222577E00	7.4324405596E-01	7.1527000332E-01	7.5148324077E-01	7.4837105792E-01	7.4514029978E-01	9.0227369488E-01	1.4021581764E00	2.0000000000E00	1.8861025201E00	9.3924754618E-02	2.0000000000E00	8.1457435428E-02	1.0296581976E-02	7.3651031856E-02	0.0000000000E00	1.2052341334E00	
Time	1.3164531562E00	1.3450342513E00	1.2149818577E00	1.1865356536E00	1.1927395217E00	1.1915772882E00	1.1529879620E00	1.1800075581E00	1.1800075581E00	1.1758311642E00	1.8188583841E00	1.8251092191E00	1.8125519771E00	1.8127410548E00	1.8377275038E00	1.8154664039E00	1.8154664039E00	1.8169248417E00	1.2089724223E00	1.1772985576E00	1.1662849439E00	1.1657312226E00	1.1579164897E00	7.8197449111E-01	8.1534131393E-01	7.7066943012E-01	7.7310474825E-01	7.7845389141E-01	4.5404556167E-01	8.7224669604E-01	2.0000000000E00	1.5771750499E00	1.2634041340E00	2.0000000000E00	1.2553388149E00	1.2085564278E00	1.2511206898E00	1.2052341334E00	0.0000000000E00	
