	Target (OIS)	Target (LIBOR)	Caplet Vola Analytic Single-Curve	Caplet Vola Monte-Carlo Single-Curve	Caplet Vola Analytic Multi-Curve Fenton-Wilkinson	Caplet Vola Analytic Multi-Curve Ju	Caplet Vola Analytic Multi-Curve Ho	Caplet Vola Analytic Multi-Curve Drift-Freeze	Caplet Vola Analytic Multi-Curve Integrated-Expectation	Caplet Vola Monte-Carlo Multi-Curve	Caplet Value Analytic Single-Curve	Caplet Value Monte-Carlo Single-Curve	Caplet Value Analytic Multi-Curve Fenton-Wilkinson	Caplet Value Analytic Multi-Curve Ju	Caplet Value Analytic Multi-Curve Ho	Caplet Value Analytic Multi-Curve Drift-Freeze	Caplet Value Analytic Multi-Curve Integrated-Expectation	Caplet Value Monte-Carlo Multi-Curve	Swaption Vola Analytic Single-Curve	Swaption Vola Monte-Carlo Single-Curve	Swaption Vola Analytic Multi-Curve Drift-Freeze	Swaption Vola Analytic Multi-Curve Integrated-Expectation	Swaption Vola Monte-Carlo Multi-Curve	Swaption Value Analytic Single-Curve	Swaption Value Monte-Carlo Single-Curve	Swaption Value Analytic Multi-Curve Drift-Freeze	Swaption Value Analytic Multi-Curve Integrated-Expectation	Swaption Value Monte-Carlo Multi-Curve	Swaption Exercise Date	Swaption Number Of Periods	Numeraire Single-Curve	Discount Single-Curve	OIS Spot Rate Single-Curve	Numeraire Multi-Curve	OIS Spot Rate Multi-Curve	LIBOR Spot Rate Multi-Curve	OIS Forward Rate Multi-Curve	LIBOR Forward Rate Multi-Curve	Time
Target (OIS)	0.0000000000E00	2.5535947931E-02	1.3766638557E-01	1.3723909093E-01	1.4913370464E-01	1.5057153219E-01	1.5335573713E-01	1.5220211454E-01	1.5220211454E-01	1.5147748021E-01	4.8043966600E-01	4.8061083324E-01	4.8026640826E-01	4.8027161118E-01	4.8095466211E-01	4.8034654833E-01	4.8034654833E-01	4.8038660609E-01	1.2247605072E-01	1.2991536763E-01	1.3969343117E-01	1.3995931309E-01	1.3852090328E-01	4.4122083991E-01	4.4310093347E-01	4.4049992602E-01	4.4064221581E-01	4.4097748710E-01	4.2197788248E-01	3.5236249786E-01	4.6856224963E72	3.6083495708E-01	4.6261161481E-01	3.5901614226E58	4.6230793600E-01	4.6051635482E-01	4.6214851330E-01	4.6038713514E-01	3.8518301068E-01	
Target (LIBOR)	2.5535947931E-02	0.0000000000E00	1.4690165239E-01	1.4645666364E-01	1.5876954311E-01	1.6019717435E-01	1.6611580540E-01	1.6233061529E-01	1.6233061529E-01	1.6221078082E-01	5.0597561393E-01	5.0614678117E-01	5.0580235619E-01	5.0580755911E-01	5.0649061004E-01	5.0588249626E-01	5.0588249626E-01	5.0592255402E-01	1.3503553939E-01	1.4545752358E-01	1.5566866417E-01	1.5592844745E-01	1.5534249337E-01	4.6675678784E-01	4.6863688140E-01	4.6603587395E-01	4.6617816374E-01	4.6651343503E-01	4.4751383041E-01	3.7789844579E-01	4.6856224963E72	3.3529900915E-01	4.8814756274E-01	3.5901614226E58	4.8784388393E-01	4.8605230275E-01	4.8768446123E-01	4.8592308307E-01	4.1071895861E-01	
Caplet Vola Analytic Single-Curve	1.3766638557E-01	1.4690165239E-01	0.0000000000E00	1.7939618249E-02	1.4201347979E-02	1.4864463240E-02	3.7294058137E-02	2.1827260568E-02	2.1827260568E-02	2.5376705013E-02	4.0479901932E-01	4.0497018656E-01	4.0462576158E-01	4.0463096450E-01	4.0531401543E-01	4.0470590165E-01	4.0470590165E-01	4.0474595941E-01	3.7714053027E-02	4.7020112523E-02	4.2660771671E-02	4.3039939964E-02	4.6666000763E-02	3.6558019323E-01	3.6746028679E-01	3.6485927934E-01	3.6500156913E-01	3.6533684042E-01	3.4633723579E-01	2.7672185118E-01	4.6856224963E72	4.3647560376E-01	3.8697096813E-01	3.5901614226E58	3.8666728932E-01	3.8487570814E-01	3.8650786662E-01	3.8474648846E-01	3.0954236400E-01	
Caplet Vola Monte-Carlo Single-Curve	1.3723909093E-01	1.4645666364E-01	1.7939618249E-02	0.0000000000E00	1.5672162330E-02	1.6328974087E-02	2.5658120655E-02	1.7493415029E-02	1.7493415029E-02	1.9008222210E-02	3.8698072631E-01	3.8715189354E-01	3.8680746856E-01	3.8681267148E-01	3.8749572241E-01	3.8688760864E-01	3.8688760864E-01	3.8692766640E-01	3.5050487223E-02	3.6923240032E-02	3.3208849523E-02	3.3602706349E-02	3.6061246474E-02	3.4776190022E-01	3.4964199378E-01	3.4704098632E-01	3.4718327612E-01	3.4751854741E-01	3.2851894278E-01	2.5890355817E-01	4.6856224963E72	4.5429389677E-01	3.6915267512E-01	3.5901614226E58	3.6884899630E-01	3.6705741512E-01	3.6868957361E-01	3.6692819545E-01	2.9172407099E-01	
Caplet Vola Analytic Multi-Curve Fenton-Wilkinson	1.4913370464E-01	1.5876954311E-01	1.4201347979E-02	1.5672162330E-02	0.0000000000E00	1.4378275436E-03	2.3254708007E-02	7.6936395584E-03	7.6936395584E-03	1.1825488721E-02	3.9075966919E-01	3.9093083643E-01	3.9058641145E-01	3.9059161437E-01	3.9127466530E-01	3.9066655152E-01	3.9066655152E-01	3.9070660928E-01	4.2306935225E-02	4.6949708122E-02	4.0675571042E-02	4.1099125421E-02	4.4430430524E-02	3.5154084310E-01	3.5342093666E-01	3.5081992921E-01	3.5096221900E-01	3.5129749029E-01	3.3229788567E-01	2.6286685946E-01	4.6856224963E72	4.5051495389E-01	3.7293161800E-01	3.5901614226E58	3.7262793919E-01	3.7083635801E-01	3.7246851649E-01	3.7070713833E-01	2.9550301387E-01	
Caplet Vola Analytic Multi-Curve Ju	1.5057153219E-01	1.6019717435E-01	1.4864463240E-02	1.6328974087E-02	1.4378275436E-03	0.0000000000E00	2.2542345337E-02	6.9812768878E-03	6.9812768878E-03	1.1299894981E-02	3.9004730652E-01	3.9021847376E-01	3.8987404878E-01	3.8987925170E-01	3.9056230263E-01	3.8995418885E-01	3.8995418885E-01	3.8999424661E-01	4.3115513169E-02	4.7358444902E-02	4.0639115414E-02	4.1039317328E-02	4.4544453169E-02	3.5082848043E-01	3.5270857399E-01	3.5010756654E-01	3.5024985633E-01	3.5058512762E-01	3.3158552299E-01	2.6231625028E-01	4.6856224963E72	4.5122731656E-01	3.7221925533E-01	3.5901614226E58	3.7191557652E-01	3.7012399534E-01	3.7175615382E-01	3.6999477566E-01	2.9479065120E-01	
Caplet Vola Analytic Multi-Curve Ho	1.5335573713E-01	1.6611580540E-01	3.7294058137E-02	2.5658120655E-02	2.3254708007E-02	2.2542345337E-02	0.0000000000E00	1.5561068449E-02	1.5561068449E-02	1.3935401638E-02	3.6750496118E-01	3.6767612842E-01	3.6733170344E-01	3.6733690636E-01	3.6801995729E-01	3.6741184351E-01	3.6741184351E-01	3.6745190127E-01	4.6473398027E-02	3.9936360726E-02	3.2008216799E-02	3.2756849924E-02	3.3628238774E-02	3.2828613509E-01	3.3016622866E-01	3.2756522120E-01	3.2770751100E-01	3.2804278229E-01	3.0904317766E-01	2.4056706775E-01	4.6856224963E72	4.7376966190E-01	3.4967690999E-01	3.5901614226E58	3.4937323118E-01	3.4758165000E-01	3.4921380848E-01	3.4745243032E-01	2.7224830586E-01	
Caplet Vola Analytic Multi-Curve Drift-Freeze	1.5220211454E-01	1.6233061529E-01	2.1827260568E-02	1.7493415029E-02	7.6936395584E-03	6.9812768878E-03	1.5561068449E-02	0.0000000000E00	0.0000000000E00	7.5512070036E-03	3.8306602963E-01	3.8323719687E-01	3.8289277189E-01	3.8289797481E-01	3.8358102574E-01	3.8297291196E-01	3.8297291196E-01	3.8301296972E-01	4.2660621866E-02	4.3840452578E-02	3.6752528284E-02	3.7303961283E-02	4.0212019138E-02	3.4384720354E-01	3.4572729711E-01	3.4312628965E-01	3.4326857945E-01	3.4360385073E-01	3.2460424611E-01	2.5564504695E-01	4.6856224963E72	4.5820859345E-01	3.6523797844E-01	3.5901614226E58	3.6493429963E-01	3.6314271845E-01	3.6477487693E-01	3.6301349877E-01	2.8780937431E-01	
Caplet Vola Analytic Multi-Curve Integrated-Expectation	1.5220211454E-01	1.6233061529E-01	2.1827260568E-02	1.7493415029E-02	7.6936395584E-03	6.9812768878E-03	1.5561068449E-02	0.0000000000E00	0.0000000000E00	7.5512070036E-03	3.8306602963E-01	3.8323719687E-01	3.8289277189E-01	3.8289797481E-01	3.8358102574E-01	3.8297291196E-01	3.8297291196E-01	3.8301296972E-01	4.2660621866E-02	4.3840452578E-02	3.6752528284E-02	3.7303961283E-02	4.0212019138E-02	3.4384720354E-01	3.4572729711E-01	3.4312628965E-01	3.4326857945E-01	3.4360385073E-01	3.2460424611E-01	2.5564504695E-01	4.6856224963E72	4.5820859345E-01	3.6523797844E-01	3.5901614226E58	3.6493429963E-01	3.6314271845E-01	3.6477487693E-01	3.6301349877E-01	2.8780937431E-01	
Caplet Vola Monte-Carlo Multi-Curve	1.5147748021E-01	1.6221078082E-01	2.5376705013E-02	1.9008222210E-02	1.1825488721E-02	1.1299894981E-02	1.3935401638E-02	7.5512070036E-03	7.5512070036E-03	0.0000000000E00	3.8059410391E-01	3.8076527115E-01	3.8042084617E-01	3.8042604909E-01	3.8110910002E-01	3.8050098624E-01	3.8050098624E-01	3.8054104400E-01	4.0651217466E-02	4.0843795052E-02	3.2905695158E-02	3.3594046835E-02	3.5829062439E-02	3.4137527782E-01	3.4325537139E-01	3.4065436393E-01	3.4079665373E-01	3.4113192501E-01	3.2213232039E-01	2.5288295740E-01	4.6856224963E72	4.6068051917E-01	3.6276605272E-01	3.5901614226E58	3.6246237391E-01	3.6067079273E-01	3.6230295121E-01	3.6054157305E-01	2.8533744859E-01	
Caplet Value Analytic Single-Curve	4.8043966600E-01	5.0597561393E-01	4.0479901932E-01	3.8698072631E-01	3.9075966919E-01	3.9004730652E-01	3.6750496118E-01	3.8306602963E-01	3.8306602963E-01	3.8059410391E-01	0.0000000000E00	1.7269959369E-04	1.7325774459E-04	1.6805482434E-04	5.4307465304E-04	9.3117671300E-05	9.3117671300E-05	1.2738681264E-04	4.0092802671E-01	3.8145976543E-01	3.7503688370E-01	3.7471844370E-01	3.7026892561E-01	3.9218826091E-02	3.7338732528E-02	3.9939739986E-02	3.9797450188E-02	3.9462178899E-02	5.8461783526E-02	1.2807716814E-01	4.6856224963E72	8.4127462308E-01	1.7828051192E-02	3.5901614226E58	1.8131730005E-02	1.9923311185E-02	1.8291152704E-02	2.0052530864E-02	9.5256655321E-02	
Caplet Value Monte-Carlo Single-Curve	4.8061083324E-01	5.0614678117E-01	4.0497018656E-01	3.8715189354E-01	3.9093083643E-01	3.9021847376E-01	3.6767612842E-01	3.8323719687E-01	3.8323719687E-01	3.8076527115E-01	1.7269959369E-04	0.0000000000E00	3.4442497941E-04	3.3922205916E-04	3.8779948046E-04	2.6428490613E-04	2.6428490613E-04	2.6730959787E-04	4.0109919395E-01	3.8163093266E-01	3.7520805094E-01	3.7488961093E-01	3.7044009284E-01	3.9389993325E-02	3.7509899763E-02	4.0110907221E-02	3.9968617422E-02	3.9633346134E-02	5.8632950761E-02	1.2824833538E-01	4.6856224963E72	8.4144579032E-01	1.7999218427E-02	3.5901614226E58	1.8302897240E-02	2.0094478419E-02	1.8462319939E-02	2.0223698099E-02	9.5427822556E-02	
Caplet Value Analytic Multi-Curve Fenton-Wilkinson	4.8026640826E-01	5.0580235619E-01	4.0462576158E-01	3.8680746856E-01	3.9058641145E-01	3.8987404878E-01	3.6733170344E-01	3.8289277189E-01	3.8289277189E-01	3.8042084617E-01	1.7325774459E-04	3.4442497941E-04	0.0000000000E00	1.3198221787E-05	6.8825384891E-04	8.0140073285E-05	8.0140073285E-05	1.3496044948E-04	4.0075476897E-01	3.8128650769E-01	3.7486362596E-01	3.7454518595E-01	3.7009566787E-01	3.9045568346E-02	3.7165474783E-02	3.9766482241E-02	3.9624192443E-02	3.9288921154E-02	5.8288525782E-02	1.2790391040E-01	4.6856224963E72	8.4110136534E-01	1.7654793447E-02	3.5901614226E58	1.7958472261E-02	1.9750053440E-02	1.8117894960E-02	1.9879273120E-02	9.5083397577E-02	
Caplet Value Analytic Multi-Curve Ju	4.8027161118E-01	5.0580755911E-01	4.0463096450E-01	3.8681267148E-01	3.9059161437E-01	3.8987925170E-01	3.6733690636E-01	3.8289797481E-01	3.8289797481E-01	3.8042604909E-01	1.6805482434E-04	3.3922205916E-04	1.3198221787E-05	0.0000000000E00	6.8305092866E-04	7.4937153037E-05	7.4937153037E-05	1.2976664705E-04	4.0075997189E-01	3.8129171061E-01	3.7486882888E-01	3.7455038887E-01	3.7010087079E-01	3.9050771266E-02	3.7170677704E-02	3.9771685161E-02	3.9629395363E-02	3.9294124074E-02	5.8293728702E-02	1.2790911332E-01	4.6856224963E72	8.4110656826E-01	1.7659996368E-02	3.5901614226E58	1.7963675181E-02	1.9755256360E-02	1.8123097880E-02	1.9884476040E-02	9.5088600497E-02	
Caplet Value Analytic Multi-Curve Ho	4.8095466211E-01	5.0649061004E-01	4.0531401543E-01	3.8749572241E-01	3.9127466530E-01	3.9056230263E-01	3.6801995729E-01	3.8358102574E-01	3.8358102574E-01	3.8110910002E-01	5.4307465304E-04	3.8779948046E-04	6.8825384891E-04	6.8305092866E-04	0.0000000000E00	6.0811377562E-04	6.0811377562E-04	5.6805601536E-04	4.0144302282E-01	3.8197476153E-01	3.7555187981E-01	3.7523343980E-01	3.7078392171E-01	3.9733822195E-02	3.7853728632E-02	4.0454736090E-02	4.0312446292E-02	3.9977175003E-02	5.8976779631E-02	1.2859216425E-01	4.6856224963E72	8.4178961919E-01	1.8343047296E-02	3.5901614226E58	1.8646726109E-02	2.0438307289E-02	1.8806148808E-02	2.0567526969E-02	9.5771651426E-02	
Caplet Value Analytic Multi-Curve Drift-Freeze	4.8034654833E-01	5.0588249626E-01	4.0470590165E-01	3.8688760864E-01	3.9066655152E-01	3.8995418885E-01	3.6741184351E-01	3.8297291196E-01	3.8297291196E-01	3.8050098624E-01	9.3117671300E-05	2.6428490613E-04	8.0140073285E-05	7.4937153037E-05	6.0811377562E-04	0.0000000000E00	0.0000000000E00	8.0780140122E-05	4.0083490904E-01	3.8136664776E-01	3.7494376603E-01	3.7462532602E-01	3.7017580794E-01	3.9125708419E-02	3.7245614857E-02	3.9846622315E-02	3.9704332516E-02	3.9369061227E-02	5.8368665855E-02	1.2798405047E-01	4.6856224963E72	8.4118150541E-01	1.7734933521E-02	3.5901614226E58	1.8038612334E-02	1.9830193513E-02	1.8198035033E-02	1.9959413193E-02	9.5163537650E-02	
Caplet Value Analytic Multi-Curve Integrated-Expectation	4.8034654833E-01	5.0588249626E-01	4.0470590165E-01	3.8688760864E-01	3.9066655152E-01	3.8995418885E-01	3.6741184351E-01	3.8297291196E-01	3.8297291196E-01	3.8050098624E-01	9.3117671300E-05	2.6428490613E-04	8.0140073285E-05	7.4937153037E-05	6.0811377562E-04	0.0000000000E00	0.0000000000E00	8.0780140122E-05	4.0083490904E-01	3.8136664776E-01	3.7494376603E-01	3.7462532602E-01	3.7017580794E-01	3.9125708419E-02	3.7245614857E-02	3.9846622315E-02	3.9704332516E-02	3.9369061227E-02	5.8368665855E-02	1.2798405047E-01	4.6856224963E72	8.4118150541E-01	1.7734933521E-02	3.5901614226E58	1.8038612334E-02	1.9830193513E-02	1.8198035033E-02	1.9959413193E-02	9.5163537650E-02	
Caplet Value Monte-Carlo Multi-Curve	4.8038660609E-01	5.0592255402E-01	4.0474595941E-01	3.8692766640E-01	3.9070660928E-01	3.8999424661E-01	3.6745190127E-01	3.8301296972E-01	3.8301296972E-01	3.8054104400E-01	1.2738681264E-04	2.6730959787E-04	1.3496044948E-04	1.2976664705E-04	5.6805601536E-04	8.0780140122E-05	8.0780140122E-05	0.0000000000E00	4.0087496680E-01	3.8140670552E-01	3.7498382379E-01	3.7466538378E-01	3.7021586570E-01	3.9165766180E-02	3.7285672617E-02	3.9886680075E-02	3.9744390277E-02	3.9409118988E-02	5.8408723615E-02	1.2802410823E-01	4.6856224963E72	8.4122156317E-01	1.7774991281E-02	3.5901614226E58	1.8078670094E-02	1.9870251274E-02	1.8238092793E-02	1.9999470953E-02	9.5203595410E-02	
Swaption Vola Analytic Single-Curve	1.2247605072E-01	1.3503553939E-01	3.7714053027E-02	3.5050487223E-02	4.2306935225E-02	4.3115513169E-02	4.6473398027E-02	4.2660621866E-02	4.2660621866E-02	4.0651217466E-02	4.0092802671E-01	4.0109919395E-01	4.0075476897E-01	4.0075997189E-01	4.0144302282E-01	4.0083490904E-01	4.0083490904E-01	4.0087496680E-01	0.0000000000E00	1.9468261282E-02	2.5891143007E-02	2.6209583016E-02	3.0659101102E-02	3.6170920062E-01	3.6358929418E-01	3.6098828673E-01	3.6113057652E-01	3.6146584781E-01	3.4246624319E-01	2.7285085857E-01	4.6856224963E72	4.4034659637E-01	3.8309997552E-01	3.5901614226E58	3.8279629671E-01	3.8100471553E-01	3.8263687401E-01	3.8087549585E-01	3.0567137139E-01	
Swaption Vola Monte-Carlo Single-Curve	1.2991536763E-01	1.4545752358E-01	4.7020112523E-02	3.6923240032E-02	4.6949708122E-02	4.7358444902E-02	3.9936360726E-02	4.3840452578E-02	4.3840452578E-02	4.0843795052E-02	3.8145976543E-01	3.8163093266E-01	3.8128650769E-01	3.8129171061E-01	3.8197476153E-01	3.8136664776E-01	3.8136664776E-01	3.8140670552E-01	1.9468261282E-02	0.0000000000E00	1.2120577199E-02	1.2315579923E-02	1.4112265814E-02	3.4224093934E-01	3.4412103290E-01	3.4152002544E-01	3.4166231524E-01	3.4199758653E-01	3.2299798190E-01	2.5369565734E-01	4.6856224963E72	4.5981485765E-01	3.6363171424E-01	3.5901614226E58	3.6332803542E-01	3.6153645425E-01	3.6316861273E-01	3.6140723457E-01	2.8620311011E-01	
Swaption Vola Analytic Multi-Curve Drift-Freeze	1.3969343117E-01	1.5566866417E-01	4.2660771671E-02	3.3208849523E-02	4.0675571042E-02	4.0639115414E-02	3.2008216799E-02	3.6752528284E-02	3.6752528284E-02	3.2905695158E-02	3.7503688370E-01	3.7520805094E-01	3.7486362596E-01	3.7486882888E-01	3.7555187981E-01	3.7494376603E-01	3.7494376603E-01	3.7498382379E-01	2.5891143007E-02	1.2120577199E-02	0.0000000000E00	1.2113428466E-03	5.6457620904E-03	3.3581805761E-01	3.3769815118E-01	3.3509714372E-01	3.3523943352E-01	3.3557470481E-01	3.1657510018E-01	2.4741324315E-01	4.6856224963E72	4.6623773938E-01	3.5720883251E-01	3.5901614226E58	3.5690515370E-01	3.5511357252E-01	3.5674573100E-01	3.5498435284E-01	2.7978022838E-01	
Swaption Vola Analytic Multi-Curve Integrated-Expectation	1.3995931309E-01	1.5592844745E-01	4.3039939964E-02	3.3602706349E-02	4.1099125421E-02	4.1039317328E-02	3.2756849924E-02	3.7303961283E-02	3.7303961283E-02	3.3594046835E-02	3.7471844370E-01	3.7488961093E-01	3.7454518595E-01	3.7455038887E-01	3.7523343980E-01	3.7462532602E-01	3.7462532602E-01	3.7466538378E-01	2.6209583016E-02	1.2315579923E-02	1.2113428466E-03	0.0000000000E00	5.5004009198E-03	3.3549961761E-01	3.3737971117E-01	3.3477870371E-01	3.3492099351E-01	3.3525626480E-01	3.1625666017E-01	2.4710170641E-01	4.6856224963E72	4.6655617939E-01	3.5689039250E-01	3.5901614226E58	3.5658671369E-01	3.5479513251E-01	3.5642729099E-01	3.5466591283E-01	2.7946178837E-01	
Swaption Vola Monte-Carlo Multi-Curve	1.3852090328E-01	1.5534249337E-01	4.6666000763E-02	3.6061246474E-02	4.4430430524E-02	4.4544453169E-02	3.3628238774E-02	4.0212019138E-02	4.0212019138E-02	3.5829062439E-02	3.7026892561E-01	3.7044009284E-01	3.7009566787E-01	3.7010087079E-01	3.7078392171E-01	3.7017580794E-01	3.7017580794E-01	3.7021586570E-01	3.0659101102E-02	1.4112265814E-02	5.6457620904E-03	5.5004009198E-03	0.0000000000E00	3.3105009952E-01	3.3293019308E-01	3.3032918562E-01	3.3047147542E-01	3.3080674671E-01	3.1180714208E-01	2.4292868277E-01	4.6856224963E72	4.7100569747E-01	3.5244087442E-01	3.5901614226E58	3.5213719560E-01	3.5034561443E-01	3.5197777291E-01	3.5021639475E-01	2.7501227029E-01	
Swaption Value Analytic Single-Curve	4.4122083991E-01	4.6675678784E-01	3.6558019323E-01	3.4776190022E-01	3.5154084310E-01	3.5082848043E-01	3.2828613509E-01	3.4384720354E-01	3.4384720354E-01	3.4137527782E-01	3.9218826091E-02	3.9389993325E-02	3.9045568346E-02	3.9050771266E-02	3.9733822195E-02	3.9125708419E-02	3.9125708419E-02	3.9165766180E-02	3.6170920062E-01	3.4224093934E-01	3.3581805761E-01	3.3549961761E-01	3.3105009952E-01	0.0000000000E00	1.8800935627E-03	7.2091389521E-04	6.1959314898E-04	4.6681546913E-04	4.0016704840E-02	8.8858342051E-02	4.6856224963E72	8.0205579699E-01	2.6641763027E-02	3.5901614226E58	2.6502040848E-02	2.5641664120E-02	2.6394155064E-02	2.5552004611E-02	5.6287372613E-02	
Swaption Value Monte-Carlo Single-Curve	4.4310093347E-01	4.6863688140E-01	3.6746028679E-01	3.4964199378E-01	3.5342093666E-01	3.5270857399E-01	3.3016622866E-01	3.4572729711E-01	3.4572729711E-01	3.4325537139E-01	3.7338732528E-02	3.7509899763E-02	3.7165474783E-02	3.7170677704E-02	3.7853728632E-02	3.7245614857E-02	3.7245614857E-02	3.7285672617E-02	3.6358929418E-01	3.4412103290E-01	3.3769815118E-01	3.3737971117E-01	3.3293019308E-01	1.8800935627E-03	0.0000000000E00	2.6010074579E-03	2.4587176596E-03	2.1570388953E-03	3.9377537997E-02	9.0738435614E-02	4.6856224963E72	8.0393589055E-01	2.5002444497E-02	3.5901614226E58	2.4862722318E-02	2.4007556251E-02	2.4754836534E-02	2.3917896742E-02	5.7922693757E-02	
Swaption Value Analytic Multi-Curve Drift-Freeze	4.4049992602E-01	4.6603587395E-01	3.6485927934E-01	3.4704098632E-01	3.5081992921E-01	3.5010756654E-01	3.2756522120E-01	3.4312628965E-01	3.4312628965E-01	3.4065436393E-01	3.9939739986E-02	4.0110907221E-02	3.9766482241E-02	3.9771685161E-02	4.0454736090E-02	3.9846622315E-02	3.9846622315E-02	3.9886680075E-02	3.6098828673E-01	3.4152002544E-01	3.3509714372E-01	3.3477870371E-01	3.3032918562E-01	7.2091389521E-04	2.6010074579E-03	0.0000000000E00	1.7290911034E-04	5.0703379512E-04	4.0194369208E-02	8.8137428156E-02	4.6856224963E72	8.0133488310E-01	2.7221358859E-02	3.5901614226E58	2.7081636679E-02	2.6195796600E-02	2.6973750895E-02	2.6106137091E-02	5.5751415203E-02	
Swaption Value Analytic Multi-Curve Integrated-Expectation	4.4064221581E-01	4.6617816374E-01	3.6500156913E-01	3.4718327612E-01	3.5096221900E-01	3.5024985633E-01	3.2770751100E-01	3.4326857945E-01	3.4326857945E-01	3.4079665373E-01	3.9797450188E-02	3.9968617422E-02	3.9624192443E-02	3.9629395363E-02	4.0312446292E-02	3.9704332516E-02	3.9704332516E-02	3.9744390277E-02	3.6113057652E-01	3.4166231524E-01	3.3523943352E-01	3.3492099351E-01	3.3047147542E-01	6.1959314898E-04	2.4587176596E-03	1.7290911034E-04	0.0000000000E00	4.1645917567E-04	4.0082981174E-02	8.8279717954E-02	4.6856224963E72	8.0147717289E-01	2.7060007314E-02	3.5901614226E58	2.6920285135E-02	2.6034438202E-02	2.6812399350E-02	2.5944778693E-02	5.5872587413E-02	
Swaption Value Monte-Carlo Multi-Curve	4.4097748710E-01	4.6651343503E-01	3.6533684042E-01	3.4751854741E-01	3.5129749029E-01	3.5058512762E-01	3.2804278229E-01	3.4360385073E-01	3.4360385073E-01	3.4113192501E-01	3.9462178899E-02	3.9633346134E-02	3.9288921154E-02	3.9294124074E-02	3.9977175003E-02	3.9369061227E-02	3.9369061227E-02	3.9409118988E-02	3.6146584781E-01	3.4199758653E-01	3.3557470481E-01	3.3525626480E-01	3.3080674671E-01	4.6681546913E-04	2.1570388953E-03	5.0703379512E-04	4.1645917567E-04	0.0000000000E00	4.0213970411E-02	8.8614989243E-02	4.6856224963E72	8.0181244418E-01	2.6823291033E-02	3.5901614226E58	2.6683568854E-02	2.5797521122E-02	2.6575683069E-02	2.5707861613E-02	5.6128675496E-02	
Swaption Exercise Date	4.2197788248E-01	4.4751383041E-01	3.4633723579E-01	3.2851894278E-01	3.3229788567E-01	3.3158552299E-01	3.0904317766E-01	3.2460424611E-01	3.2460424611E-01	3.2213232039E-01	5.8461783526E-02	5.8632950761E-02	5.8288525782E-02	5.8293728702E-02	5.8976779631E-02	5.8368665855E-02	5.8368665855E-02	5.8408723615E-02	3.4246624319E-01	3.2299798190E-01	3.1657510018E-01	3.1625666017E-01	3.1180714208E-01	4.0016704840E-02	3.9377537997E-02	4.0194369208E-02	4.0082981174E-02	4.0213970411E-02	0.0000000000E00	1.0858974359E-01	4.6856224963E72	7.8281283956E-01	4.1238428119E-02	3.5901614226E58	4.0985546340E-02	3.9854945077E-02	4.0805272734E-02	3.9700495402E-02	3.7051282051E-02	
Swaption Number Of Periods	3.5236249786E-01	3.7789844579E-01	2.7672185118E-01	2.5890355817E-01	2.6286685946E-01	2.6231625028E-01	2.4056706775E-01	2.5564504695E-01	2.5564504695E-01	2.5288295740E-01	1.2807716814E-01	1.2824833538E-01	1.2790391040E-01	1.2790911332E-01	1.2859216425E-01	1.2798405047E-01	1.2798405047E-01	1.2802410823E-01	2.7285085857E-01	2.5369565734E-01	2.4741324315E-01	2.4710170641E-01	2.4292868277E-01	8.8858342051E-02	9.0738435614E-02	8.8137428156E-02	8.8279717954E-02	8.8614989243E-02	1.0858974359E-01	0.0000000000E00	4.6856224963E72	7.1319745494E-01	1.1230680128E-01	3.5901614226E58	1.1211740142E-01	1.1060107794E-01	1.1199738709E-01	1.1050155384E-01	1.0153846154E-01	
Numeraire Single-Curve	4.6856224963E72	4.6856224963E72	4.6856224963E72	4.6856224963E72	4.6856224963E72	4.6856224963E72	4.6856224963E72	4.6856224963E72	4.6856224963E72	4.6856224963E72	4.6856224963E72	4.6856224963E72	4.6856224963E72	4.6856224963E72	4.6856224963E72	4.6856224963E72	4.6856224963E72	4.6856224963E72	4.6856224963E72	4.6856224963E72	4.6856224963E72	4.6856224963E72	4.6856224963E72	4.6856224963E72	4.6856224963E72	4.6856224963E72	4.6856224963E72	4.6856224963E72	4.6856224963E72	4.6856224963E72	0.0000000000E00	4.6856224963E72	4.6856224963E72	4.6856224963E72	4.6856224963E72	4.6856224963E72	4.6856224963E72	4.6856224963E72	4.6856224963E72	
Discount Single-Curve	3.6083495708E-01	3.3529900915E-01	4.3647560376E-01	4.5429389677E-01	4.5051495389E-01	4.5122731656E-01	4.7376966190E-01	4.5820859345E-01	4.5820859345E-01	4.6068051917E-01	8.4127462308E-01	8.4144579032E-01	8.4110136534E-01	8.4110656826E-01	8.4178961919E-01	8.4118150541E-01	8.4118150541E-01	8.4122156317E-01	4.4034659637E-01	4.5981485765E-01	4.6623773938E-01	4.6655617939E-01	4.7100569747E-01	8.0205579699E-01	8.0393589055E-01	8.0133488310E-01	8.0147717289E-01	8.0181244418E-01	7.8281283956E-01	7.1319745494E-01	4.6856224963E72	0.0000000000E00	8.2344657189E-01	3.5901614226E58	8.2314289308E-01	8.2135131190E-01	8.2298347038E-01	8.2122209222E-01	7.4601796776E-01	
OIS Spot Rate Single-Curve	4.6261161481E-01	4.8814756274E-01	3.8697096813E-01	3.6915267512E-01	3.7293161800E-01	3.7221925533E-01	3.4967690999E-01	3.6523797844E-01	3.6523797844E-01	3.6276605272E-01	1.7828051192E-02	1.7999218427E-02	1.7654793447E-02	1.7659996368E-02	1.8343047296E-02	1.7734933521E-02	1.7734933521E-02	1.7774991281E-02	3.8309997552E-01	3.6363171424E-01	3.5720883251E-01	3.5689039250E-01	3.5244087442E-01	2.6641763027E-02	2.5002444497E-02	2.7221358859E-02	2.7060007314E-02	2.6823291033E-02	4.1238428119E-02	1.1230680128E-01	4.6856224963E72	8.2344657189E-01	0.0000000000E00	3.5901614226E58	4.7389273389E-04	2.0997988564E-03	4.6310151220E-04	2.2244796722E-03	7.7428604129E-02	
Numeraire Multi-Curve	3.5901614226E58	3.5901614226E58	3.5901614226E58	3.5901614226E58	3.5901614226E58	3.5901614226E58	3.5901614226E58	3.5901614226E58	3.5901614226E58	3.5901614226E58	3.5901614226E58	3.5901614226E58	3.5901614226E58	3.5901614226E58	3.5901614226E58	3.5901614226E58	3.5901614226E58	3.5901614226E58	3.5901614226E58	3.5901614226E58	3.5901614226E58	3.5901614226E58	3.5901614226E58	3.5901614226E58	3.5901614226E58	3.5901614226E58	3.5901614226E58	3.5901614226E58	3.5901614226E58	3.5901614226E58	4.6856224963E72	3.5901614226E58	3.5901614226E58	0.0000000000E00	3.5901614226E58	3.5901614226E58	3.5901614226E58	3.5901614226E58	3.5901614226E58	
OIS Spot Rate Multi-Curve	4.6230793600E-01	4.8784388393E-01	3.8666728932E-01	3.6884899630E-01	3.7262793919E-01	3.7191557652E-01	3.4937323118E-01	3.6493429963E-01	3.6493429963E-01	3.6246237391E-01	1.8131730005E-02	1.8302897240E-02	1.7958472261E-02	1.7963675181E-02	1.8646726109E-02	1.8038612334E-02	1.8038612334E-02	1.8078670094E-02	3.8279629671E-01	3.6332803542E-01	3.5690515370E-01	3.5658671369E-01	3.5213719560E-01	2.6502040848E-02	2.4862722318E-02	2.7081636679E-02	2.6920285135E-02	2.6683568854E-02	4.0985546340E-02	1.1211740142E-01	4.6856224963E72	8.2314289308E-01	4.7389273389E-04	3.5901614226E58	0.0000000000E00	1.7915811795E-03	2.6577041348E-04	1.9415766749E-03	7.7124925316E-02	
LIBOR Spot Rate Multi-Curve	4.6051635482E-01	4.8605230275E-01	3.8487570814E-01	3.6705741512E-01	3.7083635801E-01	3.7012399534E-01	3.4758165000E-01	3.6314271845E-01	3.6314271845E-01	3.6067079273E-01	1.9923311185E-02	2.0094478419E-02	1.9750053440E-02	1.9755256360E-02	2.0438307289E-02	1.9830193513E-02	1.9830193513E-02	1.9870251274E-02	3.8100471553E-01	3.6153645425E-01	3.5511357252E-01	3.5479513251E-01	3.5034561443E-01	2.5641664120E-02	2.4007556251E-02	2.6195796600E-02	2.6034438202E-02	2.5797521122E-02	3.9854945077E-02	1.1060107794E-01	4.6856224963E72	8.2135131190E-01	2.0997988564E-03	3.5901614226E58	1.7915811795E-03	0.0000000000E00	1.6730114879E-03	2.5464750468E-04	7.5333344137E-02	
OIS Forward Rate Multi-Curve	4.6214851330E-01	4.8768446123E-01	3.8650786662E-01	3.6868957361E-01	3.7246851649E-01	3.7175615382E-01	3.4921380848E-01	3.6477487693E-01	3.6477487693E-01	3.6230295121E-01	1.8291152704E-02	1.8462319939E-02	1.8117894960E-02	1.8123097880E-02	1.8806148808E-02	1.8198035033E-02	1.8198035033E-02	1.8238092793E-02	3.8263687401E-01	3.6316861273E-01	3.5674573100E-01	3.5642729099E-01	3.5197777291E-01	2.6394155064E-02	2.4754836534E-02	2.6973750895E-02	2.6812399350E-02	2.6575683069E-02	4.0805272734E-02	1.1199738709E-01	4.6856224963E72	8.2298347038E-01	4.6310151220E-04	3.5901614226E58	2.6577041348E-04	1.6730114879E-03	0.0000000000E00	1.7613781600E-03	7.6965502617E-02	
LIBOR Forward Rate Multi-Curve	4.6038713514E-01	4.8592308307E-01	3.8474648846E-01	3.6692819545E-01	3.7070713833E-01	3.6999477566E-01	3.4745243032E-01	3.6301349877E-01	3.6301349877E-01	3.6054157305E-01	2.0052530864E-02	2.0223698099E-02	1.9879273120E-02	1.9884476040E-02	2.0567526969E-02	1.9959413193E-02	1.9959413193E-02	1.9999470953E-02	3.8087549585E-01	3.6140723457E-01	3.5498435284E-01	3.5466591283E-01	3.5021639475E-01	2.5552004611E-02	2.3917896742E-02	2.6106137091E-02	2.5944778693E-02	2.5707861613E-02	3.9700495402E-02	1.1050155384E-01	4.6856224963E72	8.2122209222E-01	2.2244796722E-03	3.5901614226E58	1.9415766749E-03	2.5464750468E-04	1.7613781600E-03	0.0000000000E00	7.5204124457E-02	
Time	3.8518301068E-01	4.1071895861E-01	3.0954236400E-01	2.9172407099E-01	2.9550301387E-01	2.9479065120E-01	2.7224830586E-01	2.8780937431E-01	2.8780937431E-01	2.8533744859E-01	9.5256655321E-02	9.5427822556E-02	9.5083397577E-02	9.5088600497E-02	9.5771651426E-02	9.5163537650E-02	9.5163537650E-02	9.5203595410E-02	3.0567137139E-01	2.8620311011E-01	2.7978022838E-01	2.7946178837E-01	2.7501227029E-01	5.6287372613E-02	5.7922693757E-02	5.5751415203E-02	5.5872587413E-02	5.6128675496E-02	3.7051282051E-02	1.0153846154E-01	4.6856224963E72	7.4601796776E-01	7.7428604129E-02	3.5901614226E58	7.7124925316E-02	7.5333344137E-02	7.6965502617E-02	7.5204124457E-02	0.0000000000E00	
