	Target (OIS)	Target (LIBOR)	Caplet Vola Analytic Single-Curve	Caplet Vola Monte-Carlo Single-Curve	Caplet Vola Analytic Multi-Curve Fenton-Wilkinson	Caplet Vola Analytic Multi-Curve Ju	Caplet Vola Analytic Multi-Curve Ho	Caplet Vola Analytic Multi-Curve Drift-Freeze	Caplet Vola Analytic Multi-Curve Integrated-Expectation	Caplet Vola Monte-Carlo Multi-Curve	Caplet Value Analytic Single-Curve	Caplet Value Monte-Carlo Single-Curve	Caplet Value Analytic Multi-Curve Fenton-Wilkinson	Caplet Value Analytic Multi-Curve Ju	Caplet Value Analytic Multi-Curve Ho	Caplet Value Analytic Multi-Curve Drift-Freeze	Caplet Value Analytic Multi-Curve Integrated-Expectation	Caplet Value Monte-Carlo Multi-Curve	Swaption Vola Analytic Single-Curve	Swaption Vola Monte-Carlo Single-Curve	Swaption Vola Analytic Multi-Curve Drift-Freeze	Swaption Vola Analytic Multi-Curve Integrated-Expectation	Swaption Vola Monte-Carlo Multi-Curve	Swaption Value Analytic Single-Curve	Swaption Value Monte-Carlo Single-Curve	Swaption Value Analytic Multi-Curve Drift-Freeze	Swaption Value Analytic Multi-Curve Integrated-Expectation	Swaption Value Monte-Carlo Multi-Curve	Swaption Exercise Date	Swaption Number Of Periods	Numeraire Single-Curve	Discount Single-Curve	OIS Spot Rate Single-Curve	Numeraire Multi-Curve	OIS Spot Rate Multi-Curve	LIBOR Spot Rate Multi-Curve	OIS Forward Rate Multi-Curve	LIBOR Forward Rate Multi-Curve	Time
Target (OIS)	0.0000000000E00	2.6101160960E-02	1.7377938274E-01	1.7907658603E-01	1.9016292576E-01	1.9154519741E-01	2.0044384556E-01	1.9424489026E-01	1.9424489026E-01	1.9243672496E-01	4.9170808576E-01	4.9185911008E-01	4.9153189111E-01	4.9153928581E-01	4.9213249408E-01	4.9160940137E-01	4.9160940137E-01	4.9164132949E-01	1.4860380794E-01	1.6025053875E-01	1.7345698736E-01	1.7352490294E-01	1.7331489890E-01	4.5629249016E-01	4.5803616146E-01	4.5559222467E-01	4.5568920492E-01	4.5597567985E-01	4.4646496522E-01	3.6960670619E-01	2.9261117897E73	3.6136751638E-01	4.7543800820E-01	2.2420102444E59	4.7517719198E-01	4.7320263072E-01	4.7504871584E-01	4.7310081517E-01	4.1646752606E-01	
Target (LIBOR)	2.6101160960E-02	0.0000000000E00	1.9077073104E-01	1.9780356879E-01	2.0784351291E-01	2.0923033250E-01	2.1996485722E-01	2.1253500730E-01	2.1253500730E-01	2.1109112724E-01	5.1780872953E-01	5.1795978596E-01	5.1763252686E-01	5.1763991956E-01	5.1823328095E-01	5.1771004879E-01	5.1771004879E-01	5.1774199258E-01	1.6776411191E-01	1.8096000813E-01	1.9393477111E-01	1.9402665720E-01	1.9433096653E-01	4.8232674054E-01	4.8407537813E-01	4.8162504773E-01	4.8172313177E-01	4.8201012499E-01	4.7236885188E-01	3.9505024844E-01	2.9261117897E73	3.3571113090E-01	5.0153048142E-01	2.2420102444E59	5.0126944389E-01	4.9929558082E-01	5.0114073728E-01	4.9919357391E-01	4.4216097139E-01	
Caplet Vola Analytic Single-Curve	1.7377938274E-01	1.9077073104E-01	0.0000000000E00	2.2876259058E-02	1.9438910521E-02	2.0738928500E-02	3.9324579467E-02	2.6238067630E-02	2.6238067630E-02	2.8279933859E-02	4.0897439972E-01	4.0915464638E-01	4.0880303836E-01	4.0880758104E-01	4.0953496932E-01	4.0888601703E-01	4.0888601703E-01	4.0893091537E-01	4.9305353736E-02	5.4400892616E-02	4.8616739888E-02	4.9505832943E-02	5.1880550132E-02	3.6920651385E-01	3.7105853888E-01	3.6850898881E-01	3.6864585813E-01	3.6900111433E-01	3.4869575374E-01	2.9887304410E-01	2.9261117897E73	4.6803271547E-01	3.9044775775E-01	2.2420102444E59	3.9013198625E-01	3.8847074301E-01	3.8995741309E-01	3.8832786675E-01	3.1110151195E-01	
Caplet Vola Monte-Carlo Single-Curve	1.7907658603E-01	1.9780356879E-01	2.2876259058E-02	0.0000000000E00	2.1542187589E-02	2.2269887971E-02	2.8316653420E-02	2.2351718196E-02	2.2351718196E-02	2.3282752964E-02	3.9102729744E-01	3.9120210378E-01	3.9085568474E-01	3.9086021743E-01	3.9158713915E-01	3.9093873769E-01	3.9093873769E-01	3.9098444802E-01	5.0159180353E-02	4.7858296636E-02	4.0789934441E-02	4.1660520480E-02	4.3048264144E-02	3.5131840698E-01	3.5316328713E-01	3.5061973116E-01	3.5075600156E-01	3.5111527830E-01	3.3129175865E-01	2.8169714350E-01	2.9261117897E73	4.8326345775E-01	3.7249777295E-01	2.2420102444E59	3.7219993098E-01	3.7053387716E-01	3.7202402522E-01	3.7039009560E-01	2.9389266436E-01	
Caplet Vola Analytic Multi-Curve Fenton-Wilkinson	1.9016292576E-01	2.0784351291E-01	1.9438910521E-02	2.1542187589E-02	0.0000000000E00	1.7545018879E-03	2.3777182452E-02	8.4393413349E-03	8.4393413349E-03	1.5028186669E-02	3.9660385200E-01	3.9678559793E-01	3.9643408957E-01	3.9643829347E-01	3.9717456773E-01	3.9651703625E-01	3.9651703625E-01	3.9656322005E-01	5.9493126528E-02	5.8912836509E-02	4.9515954532E-02	5.0394431437E-02	5.2229568358E-02	3.5673871011E-01	3.5858214775E-01	3.5604780179E-01	3.5618765553E-01	3.5654714623E-01	3.3524633755E-01	2.8984580107E-01	2.9261117897E73	4.8507469348E-01	3.7798533587E-01	2.2420102444E59	3.7766749688E-01	3.7604814236E-01	3.7748875803E-01	3.7590143329E-01	2.9723049169E-01	
Caplet Vola Analytic Multi-Curve Ju	1.9154519741E-01	2.0923033250E-01	2.0738928500E-02	2.2269887971E-02	1.7545018879E-03	0.0000000000E00	2.3192356081E-02	7.5879714112E-03	7.5879714112E-03	1.4826080747E-02	3.9605534874E-01	3.9623718337E-01	3.9588583857E-01	3.9588997738E-01	3.9662714695E-01	3.9596870717E-01	3.9596870717E-01	3.9601503033E-01	6.0236748898E-02	5.9374134132E-02	4.9747111340E-02	5.0632784900E-02	5.2494248274E-02	3.5618271189E-01	3.5802420777E-01	3.5549269302E-01	3.5563300676E-01	3.5599294191E-01	3.3456222723E-01	2.8958080524E-01	2.9261117897E73	4.8618252189E-01	3.7743188791E-01	2.2420102444E59	3.7711399251E-01	3.7549914764E-01	3.7693477080E-01	3.7535201665E-01	2.9649951570E-01	
Caplet Vola Analytic Multi-Curve Ho	2.0044384556E-01	2.1996485722E-01	3.9324579467E-02	2.8316653420E-02	2.3777182452E-02	2.3192356081E-02	0.0000000000E00	1.5990358192E-02	1.5990358192E-02	1.5970193862E-02	3.7325384569E-01	3.7343585567E-01	3.7308490485E-01	3.7308904619E-01	3.7382518125E-01	3.7316748530E-01	3.7316748530E-01	3.7321355212E-01	6.5367192091E-02	5.7346028590E-02	4.4911967732E-02	4.5696746610E-02	4.5467112271E-02	3.3347531364E-01	3.3530878782E-01	3.3278841325E-01	3.3292715278E-01	3.3328820605E-01	3.1179231148E-01	2.6821853340E-01	2.9261117897E73	5.0609444715E-01	3.5463269241E-01	2.2420102444E59	3.5431253439E-01	3.5270177932E-01	3.5413452658E-01	3.5255556312E-01	2.7378356664E-01	
Caplet Vola Analytic Multi-Curve Drift-Freeze	1.9424489026E-01	2.1253500730E-01	2.6238067630E-02	2.2351718196E-02	8.4393413349E-03	7.5879714112E-03	1.5990358192E-02	0.0000000000E00	0.0000000000E00	1.0588009807E-02	3.8894887483E-01	3.8913070068E-01	3.8877983042E-01	3.8878392099E-01	3.8952061938E-01	3.8886240818E-01	3.8886240818E-01	3.8890865042E-01	6.0680282395E-02	5.7393373246E-02	4.6774930429E-02	4.7664177061E-02	4.9034188260E-02	3.4913789774E-01	3.5097321097E-01	3.4844985911E-01	3.4858983187E-01	3.4895034172E-01	3.2737342094E-01	2.8312644098E-01	2.9261117897E73	4.9241835587E-01	3.7033450541E-01	2.2420102444E59	3.7001559625E-01	3.6840358974E-01	3.6983688208E-01	3.6825682000E-01	2.8932805545E-01	
Caplet Vola Analytic Multi-Curve Integrated-Expectation	1.9424489026E-01	2.1253500730E-01	2.6238067630E-02	2.2351718196E-02	8.4393413349E-03	7.5879714112E-03	1.5990358192E-02	0.0000000000E00	0.0000000000E00	1.0588009807E-02	3.8894887483E-01	3.8913070068E-01	3.8877983042E-01	3.8878392099E-01	3.8952061938E-01	3.8886240818E-01	3.8886240818E-01	3.8890865042E-01	6.0680282395E-02	5.7393373246E-02	4.6774930429E-02	4.7664177061E-02	4.9034188260E-02	3.4913789774E-01	3.5097321097E-01	3.4844985911E-01	3.4858983187E-01	3.4895034172E-01	3.2737342094E-01	2.8312644098E-01	2.9261117897E73	4.9241835587E-01	3.7033450541E-01	2.2420102444E59	3.7001559625E-01	3.6840358974E-01	3.6983688208E-01	3.6825682000E-01	2.8932805545E-01	
Caplet Vola Monte-Carlo Multi-Curve	1.9243672496E-01	2.1109112724E-01	2.8279933859E-02	2.3282752964E-02	1.5028186669E-02	1.4826080747E-02	1.5970193862E-02	1.0588009807E-02	1.0588009807E-02	0.0000000000E00	3.8595794192E-01	3.8613995301E-01	3.8578878474E-01	3.8579298180E-01	3.8652629156E-01	3.8587116696E-01	3.8587116696E-01	3.8591452511E-01	5.8352884696E-02	5.4464546104E-02	4.3208328999E-02	4.4050996315E-02	4.5258288446E-02	3.4632278896E-01	3.4815675884E-01	3.4563621039E-01	3.4577309008E-01	3.4613403372E-01	3.2457115636E-01	2.7987749335E-01	2.9261117897E73	4.9354334046E-01	3.6738178252E-01	2.2420102444E59	3.6705415943E-01	3.6543165484E-01	3.6688480826E-01	3.6529408093E-01	2.8668773105E-01	
Caplet Value Analytic Single-Curve	4.9170808576E-01	5.1780872953E-01	4.0897439972E-01	3.9102729744E-01	3.9660385200E-01	3.9605534874E-01	3.7325384569E-01	3.8894887483E-01	3.8894887483E-01	3.8595794192E-01	0.0000000000E00	2.3861825058E-04	1.8887686589E-04	1.8037886519E-04	6.4760961701E-04	1.0219634164E-04	1.0219634164E-04	1.3911760018E-04	4.0234975052E-01	3.8285743980E-01	3.7723576943E-01	3.7696859818E-01	3.7209899944E-01	4.8314592922E-02	4.6172350971E-02	4.9067381958E-02	4.8802907888E-02	4.8517691117E-02	7.2536910063E-02	1.5704695453E-01	2.9261117897E73	8.4954199743E-01	1.8945661715E-02	2.2420102444E59	1.9252646442E-02	2.0726840817E-02	1.9445744666E-02	2.0880558176E-02	1.0963887884E-01	
Caplet Value Monte-Carlo Single-Curve	4.9185911008E-01	5.1795978596E-01	4.0915464638E-01	3.9120210378E-01	3.9678559793E-01	3.9623718337E-01	3.7343585567E-01	3.8913070068E-01	3.8913070068E-01	3.8613995301E-01	2.3861825058E-04	0.0000000000E00	3.8816572210E-04	3.8242644071E-04	4.9758704629E-04	3.0789553426E-04	3.0789553426E-04	3.0338573602E-04	4.0252363451E-01	3.8303068449E-01	3.7741245299E-01	3.7714517642E-01	3.7227610382E-01	4.8472291056E-02	4.6329556242E-02	4.9225064065E-02	4.8960835115E-02	4.8675473347E-02	7.2721047735E-02	1.5717573187E-01	2.9261117897E73	8.4970052200E-01	1.9126933611E-02	2.2420102444E59	1.9437684186E-02	2.0910182056E-02	1.9630499423E-02	2.1063768684E-02	1.0982848435E-01	
Caplet Value Analytic Multi-Curve Fenton-Wilkinson	4.9153189111E-01	5.1763252686E-01	4.0880303836E-01	3.9085568474E-01	3.9643408957E-01	3.9588583857E-01	3.7308490485E-01	3.8877983042E-01	3.8877983042E-01	3.8578878474E-01	1.8887686589E-04	3.8816572210E-04	0.0000000000E00	1.6706418384E-05	7.8949650996E-04	9.4861639102E-05	9.4861639102E-05	1.8008709864E-04	4.0217834183E-01	3.8268659037E-01	3.7706579732E-01	3.7679860941E-01	3.7192841242E-01	4.8168306453E-02	4.6027288997E-02	4.8920472626E-02	4.8655645391E-02	4.8370637121E-02	7.2420958511E-02	1.5689371806E-01	2.9261117897E73	8.4936530916E-01	1.8780752846E-02	2.2420102444E59	1.9088200290E-02	2.0556959316E-02	1.9281372855E-02	2.0710771479E-02	1.0950492451E-01	
Caplet Value Analytic Multi-Curve Ju	4.9153928581E-01	5.1763991956E-01	4.0880758104E-01	3.9086021743E-01	3.9643829347E-01	3.9588997738E-01	3.7308904619E-01	3.8878392099E-01	3.8878392099E-01	3.8579298180E-01	1.8037886519E-04	3.8242644071E-04	1.6706418384E-05	0.0000000000E00	7.8883466292E-04	8.7952935896E-05	8.7952935896E-05	1.7793998104E-04	4.0218308669E-01	3.8269119428E-01	3.7707021533E-01	3.7680304630E-01	3.7193296527E-01	4.8171652103E-02	4.6030430832E-02	4.8923890209E-02	4.8659101069E-02	4.8374112161E-02	7.2418966388E-02	1.5690084542E-01	2.9261117897E73	8.4937198674E-01	1.8784491451E-02	2.2420102444E59	1.9091950195E-02	2.0561425785E-02	1.9285049758E-02	2.0715177058E-02	1.0950448918E-01	
Caplet Value Analytic Multi-Curve Ho	4.9213249408E-01	5.1823328095E-01	4.0953496932E-01	3.9158713915E-01	3.9717456773E-01	3.9662714695E-01	3.7382518125E-01	3.8952061938E-01	3.8952061938E-01	3.8652629156E-01	6.4760961701E-04	4.9758704629E-04	7.8949650996E-04	7.8883466292E-04	0.0000000000E00	7.0869112548E-04	7.0869112548E-04	6.5966926169E-04	4.0287962283E-01	3.8338877134E-01	3.7777862617E-01	3.7751097472E-01	3.7263924174E-01	4.8828600613E-02	4.6687346252E-02	4.9580925718E-02	4.9316741737E-02	4.9029801433E-02	7.3145092158E-02	1.5740970350E-01	2.9261117897E73	8.5000206383E-01	1.9549337263E-02	2.2420102444E59	1.9856214748E-02	2.1315099567E-02	2.0050570814E-02	2.1470082197E-02	1.1026499985E-01	
Caplet Value Analytic Multi-Curve Drift-Freeze	4.9160940137E-01	5.1771004879E-01	4.0888601703E-01	3.9093873769E-01	3.9651703625E-01	3.9596870717E-01	3.7316748530E-01	3.8886240818E-01	3.8886240818E-01	3.8587116696E-01	1.0219634164E-04	3.0789553426E-04	9.4861639102E-05	8.7952935896E-05	7.0869112548E-04	0.0000000000E00	0.0000000000E00	1.2056150163E-04	4.0225846207E-01	3.8276642016E-01	3.7714612285E-01	3.7687892985E-01	3.7200890953E-01	4.8243748568E-02	4.6102162847E-02	4.8996139509E-02	4.8731470854E-02	4.8446338274E-02	7.2483149763E-02	1.5696362225E-01	2.9261117897E73	8.4944462950E-01	1.8866142586E-02	2.2420102444E59	1.9173293223E-02	2.0643076424E-02	1.9366540282E-02	2.0796948256E-02	1.0957605651E-01	
Caplet Value Analytic Multi-Curve Integrated-Expectation	4.9160940137E-01	5.1771004879E-01	4.0888601703E-01	3.9093873769E-01	3.9651703625E-01	3.9596870717E-01	3.7316748530E-01	3.8886240818E-01	3.8886240818E-01	3.8587116696E-01	1.0219634164E-04	3.0789553426E-04	9.4861639102E-05	8.7952935896E-05	7.0869112548E-04	0.0000000000E00	0.0000000000E00	1.2056150163E-04	4.0225846207E-01	3.8276642016E-01	3.7714612285E-01	3.7687892985E-01	3.7200890953E-01	4.8243748568E-02	4.6102162847E-02	4.8996139509E-02	4.8731470854E-02	4.8446338274E-02	7.2483149763E-02	1.5696362225E-01	2.9261117897E73	8.4944462950E-01	1.8866142586E-02	2.2420102444E59	1.9173293223E-02	2.0643076424E-02	1.9366540282E-02	2.0796948256E-02	1.0957605651E-01	
Caplet Value Monte-Carlo Multi-Curve	4.9164132949E-01	5.1774199258E-01	4.0893091537E-01	3.9098444802E-01	3.9656322005E-01	3.9601503033E-01	3.7321355212E-01	3.8890865042E-01	3.8890865042E-01	3.8591452511E-01	1.3911760018E-04	3.0338573602E-04	1.8008709864E-04	1.7793998104E-04	6.5966926169E-04	1.2056150163E-04	1.2056150163E-04	0.0000000000E00	4.0229891952E-01	3.8280760580E-01	3.7718771219E-01	3.7692037128E-01	3.7205038372E-01	4.8298281806E-02	4.6157267491E-02	4.9050624268E-02	4.8785865820E-02	4.8500740386E-02	7.2526609581E-02	1.5699728760E-01	2.9261117897E73	8.4948034916E-01	1.8918164034E-02	2.2420102444E59	1.9223142712E-02	2.0691190406E-02	1.9418261071E-02	2.0846797494E-02	1.0962452827E-01	
Swaption Vola Analytic Single-Curve	1.4860380794E-01	1.6776411191E-01	4.9305353736E-02	5.0159180353E-02	5.9493126528E-02	6.0236748898E-02	6.5367192091E-02	6.0680282395E-02	6.0680282395E-02	5.8352884696E-02	4.0234975052E-01	4.0252363451E-01	4.0217834183E-01	4.0218308669E-01	4.0287962283E-01	4.0225846207E-01	4.0225846207E-01	4.0229891952E-01	0.0000000000E00	2.0815474994E-02	3.0083226773E-02	3.0112579460E-02	3.3457524129E-02	3.6489399562E-01	3.6664795443E-01	3.6421182228E-01	3.6432213465E-01	3.6467055498E-01	3.4430807580E-01	2.9423052062E-01	2.9261117897E73	4.6194312840E-01	3.8437074783E-01	2.2420102444E59	3.8405997505E-01	3.8231025381E-01	3.8390060082E-01	3.8218097964E-01	3.0895654678E-01	
Swaption Vola Monte-Carlo Single-Curve	1.6025053875E-01	1.8096000813E-01	5.4400892616E-02	4.7858296636E-02	5.8912836509E-02	5.9374134132E-02	5.7346028590E-02	5.7393373246E-02	5.7393373246E-02	5.4464546104E-02	3.8285743980E-01	3.8303068449E-01	3.8268659037E-01	3.8269119428E-01	3.8338877134E-01	3.8276642016E-01	3.8276642016E-01	3.8280760580E-01	2.0815474994E-02	0.0000000000E00	1.7619196890E-02	1.7540492409E-02	1.8972560467E-02	3.4538678884E-01	3.4712532445E-01	3.4470706675E-01	3.4481772179E-01	3.4516846408E-01	3.2483505875E-01	2.7620335994E-01	2.9261117897E73	4.8063619973E-01	3.6487858610E-01	2.2420102444E59	3.6457147723E-01	3.6282703345E-01	3.6441000410E-01	3.6269583727E-01	2.8952076764E-01	
Swaption Vola Analytic Multi-Curve Drift-Freeze	1.7345698736E-01	1.9393477111E-01	4.8616739888E-02	4.0789934441E-02	4.9515954532E-02	4.9747111340E-02	4.4911967732E-02	4.6774930429E-02	4.6774930429E-02	4.3208328999E-02	3.7723576943E-01	3.7741245299E-01	3.7706579732E-01	3.7707021533E-01	3.7777862617E-01	3.7714612285E-01	3.7714612285E-01	3.7718771219E-01	3.0083226773E-02	1.7619196890E-02	0.0000000000E00	1.9473558686E-03	7.9789297846E-03	3.3934499904E-01	3.4110834499E-01	3.3866664451E-01	3.3878025074E-01	3.3913597460E-01	3.1779123615E-01	2.7108408613E-01	2.9261117897E73	4.9034763804E-01	3.5907509548E-01	2.2420102444E59	3.5875809719E-01	3.5705165109E-01	3.5859487323E-01	3.5691872822E-01	2.8172927181E-01	
Swaption Vola Analytic Multi-Curve Integrated-Expectation	1.7352490294E-01	1.9402665720E-01	4.9505832943E-02	4.1660520480E-02	5.0394431437E-02	5.0632784900E-02	4.5696746610E-02	4.7664177061E-02	4.7664177061E-02	4.4050996315E-02	3.7696859818E-01	3.7714517642E-01	3.7679860941E-01	3.7680304630E-01	3.7751097472E-01	3.7687892985E-01	3.7687892985E-01	3.7692037128E-01	3.0112579460E-02	1.7540492409E-02	1.9473558686E-03	0.0000000000E00	8.3005256997E-03	3.3920858673E-01	3.4096692211E-01	3.3853164766E-01	3.3864329669E-01	3.3899963081E-01	3.1754493489E-01	2.7118975000E-01	2.9261117897E73	4.9059881068E-01	3.5881465963E-01	2.2420102444E59	3.5849757309E-01	3.5679039093E-01	3.5833479176E-01	3.5665787896E-01	2.8154657473E-01	
Swaption Vola Monte-Carlo Multi-Curve	1.7331489890E-01	1.9433096653E-01	5.1880550132E-02	4.3048264144E-02	5.2229568358E-02	5.2494248274E-02	4.5467112271E-02	4.9034188260E-02	4.9034188260E-02	4.5258288446E-02	3.7209899944E-01	3.7227610382E-01	3.7192841242E-01	3.7193296527E-01	3.7263924174E-01	3.7200890953E-01	3.7200890953E-01	3.7205038372E-01	3.3457524129E-02	1.8972560467E-02	7.9789297846E-03	8.3005256997E-03	0.0000000000E00	3.3416299982E-01	3.3593113519E-01	3.3348239442E-01	3.3359620444E-01	3.3394682600E-01	3.1305846751E-01	2.6563624301E-01	2.9261117897E73	4.9369724383E-01	3.5396180803E-01	2.2420102444E59	3.5364377091E-01	3.5192575614E-01	3.5348076982E-01	3.5179299612E-01	2.7716348296E-01	
Swaption Value Analytic Single-Curve	4.5629249016E-01	4.8232674054E-01	3.6920651385E-01	3.5131840698E-01	3.5673871011E-01	3.5618271189E-01	3.3347531364E-01	3.4913789774E-01	3.4913789774E-01	3.4632278896E-01	4.8314592922E-02	4.8472291056E-02	4.8168306453E-02	4.8171652103E-02	4.8828600613E-02	4.8243748568E-02	4.8243748568E-02	4.8298281806E-02	3.6489399562E-01	3.4538678884E-01	3.3934499904E-01	3.3920858673E-01	3.3416299982E-01	0.0000000000E00	2.3045262985E-03	8.1107956956E-04	7.1244787700E-04	5.6301516754E-04	5.3731563573E-02	1.1614759449E-01	2.9261117897E73	8.1230832935E-01	3.3433263043E-02	2.2420102444E59	3.3278905031E-02	3.2300864645E-02	3.3107642640E-02	3.2158296208E-02	7.7570697021E-02	
Swaption Value Monte-Carlo Single-Curve	4.5803616146E-01	4.8407537813E-01	3.7105853888E-01	3.5316328713E-01	3.5858214775E-01	3.5802420777E-01	3.3530878782E-01	3.5097321097E-01	3.5097321097E-01	3.4815675884E-01	4.6172350971E-02	4.6329556242E-02	4.6027288997E-02	4.6030430832E-02	4.6687346252E-02	4.6102162847E-02	4.6102162847E-02	4.6157267491E-02	3.6664795443E-01	3.4712532445E-01	3.4110834499E-01	3.4096692211E-01	3.3593113519E-01	2.3045262985E-03	0.0000000000E00	3.0793971897E-03	2.8935696781E-03	2.6418439265E-03	5.3749665959E-02	1.1810292154E-01	2.9261117897E73	8.1412685708E-01	3.1444129495E-02	2.2420102444E59	3.1298848010E-02	3.0367598987E-02	3.1127626152E-02	3.0225189783E-02	7.8619393985E-02	
Swaption Value Analytic Multi-Curve Drift-Freeze	4.5559222467E-01	4.8162504773E-01	3.6850898881E-01	3.5061973116E-01	3.5604780179E-01	3.5549269302E-01	3.3278841325E-01	3.4844985911E-01	3.4844985911E-01	3.4563621039E-01	4.9067381958E-02	4.9225064065E-02	4.8920472626E-02	4.8923890209E-02	4.9580925718E-02	4.8996139509E-02	4.8996139509E-02	4.9050624268E-02	3.6421182228E-01	3.4470706675E-01	3.3866664451E-01	3.3853164766E-01	3.3348239442E-01	8.1107956956E-04	3.0793971897E-03	0.0000000000E00	3.9923938728E-04	6.6714431080E-04	5.3772991458E-02	1.1544494098E-01	2.9261117897E73	8.1159022452E-01	3.4124703742E-02	2.2420102444E59	3.3968839679E-02	3.2969133841E-02	3.3796843634E-02	3.2825956268E-02	7.7228161440E-02	
Swaption Value Analytic Multi-Curve Integrated-Expectation	4.5568920492E-01	4.8172313177E-01	3.6864585813E-01	3.5075600156E-01	3.5618765553E-01	3.5563300676E-01	3.3292715278E-01	3.4858983187E-01	3.4858983187E-01	3.4577309008E-01	4.8802907888E-02	4.8960835115E-02	4.8655645391E-02	4.8659101069E-02	4.9316741737E-02	4.8731470854E-02	4.8731470854E-02	4.8785865820E-02	3.6432213465E-01	3.4481772179E-01	3.3878025074E-01	3.3864329669E-01	3.3359620444E-01	7.1244787700E-04	2.8935696781E-03	3.9923938728E-04	0.0000000000E00	5.6775634114E-04	5.3719919844E-02	1.1560530886E-01	2.9261117897E73	8.1170733156E-01	3.3837675669E-02	2.2420102444E59	3.3681190012E-02	3.2677009023E-02	3.3509491624E-02	3.2534126943E-02	7.7302810890E-02	
Swaption Value Monte-Carlo Multi-Curve	4.5597567985E-01	4.8201012499E-01	3.6900111433E-01	3.5111527830E-01	3.5654714623E-01	3.5599294191E-01	3.3328820605E-01	3.4895034172E-01	3.4895034172E-01	3.4613403372E-01	4.8517691117E-02	4.8675473347E-02	4.8370637121E-02	4.8374112161E-02	4.9029801433E-02	4.8446338274E-02	4.8446338274E-02	4.8500740386E-02	3.6467055498E-01	3.4516846408E-01	3.3913597460E-01	3.3899963081E-01	3.3394682600E-01	5.6301516754E-04	2.6418439265E-03	6.6714431080E-04	5.6775634114E-04	0.0000000000E00	5.3930742485E-02	1.1582112974E-01	2.9261117897E73	8.1201564961E-01	3.3634465481E-02	2.2420102444E59	3.3479731833E-02	3.2482350978E-02	3.3308768164E-02	3.2339968553E-02	7.7640838935E-02	
Swaption Exercise Date	4.4646496522E-01	4.7236885188E-01	3.4869575374E-01	3.3129175865E-01	3.3524633755E-01	3.3456222723E-01	3.1179231148E-01	3.2737342094E-01	3.2737342094E-01	3.2457115636E-01	7.2536910063E-02	7.2721047735E-02	7.2420958511E-02	7.2418966388E-02	7.3145092158E-02	7.2483149763E-02	7.2483149763E-02	7.2526609581E-02	3.4430807580E-01	3.2483505875E-01	3.1779123615E-01	3.1754493489E-01	3.1305846751E-01	5.3731563573E-02	5.3749665959E-02	5.3772991458E-02	5.3719919844E-02	5.3930742485E-02	0.0000000000E00	1.3723692783E-01	2.9261117897E73	7.9902528083E-01	5.6472342155E-02	2.2420102444E59	5.6098208591E-02	5.5481755671E-02	5.5949513722E-02	5.5354389650E-02	4.0596513681E-02	
Swaption Number Of Periods	3.6960670619E-01	3.9505024844E-01	2.9887304410E-01	2.8169714350E-01	2.8984580107E-01	2.8958080524E-01	2.6821853340E-01	2.8312644098E-01	2.8312644098E-01	2.7987749335E-01	1.5704695453E-01	1.5717573187E-01	1.5689371806E-01	1.5690084542E-01	1.5740970350E-01	1.5696362225E-01	1.5696362225E-01	1.5699728760E-01	2.9423052062E-01	2.7620335994E-01	2.7108408613E-01	2.7118975000E-01	2.6563624301E-01	1.1614759449E-01	1.1810292154E-01	1.1544494098E-01	1.1560530886E-01	1.1582112974E-01	1.3723692783E-01	0.0000000000E00	2.9261117897E73	7.2345790659E-01	1.4332811732E-01	2.2420102444E59	1.4315029569E-01	1.4154071849E-01	1.4303431067E-01	1.4144732075E-01	1.2423096769E-01	
Numeraire Single-Curve	2.9261117897E73	2.9261117897E73	2.9261117897E73	2.9261117897E73	2.9261117897E73	2.9261117897E73	2.9261117897E73	2.9261117897E73	2.9261117897E73	2.9261117897E73	2.9261117897E73	2.9261117897E73	2.9261117897E73	2.9261117897E73	2.9261117897E73	2.9261117897E73	2.9261117897E73	2.9261117897E73	2.9261117897E73	2.9261117897E73	2.9261117897E73	2.9261117897E73	2.9261117897E73	2.9261117897E73	2.9261117897E73	2.9261117897E73	2.9261117897E73	2.9261117897E73	2.9261117897E73	2.9261117897E73	0.0000000000E00	2.9261117897E73	2.9261117897E73	2.9261117897E73	2.9261117897E73	2.9261117897E73	2.9261117897E73	2.9261117897E73	2.9261117897E73	
Discount Single-Curve	3.6136751638E-01	3.3571113090E-01	4.6803271547E-01	4.8326345775E-01	4.8507469348E-01	4.8618252189E-01	5.0609444715E-01	4.9241835587E-01	4.9241835587E-01	4.9354334046E-01	8.4954199743E-01	8.4970052200E-01	8.4936530916E-01	8.4937198674E-01	8.5000206383E-01	8.4944462950E-01	8.4944462950E-01	8.4948034916E-01	4.6194312840E-01	4.8063619973E-01	4.9034763804E-01	4.9059881068E-01	4.9369724383E-01	8.1230832935E-01	8.1412685708E-01	8.1159022452E-01	8.1170733156E-01	8.1201564961E-01	7.9902528083E-01	7.2345790659E-01	2.9261117897E73	0.0000000000E00	8.3258596732E-01	2.2420102444E59	8.3231203593E-01	8.3039141363E-01	8.3216882949E-01	8.3027679136E-01	7.6566517376E-01	
OIS Spot Rate Single-Curve	4.7543800820E-01	5.0153048142E-01	3.9044775775E-01	3.7249777295E-01	3.7798533587E-01	3.7743188791E-01	3.5463269241E-01	3.7033450541E-01	3.7033450541E-01	3.6738178252E-01	1.8945661715E-02	1.9126933611E-02	1.8780752846E-02	1.8784491451E-02	1.9549337263E-02	1.8866142586E-02	1.8866142586E-02	1.8918164034E-02	3.8437074783E-01	3.6487858610E-01	3.5907509548E-01	3.5881465963E-01	3.5396180803E-01	3.3433263043E-02	3.1444129495E-02	3.4124703742E-02	3.3837675669E-02	3.3634465481E-02	5.6472342155E-02	1.4332811732E-01	2.9261117897E73	8.3258596732E-01	0.0000000000E00	2.2420102444E59	6.4762195444E-04	2.3404227913E-03	6.7696064563E-04	2.4006720839E-03	9.1888586520E-02	
Numeraire Multi-Curve	2.2420102444E59	2.2420102444E59	2.2420102444E59	2.2420102444E59	2.2420102444E59	2.2420102444E59	2.2420102444E59	2.2420102444E59	2.2420102444E59	2.2420102444E59	2.2420102444E59	2.2420102444E59	2.2420102444E59	2.2420102444E59	2.2420102444E59	2.2420102444E59	2.2420102444E59	2.2420102444E59	2.2420102444E59	2.2420102444E59	2.2420102444E59	2.2420102444E59	2.2420102444E59	2.2420102444E59	2.2420102444E59	2.2420102444E59	2.2420102444E59	2.2420102444E59	2.2420102444E59	2.2420102444E59	2.9261117897E73	2.2420102444E59	2.2420102444E59	0.0000000000E00	2.2420102444E59	2.2420102444E59	2.2420102444E59	2.2420102444E59	2.2420102444E59	
OIS Spot Rate Multi-Curve	4.7517719198E-01	5.0126944389E-01	3.9013198625E-01	3.7219993098E-01	3.7766749688E-01	3.7711399251E-01	3.5431253439E-01	3.7001559625E-01	3.7001559625E-01	3.6705415943E-01	1.9252646442E-02	1.9437684186E-02	1.9088200290E-02	1.9091950195E-02	1.9856214748E-02	1.9173293223E-02	1.9173293223E-02	1.9223142712E-02	3.8405997505E-01	3.6457147723E-01	3.5875809719E-01	3.5849757309E-01	3.5364377091E-01	3.3278905031E-02	3.1298848010E-02	3.3968839679E-02	3.3681190012E-02	3.3479731833E-02	5.6098208591E-02	1.4315029569E-01	2.9261117897E73	8.3231203593E-01	6.4762195444E-04	2.2420102444E59	0.0000000000E00	2.0694089632E-03	3.9023721216E-04	2.1645624291E-03	9.1523865328E-02	
LIBOR Spot Rate Multi-Curve	4.7320263072E-01	4.9929558082E-01	3.8847074301E-01	3.7053387716E-01	3.7604814236E-01	3.7549914764E-01	3.5270177932E-01	3.6840358974E-01	3.6840358974E-01	3.6543165484E-01	2.0726840817E-02	2.0910182056E-02	2.0556959316E-02	2.0561425785E-02	2.1315099567E-02	2.0643076424E-02	2.0643076424E-02	2.0691190406E-02	3.8231025381E-01	3.6282703345E-01	3.5705165109E-01	3.5679039093E-01	3.5192575614E-01	3.2300864645E-02	3.0367598987E-02	3.2969133841E-02	3.2677009023E-02	3.2482350978E-02	5.5481755671E-02	1.4154071849E-01	2.9261117897E73	8.3039141363E-01	2.3404227913E-03	2.2420102444E59	2.0694089632E-03	0.0000000000E00	2.0183732566E-03	3.6999749960E-04	9.0569862278E-02	
OIS Forward Rate Multi-Curve	4.7504871584E-01	5.0114073728E-01	3.8995741309E-01	3.7202402522E-01	3.7748875803E-01	3.7693477080E-01	3.5413452658E-01	3.6983688208E-01	3.6983688208E-01	3.6688480826E-01	1.9445744666E-02	1.9630499423E-02	1.9281372855E-02	1.9285049758E-02	2.0050570814E-02	1.9366540282E-02	1.9366540282E-02	1.9418261071E-02	3.8390060082E-01	3.6441000410E-01	3.5859487323E-01	3.5833479176E-01	3.5348076982E-01	3.3107642640E-02	3.1127626152E-02	3.3796843634E-02	3.3509491624E-02	3.3308768164E-02	5.5949513722E-02	1.4303431067E-01	2.9261117897E73	8.3216882949E-01	6.7696064563E-04	2.2420102444E59	3.9023721216E-04	2.0183732566E-03	0.0000000000E00	2.0472352341E-03	9.1343941348E-02	
LIBOR Forward Rate Multi-Curve	4.7310081517E-01	4.9919357391E-01	3.8832786675E-01	3.7039009560E-01	3.7590143329E-01	3.7535201665E-01	3.5255556312E-01	3.6825682000E-01	3.6825682000E-01	3.6529408093E-01	2.0880558176E-02	2.1063768684E-02	2.0710771479E-02	2.0715177058E-02	2.1470082197E-02	2.0796948256E-02	2.0796948256E-02	2.0846797494E-02	3.8218097964E-01	3.6269583727E-01	3.5691872822E-01	3.5665787896E-01	3.5179299612E-01	3.2158296208E-02	3.0225189783E-02	3.2825956268E-02	3.2534126943E-02	3.2339968553E-02	5.5354389650E-02	1.4144732075E-01	2.9261117897E73	8.3027679136E-01	2.4006720839E-03	2.2420102444E59	2.1645624291E-03	3.6999749960E-04	2.0472352341E-03	0.0000000000E00	9.0417842597E-02	
Time	4.1646752606E-01	4.4216097139E-01	3.1110151195E-01	2.9389266436E-01	2.9723049169E-01	2.9649951570E-01	2.7378356664E-01	2.8932805545E-01	2.8932805545E-01	2.8668773105E-01	1.0963887884E-01	1.0982848435E-01	1.0950492451E-01	1.0950448918E-01	1.1026499985E-01	1.0957605651E-01	1.0957605651E-01	1.0962452827E-01	3.0895654678E-01	2.8952076764E-01	2.8172927181E-01	2.8154657473E-01	2.7716348296E-01	7.7570697021E-02	7.8619393985E-02	7.7228161440E-02	7.7302810890E-02	7.7640838935E-02	4.0596513681E-02	1.2423096769E-01	2.9261117897E73	7.6566517376E-01	9.1888586520E-02	2.2420102444E59	9.1523865328E-02	9.0569862278E-02	9.1343941348E-02	9.0417842597E-02	0.0000000000E00	
